"PreSens Measurement Studio 2","3.0.3.1703",""
"Date","Time","Channel","User","SensorID","Sensor_Name","delta_t","Time_Unit","Value","O2_Unit","Mode","Phase","Phase_Unit","Amplitude","Amplitude_Unit","Temp","Temp_Unit","Pressure","Pressure_Unit","Salinity","Salinity_Unit","Error","Cal0","Cal0_Unit","T0","T0_Unit","O2Cal2nd","O2_Unit","Cal2nd","Cal2nd_Unit","T2nd","T2nd_Unit","CalPressure","CalPressure_Unit","f1","dPhi1","dkSv1","dPhi2","dkSv2","m","Cal_Mode","SignalLEDCurrent","User_Signal_Intensity","ReferenceLEDCurrent","Reference_Amplitude","Device_Serial","FwVersion","SwVersion","Sensor_Type","BatchID","Calibration_Date","Sensor_Lot","PreSens_Calibr","Battery_Voltage","Battery_Voltage_Unit"
"06/11/2023","10:55:58","9","default","547630319","OXY_CH9","0.000","min","132.461","μmol/L","Humid","26.033","deg","149605","µV","26.756","°C","1017.000","hPa","35.9","pmil","0","55.690","deg","20.000","°C","100.000","%a.s.","22.400","deg","20.000","°C","962.000","hPa","0.861","-0.02617","0.00035","0","0","13.56","Humid","35.35","0","78.50","282815.84","SABD0002000014","AAV2.0.0.13","3.0.3.1703","PSt7-10","180509-002","9/13/2019 10:46:52 AM","0000-00","0","no battery","V"
"06/11/2023","10:55:59","9","default","547630319","OXY_CH9","0.025","min","132.383","μmol/L","Humid","26.038","deg","149566","µV","26.763","°C","1017.000","hPa","35.9","pmil","0","55.690","deg","20.000","°C","100.000","%a.s.","22.400","deg","20.000","°C","962.000","hPa","0.861","-0.02617","0.00035","0","0","13.56","Humid","35.35","0","78.50","282774.04","SABD0002000014","AAV2.0.0.13","3.0.3.1703","PSt7-10","180509-002","9/13/2019 10:46:52 AM","0000-00","0","no battery","V"
"06/11/2023","10:56:00","9","default","547630319","OXY_CH9","0.042","min","132.383","μmol/L","Humid","26.038","deg","149548","µV","26.763","°C","1017.000","hPa","35.9","pmil","0","55.690","deg","20.000","°C","100.000","%a.s.","22.400","deg","20.000","°C","962.000","hPa","0.861","-0.02617","0.00035","0","0","13.56","Humid","35.35","0","78.50","282723.46","SABD0002000014","AAV2.0.0.13","3.0.3.1703","PSt7-10","180509-002","9/13/2019 10:46:52 AM","0000-00","0","no battery","V"
"06/11/2023","10:56:01","9","default","547630319","OXY_CH9","0.058","min","132.429","μmol/L","Humid","26.036","deg","149547","µV","26.756","°C","1017.000","hPa","35.9","pmil","0","55.690","deg","20.000","°C","100.000","%a.s.","22.400","deg","20.000","°C","962.000","hPa","0.861","-0.02617","0.00035","0","0","13.56","Humid","35.35","0","78.50","282684.01","SABD0002000014","AAV2.0.0.13","3.0.3.1703","PSt7-10","180509-002","9/13/2019 10:46:52 AM","0000-00","0","no battery","V"
"06/11/2023","10:56:02","9","default","547630319","OXY_CH9","0.074","min","132.338","μmol/L","Humid","26.040","deg","149541","µV","26.769","°C","1017.000","hPa","35.9","pmil","0","55.690","deg","20.000","°C","100.000","%a.s.","22.400","deg","20.000","°C","962.000","hPa","0.861","-0.02617","0.00035","0","0","13.56","Humid","35.35","0","78.50","282665.42","SABD0002000014","AAV2.0.0.13","3.0.3.1703","PSt7-10","180509-002","9/13/2019 10:46:52 AM","0000-00","0","no battery","V"
"06/11/2023","10:56:03","9","default","547630319","OXY_CH9","0.091","min","132.354","μmol/L","Humid","26.043","deg","149528","µV","26.756","°C","1017.000","hPa","35.9","pmil","0","55.690","deg","20.000","°C","100.000","%a.s.","22.400","deg","20.000","°C","962.000","hPa","0.861","-0.02617","0.00035","0","0","13.56","Humid","35.35","0","78.50","282651.40","SABD0002000014","AAV2.0.0.13","3.0.3.1703","PSt7-10","180509-002","9/13/2019 10:46:52 AM","0000-00","0","no battery","V"
"06/11/2023","10:56:04","9","default","547630319","OXY_CH9","0.108","min","132.277","μmol/L","Humid","26.048","deg","149525","µV","26.763","°C","1017.000","hPa","35.9","pmil","0","55.690","deg","20.000","°C","100.000","%a.s.","22.400","deg","20.000","°C","962.000","hPa","0.861","-0.02617","0.00035","0","0","13.56","Humid","35.35","0","78.50","282648.12","SABD0002000014","AAV2.0.0.13","3.0.3.1703","PSt7-10","180509-002","9/13/2019 10:46:52 AM","0000-00","0","no battery","V"
"06/11/2023","10:56:05","9","default","547630319","OXY_CH9","0.125","min","132.279","μmol/L","Humid","26.050","deg","149547","µV","26.756","°C","1017.000","hPa","35.9","pmil","0","55.690","deg","20.000","°C","100.000","%a.s.","22.400","deg","20.000","°C","962.000","hPa","0.861","-0.02617","0.00035","0","0","13.56","Humid","35.35","0","78.50","282636.58","SABD0002000014","AAV2.0.0.13","3.0.3.1703","PSt7-10","180509-002","9/13/2019 10:46:52 AM","0000-00","0","no battery","V"
"06/11/2023","10:56:06","9","default","547630319","OXY_CH9","0.141","min","132.258","μmol/L","Humid","26.052","deg","149543","µV","26.756","°C","1017.000","hPa","35.9","pmil","0","55.690","deg","20.000","°C","100.000","%a.s.","22.400","deg","20.000","°C","962.000","hPa","0.861","-0.02617","0.00035","0","0","13.56","Humid","35.35","0","78.50","282631.04","SABD0002000014","AAV2.0.0.13","3.0.3.1703","PSt7-10","180509-002","9/13/2019 10:46:52 AM","0000-00","0","no battery","V"
"06/11/2023","10:56:07","9","default","547630319","OXY_CH9","0.158","min","132.216","μmol/L","Humid","26.056","deg","149547","µV","26.756","°C","1017.000","hPa","35.9","pmil","0","55.690","deg","20.000","°C","100.000","%a.s.","22.400","deg","20.000","°C","962.000","hPa","0.861","-0.02617","0.00035","0","0","13.56","Humid","35.35","0","78.50","282617.56","SABD0002000014","AAV2.0.0.13","3.0.3.1703","PSt7-10","180509-002","9/13/2019 10:46:52 AM","0000-00","0","no battery","V"
"06/11/2023","10:56:08","9","default","547630319","OXY_CH9","0.175","min","132.194","μmol/L","Humid","26.058","deg","149559","µV","26.756","°C","1017.000","hPa","35.9","pmil","0","55.690","deg","20.000","°C","100.000","%a.s.","22.400","deg","20.000","°C","962.000","hPa","0.861","-0.02617","0.00035","0","0","13.56","Humid","35.35","0","78.50","282605.84","SABD0002000014","AAV2.0.0.13","3.0.3.1703","PSt7-10","180509-002","9/13/2019 10:46:52 AM","0000-00","0","no battery","V"
"06/11/2023","10:56:09","9","default","547630319","OXY_CH9","0.192","min","132.170","μmol/L","Humid","26.058","deg","149570","µV","26.763","°C","1017.000","hPa","35.9","pmil","0","55.690","deg","20.000","°C","100.000","%a.s.","22.400","deg","20.000","°C","962.000","hPa","0.861","-0.02617","0.00035","0","0","13.56","Humid","35.35","0","78.50","282610.34","SABD0002000014","AAV2.0.0.13","3.0.3.1703","PSt7-10","180509-002","9/13/2019 10:46:52 AM","0000-00","0","no battery","V"
"06/11/2023","10:56:10","9","default","547630319","OXY_CH9","0.208","min","132.208","μmol/L","Humid","26.059","deg","149565","µV","26.750","°C","1017.000","hPa","35.9","pmil","0","55.690","deg","20.000","°C","100.000","%a.s.","22.400","deg","20.000","°C","962.000","hPa","0.861","-0.02617","0.00035","0","0","13.56","Humid","35.35","0","78.50","282598.10","SABD0002000014","AAV2.0.0.13","3.0.3.1703","PSt7-10","180509-002","9/13/2019 10:46:52 AM","0000-00","0","no battery","V"
"06/11/2023","10:56:11","9","default","547630319","OXY_CH9","0.225","min","132.141","μmol/L","Humid","26.063","deg","149585","µV","26.756","°C","1017.000","hPa","35.9","pmil","0","55.690","deg","20.000","°C","100.000","%a.s.","22.400","deg","20.000","°C","962.000","hPa","0.861","-0.02617","0.00035","0","0","13.56","Humid","35.35","0","78.50","282607.15","SABD0002000014","AAV2.0.0.13","3.0.3.1703","PSt7-10","180509-002","9/13/2019 10:46:52 AM","0000-00","0","no battery","V"
"06/11/2023","10:56:12","9","default","547630319","OXY_CH9","0.242","min","132.152","μmol/L","Humid","26.062","deg","149604","µV","26.756","°C","1017.000","hPa","35.9","pmil","0","55.690","deg","20.000","°C","100.000","%a.s.","22.400","deg","20.000","°C","962.000","hPa","0.861","-0.02617","0.00035","0","0","13.56","Humid","35.35","0","78.50","282603.60","SABD0002000014","AAV2.0.0.13","3.0.3.1703","PSt7-10","180509-002","9/13/2019 10:46:52 AM","0000-00","0","no battery","V"
"06/11/2023","10:56:13","9","default","547630319","OXY_CH9","0.259","min","132.109","μmol/L","Humid","26.066","deg","149595","µV","26.756","°C","1017.000","hPa","35.9","pmil","0","55.690","deg","20.000","°C","100.000","%a.s.","22.400","deg","20.000","°C","962.000","hPa","0.861","-0.02617","0.00035","0","0","13.56","Humid","35.35","0","78.50","282606.04","SABD0002000014","AAV2.0.0.13","3.0.3.1703","PSt7-10","180509-002","9/13/2019 10:46:52 AM","0000-00","0","no battery","V"
"06/11/2023","10:56:14","9","default","547630319","OXY_CH9","0.275","min","132.077","μmol/L","Humid","26.069","deg","149600","µV","26.756","°C","1017.000","hPa","35.9","pmil","0","55.690","deg","20.000","°C","100.000","%a.s.","22.400","deg","20.000","°C","962.000","hPa","0.861","-0.02617","0.00035","0","0","13.56","Humid","35.35","0","78.50","282589.55","SABD0002000014","AAV2.0.0.13","3.0.3.1703","PSt7-10","180509-002","9/13/2019 10:46:52 AM","0000-00","0","no battery","V"
"06/11/2023","10:56:15","9","default","547630319","OXY_CH9","0.292","min","132.056","μmol/L","Humid","26.071","deg","149610","µV","26.756","°C","1017.000","hPa","35.9","pmil","0","55.690","deg","20.000","°C","100.000","%a.s.","22.400","deg","20.000","°C","962.000","hPa","0.861","-0.02617","0.00035","0","0","13.56","Humid","35.35","0","78.50","282582.25","SABD0002000014","AAV2.0.0.13","3.0.3.1703","PSt7-10","180509-002","9/13/2019 10:46:52 AM","0000-00","0","no battery","V"
"06/11/2023","10:56:16","9","default","547630319","OXY_CH9","0.308","min","132.035","μmol/L","Humid","26.073","deg","149619","µV","26.756","°C","1017.000","hPa","35.9","pmil","0","55.690","deg","20.000","°C","100.000","%a.s.","22.400","deg","20.000","°C","962.000","hPa","0.861","-0.02617","0.00035","0","0","13.56","Humid","35.35","0","78.50","282584.56","SABD0002000014","AAV2.0.0.13","3.0.3.1703","PSt7-10","180509-002","9/13/2019 10:46:52 AM","0000-00","0","no battery","V"
"06/11/2023","10:56:17","9","default","547630319","OXY_CH9","0.325","min","132.000","μmol/L","Humid","26.074","deg","149627","µV","26.763","°C","1017.000","hPa","35.9","pmil","0","55.690","deg","20.000","°C","100.000","%a.s.","22.400","deg","20.000","°C","962.000","hPa","0.861","-0.02617","0.00035","0","0","13.56","Humid","35.35","0","78.50","282577.48","SABD0002000014","AAV2.0.0.13","3.0.3.1703","PSt7-10","180509-002","9/13/2019 10:46:52 AM","0000-00","0","no battery","V"
"06/11/2023","10:56:18","9","default","547630319","OXY_CH9","0.342","min","131.968","μmol/L","Humid","26.077","deg","149644","µV","26.763","°C","1017.000","hPa","35.9","pmil","0","55.690","deg","20.000","°C","100.000","%a.s.","22.400","deg","20.000","°C","962.000","hPa","0.861","-0.02617","0.00035","0","0","13.56","Humid","35.35","0","78.50","282577.92","SABD0002000014","AAV2.0.0.13","3.0.3.1703","PSt7-10","180509-002","9/13/2019 10:46:52 AM","0000-00","0","no battery","V"
"06/11/2023","10:56:19","9","default","547630319","OXY_CH9","0.358","min","131.960","μmol/L","Humid","26.080","deg","149648","µV","26.756","°C","1017.000","hPa","35.9","pmil","0","55.690","deg","20.000","°C","100.000","%a.s.","22.400","deg","20.000","°C","962.000","hPa","0.861","-0.02617","0.00035","0","0","13.56","Humid","35.35","0","78.50","282555.23","SABD0002000014","AAV2.0.0.13","3.0.3.1703","PSt7-10","180509-002","9/13/2019 10:46:52 AM","0000-00","0","no battery","V"
"06/11/2023","10:56:20","9","default","547630319","OXY_CH9","0.375","min","131.905","μmol/L","Humid","26.083","deg","149645","µV","26.763","°C","1017.000","hPa","35.9","pmil","0","55.690","deg","20.000","°C","100.000","%a.s.","22.400","deg","20.000","°C","962.000","hPa","0.861","-0.02617","0.00035","0","0","13.56","Humid","35.35","0","78.50","282565.80","SABD0002000014","AAV2.0.0.13","3.0.3.1703","PSt7-10","180509-002","9/13/2019 10:46:52 AM","0000-00","0","no battery","V"
"06/11/2023","10:56:21","9","default","547630319","OXY_CH9","0.392","min","131.918","μmol/L","Humid","26.084","deg","149655","µV","26.756","°C","1017.000","hPa","35.9","pmil","0","55.690","deg","20.000","°C","100.000","%a.s.","22.400","deg","20.000","°C","962.000","hPa","0.861","-0.02617","0.00035","0","0","13.56","Humid","35.35","0","78.50","282563.21","SABD0002000014","AAV2.0.0.13","3.0.3.1703","PSt7-10","180509-002","9/13/2019 10:46:52 AM","0000-00","0","no battery","V"
"06/11/2023","10:56:22","9","default","547630319","OXY_CH9","0.408","min","131.921","μmol/L","Humid","26.086","deg","149656","µV","26.750","°C","1017.000","hPa","35.9","pmil","0","55.690","deg","20.000","°C","100.000","%a.s.","22.400","deg","20.000","°C","962.000","hPa","0.861","-0.02617","0.00035","0","0","13.56","Humid","35.35","0","78.50","282563.68","SABD0002000014","AAV2.0.0.13","3.0.3.1703","PSt7-10","180509-002","9/13/2019 10:46:52 AM","0000-00","0","no battery","V"
"06/11/2023","10:56:23","9","default","547630319","OXY_CH9","0.425","min","131.897","μmol/L","Humid","26.086","deg","149667","µV","26.756","°C","1017.000","hPa","35.9","pmil","0","55.690","deg","20.000","°C","100.000","%a.s.","22.400","deg","20.000","°C","962.000","hPa","0.861","-0.02617","0.00035","0","0","13.56","Humid","35.35","0","78.50","282555.96","SABD0002000014","AAV2.0.0.13","3.0.3.1703","PSt7-10","180509-002","9/13/2019 10:46:52 AM","0000-00","0","no battery","V"
"06/11/2023","10:56:24","9","default","547630319","OXY_CH9","0.442","min","131.886","μmol/L","Humid","26.087","deg","149662","µV","26.756","°C","1017.000","hPa","35.9","pmil","0","55.690","deg","20.000","°C","100.000","%a.s.","22.400","deg","20.000","°C","962.000","hPa","0.861","-0.02617","0.00035","0","0","13.56","Humid","35.35","0","78.50","282550.26","SABD0002000014","AAV2.0.0.13","3.0.3.1703","PSt7-10","180509-002","9/13/2019 10:46:52 AM","0000-00","0","no battery","V"
"06/11/2023","10:56:25","9","default","547630319","OXY_CH9","0.459","min","131.854","μmol/L","Humid","26.090","deg","149681","µV","26.756","°C","1017.000","hPa","35.9","pmil","0","55.690","deg","20.000","°C","100.000","%a.s.","22.400","deg","20.000","°C","962.000","hPa","0.861","-0.02617","0.00035","0","0","13.56","Humid","35.35","0","78.50","282560.45","SABD0002000014","AAV2.0.0.13","3.0.3.1703","PSt7-10","180509-002","9/13/2019 10:46:52 AM","0000-00","0","no battery","V"
"06/11/2023","10:56:26","9","default","547630319","OXY_CH9","0.475","min","131.833","μmol/L","Humid","26.092","deg","149676","µV","26.756","°C","1017.000","hPa","35.9","pmil","0","55.690","deg","20.000","°C","100.000","%a.s.","22.400","deg","20.000","°C","962.000","hPa","0.861","-0.02617","0.00035","0","0","13.56","Humid","35.35","0","78.50","282557.99","SABD0002000014","AAV2.0.0.13","3.0.3.1703","PSt7-10","180509-002","9/13/2019 10:46:52 AM","0000-00","0","no battery","V"
"06/11/2023","10:56:27","9","default","547630319","OXY_CH9","0.492","min","131.820","μmol/L","Humid","26.091","deg","149685","µV","26.763","°C","1017.000","hPa","35.9","pmil","0","55.690","deg","20.000","°C","100.000","%a.s.","22.400","deg","20.000","°C","962.000","hPa","0.861","-0.02617","0.00035","0","0","13.56","Humid","35.35","0","78.50","282546.50","SABD0002000014","AAV2.0.0.13","3.0.3.1703","PSt7-10","180509-002","9/13/2019 10:46:52 AM","0000-00","0","no battery","V"
"06/11/2023","10:56:28","9","default","547630319","OXY_CH9","0.508","min","131.812","μmol/L","Humid","26.094","deg","149687","µV","26.756","°C","1017.000","hPa","35.9","pmil","0","55.690","deg","20.000","°C","100.000","%a.s.","22.400","deg","20.000","°C","962.000","hPa","0.861","-0.02617","0.00035","0","0","13.56","Humid","35.35","0","78.50","282544.76","SABD0002000014","AAV2.0.0.13","3.0.3.1703","PSt7-10","180509-002","9/13/2019 10:46:52 AM","0000-00","0","no battery","V"
"06/11/2023","10:56:29","9","default","547630319","OXY_CH9","0.525","min","131.825","μmol/L","Humid","26.095","deg","149698","µV","26.750","°C","1017.000","hPa","35.9","pmil","0","55.690","deg","20.000","°C","100.000","%a.s.","22.400","deg","20.000","°C","962.000","hPa","0.861","-0.02617","0.00035","0","0","13.56","Humid","35.35","0","78.50","282543.26","SABD0002000014","AAV2.0.0.13","3.0.3.1703","PSt7-10","180509-002","9/13/2019 10:46:52 AM","0000-00","0","no battery","V"
"06/11/2023","10:56:30","9","default","547630319","OXY_CH9","0.542","min","131.801","μmol/L","Humid","26.095","deg","149695","µV","26.756","°C","1017.000","hPa","35.9","pmil","0","55.690","deg","20.000","°C","100.000","%a.s.","22.400","deg","20.000","°C","962.000","hPa","0.861","-0.02617","0.00035","0","0","13.56","Humid","35.35","0","78.50","282542.44","SABD0002000014","AAV2.0.0.13","3.0.3.1703","PSt7-10","180509-002","9/13/2019 10:46:52 AM","0000-00","0","no battery","V"
"06/11/2023","10:56:31","9","default","547630319","OXY_CH9","0.558","min","131.780","μmol/L","Humid","26.097","deg","149699","µV","26.756","°C","1017.000","hPa","35.9","pmil","0","55.690","deg","20.000","°C","100.000","%a.s.","22.400","deg","20.000","°C","962.000","hPa","0.861","-0.02617","0.00035","0","0","13.56","Humid","35.35","0","78.50","282547.59","SABD0002000014","AAV2.0.0.13","3.0.3.1703","PSt7-10","180509-002","9/13/2019 10:46:52 AM","0000-00","0","no battery","V"
"06/11/2023","10:56:32","9","default","547630319","OXY_CH9","0.575","min","131.748","μmol/L","Humid","26.100","deg","149701","µV","26.756","°C","1017.000","hPa","35.9","pmil","0","55.690","deg","20.000","°C","100.000","%a.s.","22.400","deg","20.000","°C","962.000","hPa","0.861","-0.02617","0.00035","0","0","13.56","Humid","35.35","0","78.50","282541.50","SABD0002000014","AAV2.0.0.13","3.0.3.1703","PSt7-10","180509-002","9/13/2019 10:46:52 AM","0000-00","0","no battery","V"
"06/11/2023","10:56:33","9","default","547630319","OXY_CH9","0.591","min","131.748","μmol/L","Humid","26.100","deg","149706","µV","26.756","°C","1017.000","hPa","35.9","pmil","0","55.690","deg","20.000","°C","100.000","%a.s.","22.400","deg","20.000","°C","962.000","hPa","0.861","-0.02617","0.00035","0","0","13.56","Humid","35.35","0","78.50","282534.00","SABD0002000014","AAV2.0.0.13","3.0.3.1703","PSt7-10","180509-002","9/13/2019 10:46:52 AM","0000-00","0","no battery","V"
"06/11/2023","10:56:34","9","default","547630319","OXY_CH9","0.608","min","131.727","μmol/L","Humid","26.102","deg","149715","µV","26.756","°C","1017.000","hPa","35.9","pmil","0","55.690","deg","20.000","°C","100.000","%a.s.","22.400","deg","20.000","°C","962.000","hPa","0.861","-0.02617","0.00035","0","0","13.56","Humid","35.35","0","78.50","282527.12","SABD0002000014","AAV2.0.0.13","3.0.3.1703","PSt7-10","180509-002","9/13/2019 10:46:52 AM","0000-00","0","no battery","V"
"06/11/2023","10:56:35","9","default","547630319","OXY_CH9","0.625","min","131.682","μmol/L","Humid","26.104","deg","149727","µV","26.763","°C","1017.000","hPa","35.9","pmil","0","55.690","deg","20.000","°C","100.000","%a.s.","22.400","deg","20.000","°C","962.000","hPa","0.861","-0.02617","0.00035","0","0","13.56","Humid","35.35","0","78.50","282539.15","SABD0002000014","AAV2.0.0.13","3.0.3.1703","PSt7-10","180509-002","9/13/2019 10:46:52 AM","0000-00","0","no battery","V"
"06/11/2023","10:56:36","9","default","547630319","OXY_CH9","0.641","min","131.727","μmol/L","Humid","26.102","deg","149718","µV","26.756","°C","1017.000","hPa","35.9","pmil","0","55.690","deg","20.000","°C","100.000","%a.s.","22.400","deg","20.000","°C","962.000","hPa","0.861","-0.02617","0.00035","0","0","13.56","Humid","35.35","0","78.50","282512.49","SABD0002000014","AAV2.0.0.13","3.0.3.1703","PSt7-10","180509-002","9/13/2019 10:46:52 AM","0000-00","0","no battery","V"
"06/11/2023","10:56:37","9","default","547630319","OXY_CH9","0.658","min","131.695","μmol/L","Humid","26.105","deg","149726","µV","26.756","°C","1017.000","hPa","35.9","pmil","0","55.690","deg","20.000","°C","100.000","%a.s.","22.400","deg","20.000","°C","962.000","hPa","0.861","-0.02617","0.00035","0","0","13.56","Humid","35.35","0","78.50","282515.86","SABD0002000014","AAV2.0.0.13","3.0.3.1703","PSt7-10","180509-002","9/13/2019 10:46:52 AM","0000-00","0","no battery","V"
"06/11/2023","10:56:38","9","default","547630319","OXY_CH9","0.675","min","131.661","μmol/L","Humid","26.106","deg","149726","µV","26.763","°C","1017.000","hPa","35.9","pmil","0","55.690","deg","20.000","°C","100.000","%a.s.","22.400","deg","20.000","°C","962.000","hPa","0.861","-0.02617","0.00035","0","0","13.56","Humid","35.35","0","78.50","282519.71","SABD0002000014","AAV2.0.0.13","3.0.3.1703","PSt7-10","180509-002","9/13/2019 10:46:52 AM","0000-00","0","no battery","V"
"06/11/2023","10:56:39","9","default","547630319","OXY_CH9","0.692","min","131.666","μmol/L","Humid","26.110","deg","149731","µV","26.750","°C","1017.000","hPa","35.9","pmil","0","55.690","deg","20.000","°C","100.000","%a.s.","22.400","deg","20.000","°C","962.000","hPa","0.861","-0.02617","0.00035","0","0","13.56","Humid","35.35","0","78.50","282518.99","SABD0002000014","AAV2.0.0.13","3.0.3.1703","PSt7-10","180509-002","9/13/2019 10:46:52 AM","0000-00","0","no battery","V"
"06/11/2023","10:56:40","9","default","547630319","OXY_CH9","0.708","min","131.632","μmol/L","Humid","26.111","deg","149736","µV","26.756","°C","1017.000","hPa","35.9","pmil","0","55.690","deg","20.000","°C","100.000","%a.s.","22.400","deg","20.000","°C","962.000","hPa","0.861","-0.02617","0.00035","0","0","13.56","Humid","35.35","0","78.50","282515.02","SABD0002000014","AAV2.0.0.13","3.0.3.1703","PSt7-10","180509-002","9/13/2019 10:46:52 AM","0000-00","0","no battery","V"
"06/11/2023","10:56:41","9","default","547630319","OXY_CH9","0.725","min","131.629","μmol/L","Humid","26.109","deg","149728","µV","26.763","°C","1017.000","hPa","35.9","pmil","0","55.690","deg","20.000","°C","100.000","%a.s.","22.400","deg","20.000","°C","962.000","hPa","0.861","-0.02617","0.00035","0","0","13.56","Humid","35.35","0","78.50","282496.58","SABD0002000014","AAV2.0.0.13","3.0.3.1703","PSt7-10","180509-002","9/13/2019 10:46:52 AM","0000-00","0","no battery","V"
"06/11/2023","10:56:42","9","default","547630319","OXY_CH9","0.742","min","131.589","μmol/L","Humid","26.115","deg","149731","µV","26.756","°C","1017.000","hPa","35.9","pmil","0","55.690","deg","20.000","°C","100.000","%a.s.","22.400","deg","20.000","°C","962.000","hPa","0.861","-0.02617","0.00035","0","0","13.56","Humid","35.35","0","78.50","282508.77","SABD0002000014","AAV2.0.0.13","3.0.3.1703","PSt7-10","180509-002","9/13/2019 10:46:52 AM","0000-00","0","no battery","V"
"06/11/2023","10:56:43","9","default","547630319","OXY_CH9","0.758","min","131.600","μmol/L","Humid","26.114","deg","149735","µV","26.756","°C","1017.000","hPa","35.9","pmil","0","55.690","deg","20.000","°C","100.000","%a.s.","22.400","deg","20.000","°C","962.000","hPa","0.861","-0.02617","0.00035","0","0","13.56","Humid","35.35","0","78.50","282503.98","SABD0002000014","AAV2.0.0.13","3.0.3.1703","PSt7-10","180509-002","9/13/2019 10:46:52 AM","0000-00","0","no battery","V"
"06/11/2023","10:56:44","9","default","547630319","OXY_CH9","0.775","min","131.611","μmol/L","Humid","26.113","deg","149738","µV","26.756","°C","1017.000","hPa","35.9","pmil","0","55.690","deg","20.000","°C","100.000","%a.s.","22.400","deg","20.000","°C","962.000","hPa","0.861","-0.02617","0.00035","0","0","13.56","Humid","35.35","0","78.50","282491.29","SABD0002000014","AAV2.0.0.13","3.0.3.1703","PSt7-10","180509-002","9/13/2019 10:46:52 AM","0000-00","0","no battery","V"
"06/11/2023","10:56:45","9","default","547630319","OXY_CH9","0.792","min","131.634","μmol/L","Humid","26.113","deg","149743","µV","26.750","°C","1017.000","hPa","35.9","pmil","0","55.690","deg","20.000","°C","100.000","%a.s.","22.400","deg","20.000","°C","962.000","hPa","0.861","-0.02617","0.00035","0","0","13.56","Humid","35.35","0","78.50","282492.69","SABD0002000014","AAV2.0.0.13","3.0.3.1703","PSt7-10","180509-002","9/13/2019 10:46:52 AM","0000-00","0","no battery","V"
"06/11/2023","10:56:46","9","default","547630319","OXY_CH9","0.808","min","131.621","μmol/L","Humid","26.112","deg","149741","µV","26.756","°C","1017.000","hPa","35.9","pmil","0","55.690","deg","20.000","°C","100.000","%a.s.","22.400","deg","20.000","°C","962.000","hPa","0.861","-0.02617","0.00035","0","0","13.56","Humid","35.35","0","78.50","282495.70","SABD0002000014","AAV2.0.0.13","3.0.3.1703","PSt7-10","180509-002","9/13/2019 10:46:52 AM","0000-00","0","no battery","V"
"06/11/2023","10:56:47","9","default","547630319","OXY_CH9","0.825","min","131.603","μmol/L","Humid","26.116","deg","149742","µV","26.750","°C","1017.000","hPa","35.9","pmil","0","55.690","deg","20.000","°C","100.000","%a.s.","22.400","deg","20.000","°C","962.000","hPa","0.861","-0.02617","0.00035","0","0","13.56","Humid","35.35","0","78.50","282490.14","SABD0002000014","AAV2.0.0.13","3.0.3.1703","PSt7-10","180509-002","9/13/2019 10:46:52 AM","0000-00","0","no battery","V"
"06/11/2023","10:56:48","9","default","547630319","OXY_CH9","0.841","min","131.603","μmol/L","Humid","26.116","deg","149743","µV","26.750","°C","1017.000","hPa","35.9","pmil","0","55.690","deg","20.000","°C","100.000","%a.s.","22.400","deg","20.000","°C","962.000","hPa","0.861","-0.02617","0.00035","0","0","13.56","Humid","35.35","0","78.50","282489.44","SABD0002000014","AAV2.0.0.13","3.0.3.1703","PSt7-10","180509-002","9/13/2019 10:46:52 AM","0000-00","0","no battery","V"
"06/11/2023","10:56:49","9","default","547630319","OXY_CH9","0.858","min","131.624","μmol/L","Humid","26.114","deg","149745","µV","26.750","°C","1017.000","hPa","35.9","pmil","0","55.690","deg","20.000","°C","100.000","%a.s.","22.400","deg","20.000","°C","962.000","hPa","0.861","-0.02617","0.00035","0","0","13.56","Humid","35.35","0","78.50","282485.11","SABD0002000014","AAV2.0.0.13","3.0.3.1703","PSt7-10","180509-002","9/13/2019 10:46:52 AM","0000-00","0","no battery","V"
"06/11/2023","10:56:50","9","default","547630319","OXY_CH9","0.875","min","131.613","μmol/L","Humid","26.115","deg","149744","µV","26.750","°C","1017.000","hPa","35.9","pmil","0","55.690","deg","20.000","°C","100.000","%a.s.","22.400","deg","20.000","°C","962.000","hPa","0.861","-0.02617","0.00035","0","0","13.56","Humid","35.35","0","78.50","282482.87","SABD0002000014","AAV2.0.0.13","3.0.3.1703","PSt7-10","180509-002","9/13/2019 10:46:52 AM","0000-00","0","no battery","V"
"06/11/2023","10:56:51","9","default","547630319","OXY_CH9","0.891","min","131.582","μmol/L","Humid","26.118","deg","149739","µV","26.750","°C","1017.000","hPa","35.9","pmil","0","55.690","deg","20.000","°C","100.000","%a.s.","22.400","deg","20.000","°C","962.000","hPa","0.861","-0.02617","0.00035","0","0","13.56","Humid","35.35","0","78.50","282477.92","SABD0002000014","AAV2.0.0.13","3.0.3.1703","PSt7-10","180509-002","9/13/2019 10:46:52 AM","0000-00","0","no battery","V"
"06/11/2023","10:56:52","9","default","547630319","OXY_CH9","0.908","min","131.582","μmol/L","Humid","26.118","deg","149744","µV","26.750","°C","1017.000","hPa","35.9","pmil","0","55.690","deg","20.000","°C","100.000","%a.s.","22.400","deg","20.000","°C","962.000","hPa","0.861","-0.02617","0.00035","0","0","13.56","Humid","35.35","0","78.50","282479.09","SABD0002000014","AAV2.0.0.13","3.0.3.1703","PSt7-10","180509-002","9/13/2019 10:46:52 AM","0000-00","0","no battery","V"
"06/11/2023","10:56:53","9","default","547630319","OXY_CH9","0.925","min","131.571","μmol/L","Humid","26.119","deg","149738","µV","26.750","°C","1017.000","hPa","35.9","pmil","0","55.690","deg","20.000","°C","100.000","%a.s.","22.400","deg","20.000","°C","962.000","hPa","0.861","-0.02617","0.00035","0","0","13.56","Humid","35.35","0","78.50","282474.61","SABD0002000014","AAV2.0.0.13","3.0.3.1703","PSt7-10","180509-002","9/13/2019 10:46:52 AM","0000-00","0","no battery","V"
"06/11/2023","10:56:54","9","default","547630319","OXY_CH9","0.942","min","131.560","μmol/L","Humid","26.120","deg","149739","µV","26.750","°C","1017.000","hPa","35.9","pmil","0","55.690","deg","20.000","°C","100.000","%a.s.","22.400","deg","20.000","°C","962.000","hPa","0.861","-0.02617","0.00035","0","0","13.56","Humid","35.35","0","78.50","282473.43","SABD0002000014","AAV2.0.0.13","3.0.3.1703","PSt7-10","180509-002","9/13/2019 10:46:52 AM","0000-00","0","no battery","V"
"06/11/2023","10:56:55","9","default","547630319","OXY_CH9","0.958","min","131.571","μmol/L","Humid","26.119","deg","149735","µV","26.750","°C","1017.000","hPa","35.9","pmil","0","55.690","deg","20.000","°C","100.000","%a.s.","22.400","deg","20.000","°C","962.000","hPa","0.861","-0.02617","0.00035","0","0","13.56","Humid","35.35","0","78.50","282460.23","SABD0002000014","AAV2.0.0.13","3.0.3.1703","PSt7-10","180509-002","9/13/2019 10:46:52 AM","0000-00","0","no battery","V"
"06/11/2023","10:56:56","9","default","547630319","OXY_CH9","0.975","min","131.547","μmol/L","Humid","26.119","deg","149744","µV","26.756","°C","1017.000","hPa","35.9","pmil","0","55.690","deg","20.000","°C","100.000","%a.s.","22.400","deg","20.000","°C","962.000","hPa","0.861","-0.02617","0.00035","0","0","13.56","Humid","35.35","0","78.50","282486.59","SABD0002000014","AAV2.0.0.13","3.0.3.1703","PSt7-10","180509-002","9/13/2019 10:46:52 AM","0000-00","0","no battery","V"
"06/11/2023","10:56:57","9","default","547630319","OXY_CH9","0.991","min","131.539","μmol/L","Humid","26.122","deg","149741","µV","26.750","°C","1017.000","hPa","35.9","pmil","0","55.690","deg","20.000","°C","100.000","%a.s.","22.400","deg","20.000","°C","962.000","hPa","0.861","-0.02617","0.00035","0","0","13.56","Humid","35.35","0","78.50","282465.51","SABD0002000014","AAV2.0.0.13","3.0.3.1703","PSt7-10","180509-002","9/13/2019 10:46:52 AM","0000-00","0","no battery","V"
"06/11/2023","10:56:58","9","default","547630319","OXY_CH9","1.008","min","131.574","μmol/L","Humid","26.121","deg","149749","µV","26.744","°C","1017.000","hPa","35.9","pmil","0","55.690","deg","20.000","°C","100.000","%a.s.","22.400","deg","20.000","°C","962.000","hPa","0.861","-0.02617","0.00035","0","0","13.56","Humid","35.35","0","78.50","282461.13","SABD0002000014","AAV2.0.0.13","3.0.3.1703","PSt7-10","180509-002","9/13/2019 10:46:52 AM","0000-00","0","no battery","V"
"06/11/2023","10:56:59","9","default","547630319","OXY_CH9","1.025","min","131.526","μmol/L","Humid","26.121","deg","149749","µV","26.756","°C","1017.000","hPa","35.9","pmil","0","55.690","deg","20.000","°C","100.000","%a.s.","22.400","deg","20.000","°C","962.000","hPa","0.861","-0.02617","0.00035","0","0","13.56","Humid","35.35","0","78.50","282454.51","SABD0002000014","AAV2.0.0.13","3.0.3.1703","PSt7-10","180509-002","9/13/2019 10:46:52 AM","0000-00","0","no battery","V"
"06/11/2023","10:57:00","9","default","547630319","OXY_CH9","1.041","min","131.542","μmol/L","Humid","26.124","deg","149737","µV","26.744","°C","1017.000","hPa","35.9","pmil","0","55.690","deg","20.000","°C","100.000","%a.s.","22.400","deg","20.000","°C","962.000","hPa","0.861","-0.02617","0.00035","0","0","13.56","Humid","35.35","0","78.50","282455.75","SABD0002000014","AAV2.0.0.13","3.0.3.1703","PSt7-10","180509-002","9/13/2019 10:46:52 AM","0000-00","0","no battery","V"
"06/11/2023","10:57:01","9","default","547630319","OXY_CH9","1.058","min","131.518","μmol/L","Humid","26.124","deg","149740","µV","26.750","°C","1017.000","hPa","35.9","pmil","0","55.690","deg","20.000","°C","100.000","%a.s.","22.400","deg","20.000","°C","962.000","hPa","0.861","-0.02617","0.00035","0","0","13.56","Humid","35.35","0","78.50","282446.33","SABD0002000014","AAV2.0.0.13","3.0.3.1703","PSt7-10","180509-002","9/13/2019 10:46:52 AM","0000-00","0","no battery","V"
"06/11/2023","10:57:02","9","default","547630319","OXY_CH9","1.075","min","131.584","μmol/L","Humid","26.120","deg","149744","µV","26.744","°C","1017.000","hPa","35.9","pmil","0","55.690","deg","20.000","°C","100.000","%a.s.","22.400","deg","20.000","°C","962.000","hPa","0.861","-0.02617","0.00035","0","0","13.56","Humid","35.35","0","78.50","282456.07","SABD0002000014","AAV2.0.0.13","3.0.3.1703","PSt7-10","180509-002","9/13/2019 10:46:52 AM","0000-00","0","no battery","V"
"06/11/2023","10:57:03","9","default","547630319","OXY_CH9","1.091","min","131.563","μmol/L","Humid","26.122","deg","149734","µV","26.744","°C","1017.000","hPa","35.9","pmil","0","55.690","deg","20.000","°C","100.000","%a.s.","22.400","deg","20.000","°C","962.000","hPa","0.861","-0.02617","0.00035","0","0","13.56","Humid","35.35","0","78.50","282459.16","SABD0002000014","AAV2.0.0.13","3.0.3.1703","PSt7-10","180509-002","9/13/2019 10:46:52 AM","0000-00","0","no battery","V"
"06/11/2023","10:57:04","9","default","547630319","OXY_CH9","1.108","min","131.518","μmol/L","Humid","26.124","deg","149734","µV","26.750","°C","1017.000","hPa","35.9","pmil","0","55.690","deg","20.000","°C","100.000","%a.s.","22.400","deg","20.000","°C","962.000","hPa","0.861","-0.02617","0.00035","0","0","13.56","Humid","35.35","0","78.50","282443.43","SABD0002000014","AAV2.0.0.13","3.0.3.1703","PSt7-10","180509-002","9/13/2019 10:46:52 AM","0000-00","0","no battery","V"
"06/11/2023","10:57:05","9","default","547630319","OXY_CH9","1.125","min","131.507","μmol/L","Humid","26.125","deg","149730","µV","26.750","°C","1017.000","hPa","35.9","pmil","0","55.690","deg","20.000","°C","100.000","%a.s.","22.400","deg","20.000","°C","962.000","hPa","0.861","-0.02617","0.00035","0","0","13.56","Humid","35.35","0","78.50","282441.19","SABD0002000014","AAV2.0.0.13","3.0.3.1703","PSt7-10","180509-002","9/13/2019 10:46:52 AM","0000-00","0","no battery","V"
"06/11/2023","10:57:06","9","default","547630319","OXY_CH9","1.142","min","131.507","μmol/L","Humid","26.125","deg","149737","µV","26.750","°C","1017.000","hPa","35.9","pmil","0","55.690","deg","20.000","°C","100.000","%a.s.","22.400","deg","20.000","°C","962.000","hPa","0.861","-0.02617","0.00035","0","0","13.56","Humid","35.35","0","78.50","282448.82","SABD0002000014","AAV2.0.0.13","3.0.3.1703","PSt7-10","180509-002","9/13/2019 10:46:52 AM","0000-00","0","no battery","V"
"06/11/2023","10:57:07","9","default","547630319","OXY_CH9","1.158","min","131.484","μmol/L","Humid","26.125","deg","149731","µV","26.756","°C","1017.000","hPa","35.9","pmil","0","55.690","deg","20.000","°C","100.000","%a.s.","22.400","deg","20.000","°C","962.000","hPa","0.861","-0.02617","0.00035","0","0","13.56","Humid","35.35","0","78.50","282430.67","SABD0002000014","AAV2.0.0.13","3.0.3.1703","PSt7-10","180509-002","9/13/2019 10:46:52 AM","0000-00","0","no battery","V"
"06/11/2023","10:57:08","9","default","547630319","OXY_CH9","1.175","min","131.518","μmol/L","Humid","26.124","deg","149733","µV","26.750","°C","1017.000","hPa","35.9","pmil","0","55.690","deg","20.000","°C","100.000","%a.s.","22.400","deg","20.000","°C","962.000","hPa","0.861","-0.02617","0.00035","0","0","13.56","Humid","35.35","0","78.50","282449.00","SABD0002000014","AAV2.0.0.13","3.0.3.1703","PSt7-10","180509-002","9/13/2019 10:46:52 AM","0000-00","0","no battery","V"
"06/11/2023","10:57:09","9","default","547630319","OXY_CH9","1.192","min","131.507","μmol/L","Humid","26.125","deg","149734","µV","26.750","°C","1017.000","hPa","35.9","pmil","0","55.690","deg","20.000","°C","100.000","%a.s.","22.400","deg","20.000","°C","962.000","hPa","0.861","-0.02617","0.00035","0","0","13.56","Humid","35.35","0","78.50","282435.87","SABD0002000014","AAV2.0.0.13","3.0.3.1703","PSt7-10","180509-002","9/13/2019 10:46:52 AM","0000-00","0","no battery","V"
"06/11/2023","10:57:10","9","default","547630319","OXY_CH9","1.208","min","131.531","μmol/L","Humid","26.125","deg","149728","µV","26.744","°C","1017.000","hPa","35.9","pmil","0","55.690","deg","20.000","°C","100.000","%a.s.","22.400","deg","20.000","°C","962.000","hPa","0.861","-0.02617","0.00035","0","0","13.56","Humid","35.35","0","78.50","282430.17","SABD0002000014","AAV2.0.0.13","3.0.3.1703","PSt7-10","180509-002","9/13/2019 10:46:52 AM","0000-00","0","no battery","V"
"06/11/2023","10:57:11","9","default","547630319","OXY_CH9","1.225","min","131.542","μmol/L","Humid","26.124","deg","149730","µV","26.744","°C","1017.000","hPa","35.9","pmil","0","55.690","deg","20.000","°C","100.000","%a.s.","22.400","deg","20.000","°C","962.000","hPa","0.861","-0.02617","0.00035","0","0","13.56","Humid","35.35","0","78.50","282434.38","SABD0002000014","AAV2.0.0.13","3.0.3.1703","PSt7-10","180509-002","9/13/2019 10:46:52 AM","0000-00","0","no battery","V"
"06/11/2023","10:57:12","9","default","547630319","OXY_CH9","1.242","min","131.529","μmol/L","Humid","26.123","deg","149722","µV","26.750","°C","1017.000","hPa","35.9","pmil","0","55.690","deg","20.000","°C","100.000","%a.s.","22.400","deg","20.000","°C","962.000","hPa","0.861","-0.02617","0.00035","0","0","13.56","Humid","35.35","0","78.50","282437.65","SABD0002000014","AAV2.0.0.13","3.0.3.1703","PSt7-10","180509-002","9/13/2019 10:46:52 AM","0000-00","0","no battery","V"
"06/11/2023","10:57:13","9","default","547630319","OXY_CH9","1.259","min","131.529","μmol/L","Humid","26.123","deg","149719","µV","26.750","°C","1017.000","hPa","35.9","pmil","0","55.690","deg","20.000","°C","100.000","%a.s.","22.400","deg","20.000","°C","962.000","hPa","0.861","-0.02617","0.00035","0","0","13.56","Humid","35.35","0","78.50","282432.39","SABD0002000014","AAV2.0.0.13","3.0.3.1703","PSt7-10","180509-002","9/13/2019 10:46:52 AM","0000-00","0","no battery","V"
"06/11/2023","10:57:14","9","default","547630319","OXY_CH9","1.275","min","131.531","μmol/L","Humid","26.125","deg","149724","µV","26.744","°C","1017.000","hPa","35.9","pmil","0","55.690","deg","20.000","°C","100.000","%a.s.","22.400","deg","20.000","°C","962.000","hPa","0.861","-0.02617","0.00035","0","0","13.56","Humid","35.35","0","78.50","282428.65","SABD0002000014","AAV2.0.0.13","3.0.3.1703","PSt7-10","180509-002","9/13/2019 10:46:52 AM","0000-00","0","no battery","V"
"06/11/2023","10:57:15","9","default","547630319","OXY_CH9","1.292","min","131.507","μmol/L","Humid","26.125","deg","149714","µV","26.750","°C","1017.000","hPa","35.9","pmil","0","55.690","deg","20.000","°C","100.000","%a.s.","22.400","deg","20.000","°C","962.000","hPa","0.861","-0.02617","0.00035","0","0","13.56","Humid","35.35","0","78.50","282427.46","SABD0002000014","AAV2.0.0.13","3.0.3.1703","PSt7-10","180509-002","9/13/2019 10:46:52 AM","0000-00","0","no battery","V"
"06/11/2023","10:57:16","9","default","547630319","OXY_CH9","1.309","min","131.521","μmol/L","Humid","26.126","deg","149711","µV","26.744","°C","1017.000","hPa","35.9","pmil","0","55.690","deg","20.000","°C","100.000","%a.s.","22.400","deg","20.000","°C","962.000","hPa","0.861","-0.02617","0.00035","0","0","13.56","Humid","35.35","0","78.50","282423.39","SABD0002000014","AAV2.0.0.13","3.0.3.1703","PSt7-10","180509-002","9/13/2019 10:46:52 AM","0000-00","0","no battery","V"
"06/11/2023","10:57:17","9","default","547630319","OXY_CH9","1.325","min","131.462","μmol/L","Humid","26.127","deg","149705","µV","26.756","°C","1017.000","hPa","35.9","pmil","0","55.690","deg","20.000","°C","100.000","%a.s.","22.400","deg","20.000","°C","962.000","hPa","0.861","-0.02617","0.00035","0","0","13.56","Humid","35.35","0","78.50","282424.09","SABD0002000014","AAV2.0.0.13","3.0.3.1703","PSt7-10","180509-002","9/13/2019 10:46:52 AM","0000-00","0","no battery","V"
"06/11/2023","10:57:18","9","default","547630319","OXY_CH9","1.341","min","131.497","μmol/L","Humid","26.126","deg","149705","µV","26.750","°C","1017.000","hPa","35.9","pmil","0","55.690","deg","20.000","°C","100.000","%a.s.","22.400","deg","20.000","°C","962.000","hPa","0.861","-0.02617","0.00035","0","0","13.56","Humid","35.35","0","78.50","282413.75","SABD0002000014","AAV2.0.0.13","3.0.3.1703","PSt7-10","180509-002","9/13/2019 10:46:52 AM","0000-00","0","no battery","V"
"06/11/2023","10:57:19","9","default","547630319","OXY_CH9","1.358","min","131.539","μmol/L","Humid","26.122","deg","149707","µV","26.750","°C","1017.000","hPa","35.9","pmil","0","55.690","deg","20.000","°C","100.000","%a.s.","22.400","deg","20.000","°C","962.000","hPa","0.861","-0.02617","0.00035","0","0","13.56","Humid","35.35","0","78.50","282409.29","SABD0002000014","AAV2.0.0.13","3.0.3.1703","PSt7-10","180509-002","9/13/2019 10:46:52 AM","0000-00","0","no battery","V"
"06/11/2023","10:57:20","9","default","547630319","OXY_CH9","1.375","min","131.507","μmol/L","Humid","26.125","deg","149701","µV","26.750","°C","1017.000","hPa","35.9","pmil","0","55.690","deg","20.000","°C","100.000","%a.s.","22.400","deg","20.000","°C","962.000","hPa","0.861","-0.02617","0.00035","0","0","13.56","Humid","35.35","0","78.50","282421.07","SABD0002000014","AAV2.0.0.13","3.0.3.1703","PSt7-10","180509-002","9/13/2019 10:46:52 AM","0000-00","0","no battery","V"
"06/11/2023","10:57:21","9","default","547630319","OXY_CH9","1.391","min","131.476","μmol/L","Humid","26.128","deg","149693","µV","26.750","°C","1017.000","hPa","35.9","pmil","0","55.690","deg","20.000","°C","100.000","%a.s.","22.400","deg","20.000","°C","962.000","hPa","0.861","-0.02617","0.00035","0","0","13.56","Humid","35.35","0","78.50","282411.81","SABD0002000014","AAV2.0.0.13","3.0.3.1703","PSt7-10","180509-002","9/13/2019 10:46:52 AM","0000-00","0","no battery","V"
"06/11/2023","10:57:22","9","default","547630319","OXY_CH9","1.408","min","131.497","μmol/L","Humid","26.126","deg","149695","µV","26.750","°C","1017.000","hPa","35.9","pmil","0","55.690","deg","20.000","°C","100.000","%a.s.","22.400","deg","20.000","°C","962.000","hPa","0.861","-0.02617","0.00035","0","0","13.56","Humid","35.35","0","78.50","282412.32","SABD0002000014","AAV2.0.0.13","3.0.3.1703","PSt7-10","180509-002","9/13/2019 10:46:52 AM","0000-00","0","no battery","V"
"06/11/2023","10:57:23","9","default","547630319","OXY_CH9","1.424","min","131.462","μmol/L","Humid","26.127","deg","149691","µV","26.756","°C","1017.000","hPa","35.9","pmil","0","55.690","deg","20.000","°C","100.000","%a.s.","22.400","deg","20.000","°C","962.000","hPa","0.861","-0.02617","0.00035","0","0","13.56","Humid","35.35","0","78.50","282413.72","SABD0002000014","AAV2.0.0.13","3.0.3.1703","PSt7-10","180509-002","9/13/2019 10:46:52 AM","0000-00","0","no battery","V"
"06/11/2023","10:57:24","9","default","547630319","OXY_CH9","1.442","min","131.497","μmol/L","Humid","26.126","deg","149699","µV","26.750","°C","1017.000","hPa","35.9","pmil","0","55.690","deg","20.000","°C","100.000","%a.s.","22.400","deg","20.000","°C","962.000","hPa","0.861","-0.02617","0.00035","0","0","13.56","Humid","35.35","0","78.50","282412.36","SABD0002000014","AAV2.0.0.13","3.0.3.1703","PSt7-10","180509-002","9/13/2019 10:46:52 AM","0000-00","0","no battery","V"
"06/11/2023","10:57:25","9","default","547630319","OXY_CH9","1.458","min","131.497","μmol/L","Humid","26.126","deg","149686","µV","26.750","°C","1017.000","hPa","35.9","pmil","0","55.690","deg","20.000","°C","100.000","%a.s.","22.400","deg","20.000","°C","962.000","hPa","0.861","-0.02617","0.00035","0","0","13.56","Humid","35.35","0","78.50","282401.90","SABD0002000014","AAV2.0.0.13","3.0.3.1703","PSt7-10","180509-002","9/13/2019 10:46:52 AM","0000-00","0","no battery","V"
"06/11/2023","10:57:26","9","default","547630319","OXY_CH9","1.475","min","131.486","μmol/L","Humid","26.127","deg","149681","µV","26.750","°C","1017.000","hPa","35.9","pmil","0","55.690","deg","20.000","°C","100.000","%a.s.","22.400","deg","20.000","°C","962.000","hPa","0.861","-0.02617","0.00035","0","0","13.56","Humid","35.35","0","78.50","282408.73","SABD0002000014","AAV2.0.0.13","3.0.3.1703","PSt7-10","180509-002","9/13/2019 10:46:52 AM","0000-00","0","no battery","V"
"06/11/2023","10:57:27","9","default","547630319","OXY_CH9","1.492","min","131.497","μmol/L","Humid","26.126","deg","149674","µV","26.750","°C","1017.000","hPa","35.9","pmil","0","55.690","deg","20.000","°C","100.000","%a.s.","22.400","deg","20.000","°C","962.000","hPa","0.861","-0.02617","0.00035","0","0","13.56","Humid","35.35","0","78.50","282405.58","SABD0002000014","AAV2.0.0.13","3.0.3.1703","PSt7-10","180509-002","9/13/2019 10:46:52 AM","0000-00","0","no battery","V"
"06/11/2023","10:57:28","9","default","547630319","OXY_CH9","1.509","min","131.507","μmol/L","Humid","26.125","deg","149672","µV","26.750","°C","1017.000","hPa","35.9","pmil","0","55.690","deg","20.000","°C","100.000","%a.s.","22.400","deg","20.000","°C","962.000","hPa","0.861","-0.02617","0.00035","0","0","13.56","Humid","35.35","0","78.50","282394.27","SABD0002000014","AAV2.0.0.13","3.0.3.1703","PSt7-10","180509-002","9/13/2019 10:46:52 AM","0000-00","0","no battery","V"
"06/11/2023","10:57:29","9","default","547630319","OXY_CH9","1.525","min","131.497","μmol/L","Humid","26.126","deg","149666","µV","26.750","°C","1017.000","hPa","35.9","pmil","0","55.690","deg","20.000","°C","100.000","%a.s.","22.400","deg","20.000","°C","962.000","hPa","0.861","-0.02617","0.00035","0","0","13.56","Humid","35.35","0","78.50","282391.37","SABD0002000014","AAV2.0.0.13","3.0.3.1703","PSt7-10","180509-002","9/13/2019 10:46:52 AM","0000-00","0","no battery","V"
"06/11/2023","10:57:30","9","default","547630319","OXY_CH9","1.542","min","131.507","μmol/L","Humid","26.125","deg","149675","µV","26.750","°C","1017.000","hPa","35.9","pmil","0","55.690","deg","20.000","°C","100.000","%a.s.","22.400","deg","20.000","°C","962.000","hPa","0.861","-0.02617","0.00035","0","0","13.56","Humid","35.35","0","78.50","282389.91","SABD0002000014","AAV2.0.0.13","3.0.3.1703","PSt7-10","180509-002","9/13/2019 10:46:52 AM","0000-00","0","no battery","V"
"06/11/2023","10:57:31","9","default","547630319","OXY_CH9","1.558","min","131.553","μmol/L","Humid","26.123","deg","149667","µV","26.744","°C","1017.000","hPa","35.9","pmil","0","55.690","deg","20.000","°C","100.000","%a.s.","22.400","deg","20.000","°C","962.000","hPa","0.861","-0.02617","0.00035","0","0","13.56","Humid","35.35","0","78.50","282396.92","SABD0002000014","AAV2.0.0.13","3.0.3.1703","PSt7-10","180509-002","9/13/2019 10:46:52 AM","0000-00","0","no battery","V"
"06/11/2023","10:57:32","9","default","547630319","OXY_CH9","1.575","min","131.526","μmol/L","Humid","26.121","deg","149661","µV","26.756","°C","1017.000","hPa","35.9","pmil","0","55.690","deg","20.000","°C","100.000","%a.s.","22.400","deg","20.000","°C","962.000","hPa","0.861","-0.02617","0.00035","0","0","13.56","Humid","35.35","0","78.50","282390.10","SABD0002000014","AAV2.0.0.13","3.0.3.1703","PSt7-10","180509-002","9/13/2019 10:46:52 AM","0000-00","0","no battery","V"
"06/11/2023","10:57:33","9","default","547630319","OXY_CH9","1.591","min","131.531","μmol/L","Humid","26.125","deg","149651","µV","26.744","°C","1017.000","hPa","35.9","pmil","0","55.690","deg","20.000","°C","100.000","%a.s.","22.400","deg","20.000","°C","962.000","hPa","0.861","-0.02617","0.00035","0","0","13.56","Humid","35.35","0","78.50","282396.35","SABD0002000014","AAV2.0.0.13","3.0.3.1703","PSt7-10","180509-002","9/13/2019 10:46:52 AM","0000-00","0","no battery","V"
"06/11/2023","10:57:34","9","default","547630319","OXY_CH9","1.608","min","131.539","μmol/L","Humid","26.122","deg","149648","µV","26.750","°C","1017.000","hPa","35.9","pmil","0","55.690","deg","20.000","°C","100.000","%a.s.","22.400","deg","20.000","°C","962.000","hPa","0.861","-0.02617","0.00035","0","0","13.56","Humid","35.35","0","78.50","282394.49","SABD0002000014","AAV2.0.0.13","3.0.3.1703","PSt7-10","180509-002","9/13/2019 10:46:52 AM","0000-00","0","no battery","V"
"06/11/2023","10:57:35","9","default","547630319","OXY_CH9","1.625","min","131.553","μmol/L","Humid","26.123","deg","149645","µV","26.744","°C","1017.000","hPa","35.9","pmil","0","55.690","deg","20.000","°C","100.000","%a.s.","22.400","deg","20.000","°C","962.000","hPa","0.861","-0.02617","0.00035","0","0","13.56","Humid","35.35","0","78.50","282395.48","SABD0002000014","AAV2.0.0.13","3.0.3.1703","PSt7-10","180509-002","9/13/2019 10:46:52 AM","0000-00","0","no battery","V"
"06/11/2023","10:57:36","9","default","547630319","OXY_CH9","1.642","min","131.529","μmol/L","Humid","26.123","deg","149692","µV","26.750","°C","1017.000","hPa","35.9","pmil","0","55.690","deg","20.000","°C","100.000","%a.s.","22.400","deg","20.000","°C","962.000","hPa","0.861","-0.02617","0.00035","0","0","13.56","Humid","35.35","0","78.50","282393.38","SABD0002000014","AAV2.0.0.13","3.0.3.1703","PSt7-10","180509-002","9/13/2019 10:46:52 AM","0000-00","0","no battery","V"
"06/11/2023","10:57:37","9","default","547630319","OXY_CH9","1.659","min","131.584","μmol/L","Humid","26.120","deg","149639","µV","26.744","°C","1017.000","hPa","35.9","pmil","0","55.690","deg","20.000","°C","100.000","%a.s.","22.400","deg","20.000","°C","962.000","hPa","0.861","-0.02617","0.00035","0","0","13.56","Humid","35.35","0","78.50","282389.09","SABD0002000014","AAV2.0.0.13","3.0.3.1703","PSt7-10","180509-002","9/13/2019 10:46:52 AM","0000-00","0","no battery","V"
"06/11/2023","10:57:38","9","default","547630319","OXY_CH9","1.675","min","131.529","μmol/L","Humid","26.123","deg","149622","µV","26.750","°C","1017.000","hPa","35.9","pmil","0","55.690","deg","20.000","°C","100.000","%a.s.","22.400","deg","20.000","°C","962.000","hPa","0.861","-0.02617","0.00035","0","0","13.56","Humid","35.35","0","78.50","282378.16","SABD0002000014","AAV2.0.0.13","3.0.3.1703","PSt7-10","180509-002","9/13/2019 10:46:52 AM","0000-00","0","no battery","V"
"06/11/2023","10:57:39","9","default","547630319","OXY_CH9","1.691","min","131.550","μmol/L","Humid","26.121","deg","149619","µV","26.750","°C","1017.000","hPa","35.9","pmil","0","55.690","deg","20.000","°C","100.000","%a.s.","22.400","deg","20.000","°C","962.000","hPa","0.861","-0.02617","0.00035","0","0","13.56","Humid","35.35","0","78.50","282370.37","SABD0002000014","AAV2.0.0.13","3.0.3.1703","PSt7-10","180509-002","9/13/2019 10:46:52 AM","0000-00","0","no battery","V"
"06/11/2023","10:57:40","9","default","547630319","OXY_CH9","1.708","min","131.582","μmol/L","Humid","26.118","deg","149614","µV","26.750","°C","1017.000","hPa","35.9","pmil","0","55.690","deg","20.000","°C","100.000","%a.s.","22.400","deg","20.000","°C","962.000","hPa","0.861","-0.02617","0.00035","0","0","13.56","Humid","35.35","0","78.50","282373.95","SABD0002000014","AAV2.0.0.13","3.0.3.1703","PSt7-10","180509-002","9/13/2019 10:46:52 AM","0000-00","0","no battery","V"
"06/11/2023","10:57:41","9","default","547630319","OXY_CH9","1.725","min","131.571","μmol/L","Humid","26.119","deg","149611","µV","26.750","°C","1017.000","hPa","35.9","pmil","0","55.690","deg","20.000","°C","100.000","%a.s.","22.400","deg","20.000","°C","962.000","hPa","0.861","-0.02617","0.00035","0","0","13.56","Humid","35.35","0","78.50","282360.52","SABD0002000014","AAV2.0.0.13","3.0.3.1703","PSt7-10","180509-002","9/13/2019 10:46:52 AM","0000-00","0","no battery","V"
"06/11/2023","10:57:42","9","default","547630319","OXY_CH9","1.742","min","131.606","μmol/L","Humid","26.118","deg","149610","µV","26.744","°C","1017.000","hPa","35.9","pmil","0","55.690","deg","20.000","°C","100.000","%a.s.","22.400","deg","20.000","°C","962.000","hPa","0.861","-0.02617","0.00035","0","0","13.56","Humid","35.35","0","78.50","282356.46","SABD0002000014","AAV2.0.0.13","3.0.3.1703","PSt7-10","180509-002","9/13/2019 10:46:52 AM","0000-00","0","no battery","V"
"06/11/2023","10:57:43","9","default","547630319","OXY_CH9","1.758","min","131.574","μmol/L","Humid","26.121","deg","149597","µV","26.744","°C","1017.000","hPa","35.9","pmil","0","55.690","deg","20.000","°C","100.000","%a.s.","22.400","deg","20.000","°C","962.000","hPa","0.861","-0.02617","0.00035","0","0","13.56","Humid","35.35","0","78.50","282358.52","SABD0002000014","AAV2.0.0.13","3.0.3.1703","PSt7-10","180509-002","9/13/2019 10:46:52 AM","0000-00","0","no battery","V"
"06/11/2023","10:57:44","9","default","547630319","OXY_CH9","1.775","min","131.584","μmol/L","Humid","26.120","deg","149595","µV","26.744","°C","1017.000","hPa","35.9","pmil","0","55.690","deg","20.000","°C","100.000","%a.s.","22.400","deg","20.000","°C","962.000","hPa","0.861","-0.02617","0.00035","0","0","13.56","Humid","35.35","0","78.50","282355.35","SABD0002000014","AAV2.0.0.13","3.0.3.1703","PSt7-10","180509-002","9/13/2019 10:46:52 AM","0000-00","0","no battery","V"
"06/11/2023","10:57:45","9","default","547630319","OXY_CH9","1.792","min","131.550","μmol/L","Humid","26.121","deg","149601","µV","26.750","°C","1017.000","hPa","35.9","pmil","0","55.690","deg","20.000","°C","100.000","%a.s.","22.400","deg","20.000","°C","962.000","hPa","0.861","-0.02617","0.00035","0","0","13.56","Humid","35.35","0","78.50","282359.48","SABD0002000014","AAV2.0.0.13","3.0.3.1703","PSt7-10","180509-002","9/13/2019 10:46:52 AM","0000-00","0","no battery","V"
"06/11/2023","10:57:46","9","default","547630319","OXY_CH9","1.808","min","131.560","μmol/L","Humid","26.120","deg","149576","µV","26.750","°C","1017.000","hPa","35.9","pmil","0","55.690","deg","20.000","°C","100.000","%a.s.","22.400","deg","20.000","°C","962.000","hPa","0.861","-0.02617","0.00035","0","0","13.56","Humid","35.35","0","78.50","282349.85","SABD0002000014","AAV2.0.0.13","3.0.3.1703","PSt7-10","180509-002","9/13/2019 10:46:52 AM","0000-00","0","no battery","V"
"06/11/2023","10:57:47","9","default","547630319","OXY_CH9","1.825","min","131.592","μmol/L","Humid","26.117","deg","149585","µV","26.750","°C","1017.000","hPa","35.9","pmil","0","55.690","deg","20.000","°C","100.000","%a.s.","22.400","deg","20.000","°C","962.000","hPa","0.861","-0.02617","0.00035","0","0","13.56","Humid","35.35","0","78.50","282359.69","SABD0002000014","AAV2.0.0.13","3.0.3.1703","PSt7-10","180509-002","9/13/2019 10:46:52 AM","0000-00","0","no battery","V"
"06/11/2023","10:57:48","9","default","547630319","OXY_CH9","1.841","min","131.582","μmol/L","Humid","26.118","deg","149574","µV","26.750","°C","1017.000","hPa","35.9","pmil","0","55.690","deg","20.000","°C","100.000","%a.s.","22.400","deg","20.000","°C","962.000","hPa","0.861","-0.02617","0.00035","0","0","13.56","Humid","35.35","0","78.50","282350.72","SABD0002000014","AAV2.0.0.13","3.0.3.1703","PSt7-10","180509-002","9/13/2019 10:46:52 AM","0000-00","0","no battery","V"
"06/11/2023","10:57:49","9","default","547630319","OXY_CH9","1.859","min","131.582","μmol/L","Humid","26.118","deg","149579","µV","26.750","°C","1017.000","hPa","35.9","pmil","0","55.690","deg","20.000","°C","100.000","%a.s.","22.400","deg","20.000","°C","962.000","hPa","0.861","-0.02617","0.00035","0","0","13.56","Humid","35.35","0","78.50","282356.75","SABD0002000014","AAV2.0.0.13","3.0.3.1703","PSt7-10","180509-002","9/13/2019 10:46:52 AM","0000-00","0","no battery","V"
"06/11/2023","10:57:50","9","default","547630319","OXY_CH9","1.875","min","131.637","μmol/L","Humid","26.115","deg","149540","µV","26.744","°C","1017.000","hPa","35.9","pmil","0","55.690","deg","20.000","°C","100.000","%a.s.","22.400","deg","20.000","°C","962.000","hPa","0.861","-0.02617","0.00035","0","0","13.56","Humid","35.35","0","78.50","282351.31","SABD0002000014","AAV2.0.0.13","3.0.3.1703","PSt7-10","180509-002","9/13/2019 10:46:52 AM","0000-00","0","no battery","V"
"06/11/2023","10:57:51","9","default","547630319","OXY_CH9","1.892","min","131.603","μmol/L","Humid","26.116","deg","149558","µV","26.750","°C","1017.000","hPa","35.9","pmil","0","55.690","deg","20.000","°C","100.000","%a.s.","22.400","deg","20.000","°C","962.000","hPa","0.861","-0.02617","0.00035","0","0","13.56","Humid","35.35","0","78.50","282345.60","SABD0002000014","AAV2.0.0.13","3.0.3.1703","PSt7-10","180509-002","9/13/2019 10:46:52 AM","0000-00","0","no battery","V"
"06/11/2023","10:57:52","9","default","547630319","OXY_CH9","1.908","min","131.613","μmol/L","Humid","26.115","deg","149560","µV","26.750","°C","1017.000","hPa","35.9","pmil","0","55.690","deg","20.000","°C","100.000","%a.s.","22.400","deg","20.000","°C","962.000","hPa","0.861","-0.02617","0.00035","0","0","13.56","Humid","35.35","0","78.50","282339.66","SABD0002000014","AAV2.0.0.13","3.0.3.1703","PSt7-10","180509-002","9/13/2019 10:46:52 AM","0000-00","0","no battery","V"
"06/11/2023","10:57:53","9","default","547630319","OXY_CH9","1.925","min","131.592","μmol/L","Humid","26.117","deg","149547","µV","26.750","°C","1017.000","hPa","35.9","pmil","0","55.690","deg","20.000","°C","100.000","%a.s.","22.400","deg","20.000","°C","962.000","hPa","0.861","-0.02617","0.00035","0","0","13.56","Humid","35.35","0","78.50","282334.71","SABD0002000014","AAV2.0.0.13","3.0.3.1703","PSt7-10","180509-002","9/13/2019 10:46:52 AM","0000-00","0","no battery","V"
"06/11/2023","10:57:54","9","default","547630319","OXY_CH9","1.942","min","131.648","μmol/L","Humid","26.114","deg","149537","µV","26.744","°C","1017.000","hPa","35.9","pmil","0","55.690","deg","20.000","°C","100.000","%a.s.","22.400","deg","20.000","°C","962.000","hPa","0.861","-0.02617","0.00035","0","0","13.56","Humid","35.35","0","78.50","282350.58","SABD0002000014","AAV2.0.0.13","3.0.3.1703","PSt7-10","180509-002","9/13/2019 10:46:52 AM","0000-00","0","no battery","V"
"06/11/2023","10:57:55","9","default","547630319","OXY_CH9","1.958","min","131.648","μmol/L","Humid","26.114","deg","149521","µV","26.744","°C","1017.000","hPa","35.9","pmil","0","55.690","deg","20.000","°C","100.000","%a.s.","22.400","deg","20.000","°C","962.000","hPa","0.861","-0.02617","0.00035","0","0","13.56","Humid","35.35","0","78.50","282337.84","SABD0002000014","AAV2.0.0.13","3.0.3.1703","PSt7-10","180509-002","9/13/2019 10:46:52 AM","0000-00","0","no battery","V"
"06/11/2023","10:57:56","9","default","547630319","OXY_CH9","1.975","min","131.634","μmol/L","Humid","26.113","deg","149527","µV","26.750","°C","1017.000","hPa","35.9","pmil","0","55.690","deg","20.000","°C","100.000","%a.s.","22.400","deg","20.000","°C","962.000","hPa","0.861","-0.02617","0.00035","0","0","13.56","Humid","35.35","0","78.50","282333.81","SABD0002000014","AAV2.0.0.13","3.0.3.1703","PSt7-10","180509-002","9/13/2019 10:46:52 AM","0000-00","0","no battery","V"
"06/11/2023","10:57:57","9","default","547630319","OXY_CH9","1.991","min","131.645","μmol/L","Humid","26.112","deg","149529","µV","26.750","°C","1017.000","hPa","35.9","pmil","0","55.690","deg","20.000","°C","100.000","%a.s.","22.400","deg","20.000","°C","962.000","hPa","0.861","-0.02617","0.00035","0","0","13.56","Humid","35.35","0","78.50","282332.94","SABD0002000014","AAV2.0.0.13","3.0.3.1703","PSt7-10","180509-002","9/13/2019 10:46:52 AM","0000-00","0","no battery","V"
"06/11/2023","10:57:58","9","default","547630319","OXY_CH9","2.008","min","131.656","μmol/L","Humid","26.111","deg","149519","µV","26.750","°C","1017.000","hPa","35.9","pmil","0","55.690","deg","20.000","°C","100.000","%a.s.","22.400","deg","20.000","°C","962.000","hPa","0.861","-0.02617","0.00035","0","0","13.56","Humid","35.35","0","78.50","282335.42","SABD0002000014","AAV2.0.0.13","3.0.3.1703","PSt7-10","180509-002","9/13/2019 10:46:52 AM","0000-00","0","no battery","V"
"06/11/2023","10:57:59","9","default","547630319","OXY_CH9","2.025","min","131.704","μmol/L","Humid","26.111","deg","149516","µV","26.738","°C","1017.000","hPa","35.9","pmil","0","55.690","deg","20.000","°C","100.000","%a.s.","22.400","deg","20.000","°C","962.000","hPa","0.861","-0.02617","0.00035","0","0","13.56","Humid","35.35","0","78.50","282352.53","SABD0002000014","AAV2.0.0.13","3.0.3.1703","PSt7-10","180509-002","9/13/2019 10:46:52 AM","0000-00","0","no battery","V"
"06/11/2023","10:58:00","9","default","547630319","OXY_CH9","2.041","min","131.722","μmol/L","Humid","26.107","deg","149490","µV","26.744","°C","1017.000","hPa","35.9","pmil","0","55.690","deg","20.000","°C","100.000","%a.s.","22.400","deg","20.000","°C","962.000","hPa","0.861","-0.02617","0.00035","0","0","13.56","Humid","35.35","0","78.50","282334.42","SABD0002000014","AAV2.0.0.13","3.0.3.1703","PSt7-10","180509-002","9/13/2019 10:46:52 AM","0000-00","0","no battery","V"
"06/11/2023","10:58:01","9","default","547630319","OXY_CH9","2.058","min","131.698","μmol/L","Humid","26.107","deg","149483","µV","26.750","°C","1017.000","hPa","35.9","pmil","0","55.690","deg","20.000","°C","100.000","%a.s.","22.400","deg","20.000","°C","962.000","hPa","0.861","-0.02617","0.00035","0","0","13.56","Humid","35.35","0","78.50","282326.31","SABD0002000014","AAV2.0.0.13","3.0.3.1703","PSt7-10","180509-002","9/13/2019 10:46:52 AM","0000-00","0","no battery","V"
"06/11/2023","10:58:02","9","default","547630319","OXY_CH9","2.074","min","131.687","μmol/L","Humid","26.108","deg","149479","µV","26.750","°C","1017.000","hPa","35.9","pmil","0","55.690","deg","20.000","°C","100.000","%a.s.","22.400","deg","20.000","°C","962.000","hPa","0.861","-0.02617","0.00035","0","0","13.56","Humid","35.35","0","78.50","282325.63","SABD0002000014","AAV2.0.0.13","3.0.3.1703","PSt7-10","180509-002","9/13/2019 10:46:52 AM","0000-00","0","no battery","V"
"06/11/2023","10:58:03","9","default","547630319","OXY_CH9","2.091","min","131.701","μmol/L","Humid","26.109","deg","149484","µV","26.744","°C","1017.000","hPa","35.9","pmil","0","55.690","deg","20.000","°C","100.000","%a.s.","22.400","deg","20.000","°C","962.000","hPa","0.861","-0.02617","0.00035","0","0","13.56","Humid","35.35","0","78.50","282326.26","SABD0002000014","AAV2.0.0.13","3.0.3.1703","PSt7-10","180509-002","9/13/2019 10:46:52 AM","0000-00","0","no battery","V"
"06/11/2023","10:58:04","9","default","547630319","OXY_CH9","2.108","min","131.735","μmol/L","Humid","26.108","deg","149480","µV","26.738","°C","1017.000","hPa","35.9","pmil","0","55.690","deg","20.000","°C","100.000","%a.s.","22.400","deg","20.000","°C","962.000","hPa","0.861","-0.02617","0.00035","0","0","13.56","Humid","35.35","0","78.50","282334.53","SABD0002000014","AAV2.0.0.13","3.0.3.1703","PSt7-10","180509-002","9/13/2019 10:46:52 AM","0000-00","0","no battery","V"
"06/11/2023","10:58:05","9","default","547630319","OXY_CH9","2.125","min","131.701","μmol/L","Humid","26.109","deg","149479","µV","26.744","°C","1017.000","hPa","35.9","pmil","0","55.690","deg","20.000","°C","100.000","%a.s.","22.400","deg","20.000","°C","962.000","hPa","0.861","-0.02617","0.00035","0","0","13.56","Humid","35.35","0","78.50","282323.88","SABD0002000014","AAV2.0.0.13","3.0.3.1703","PSt7-10","180509-002","9/13/2019 10:46:52 AM","0000-00","0","no battery","V"
"06/11/2023","10:58:06","9","default","547630319","OXY_CH9","2.142","min","131.733","μmol/L","Humid","26.106","deg","149465","µV","26.744","°C","1017.000","hPa","35.9","pmil","0","55.690","deg","20.000","°C","100.000","%a.s.","22.400","deg","20.000","°C","962.000","hPa","0.861","-0.02617","0.00035","0","0","13.56","Humid","35.35","0","78.50","282334.81","SABD0002000014","AAV2.0.0.13","3.0.3.1703","PSt7-10","180509-002","9/13/2019 10:46:52 AM","0000-00","0","no battery","V"
"06/11/2023","10:58:07","9","default","547630319","OXY_CH9","2.159","min","131.711","μmol/L","Humid","26.108","deg","149466","µV","26.744","°C","1017.000","hPa","35.9","pmil","0","55.690","deg","20.000","°C","100.000","%a.s.","22.400","deg","20.000","°C","962.000","hPa","0.861","-0.02617","0.00035","0","0","13.56","Humid","35.35","0","78.50","282324.60","SABD0002000014","AAV2.0.0.13","3.0.3.1703","PSt7-10","180509-002","9/13/2019 10:46:52 AM","0000-00","0","no battery","V"
"06/11/2023","10:58:08","9","default","547630319","OXY_CH9","2.175","min","131.754","μmol/L","Humid","26.104","deg","149457","µV","26.744","°C","1017.000","hPa","35.9","pmil","0","55.690","deg","20.000","°C","100.000","%a.s.","22.400","deg","20.000","°C","962.000","hPa","0.861","-0.02617","0.00035","0","0","13.56","Humid","35.35","0","78.50","282329.98","SABD0002000014","AAV2.0.0.13","3.0.3.1703","PSt7-10","180509-002","9/13/2019 10:46:52 AM","0000-00","0","no battery","V"
"06/11/2023","10:58:09","9","default","547630319","OXY_CH9","2.192","min","131.709","μmol/L","Humid","26.106","deg","149448","µV","26.750","°C","1017.000","hPa","35.9","pmil","0","55.690","deg","20.000","°C","100.000","%a.s.","22.400","deg","20.000","°C","962.000","hPa","0.861","-0.02617","0.00035","0","0","13.56","Humid","35.35","0","78.50","282328.18","SABD0002000014","AAV2.0.0.13","3.0.3.1703","PSt7-10","180509-002","9/13/2019 10:46:52 AM","0000-00","0","no battery","V"
"06/11/2023","10:58:10","9","default","547630319","OXY_CH9","2.209","min","131.786","μmol/L","Humid","26.101","deg","149443","µV","26.744","°C","1017.000","hPa","35.9","pmil","0","55.690","deg","20.000","°C","100.000","%a.s.","22.400","deg","20.000","°C","962.000","hPa","0.861","-0.02617","0.00035","0","0","13.56","Humid","35.35","0","78.50","282320.54","SABD0002000014","AAV2.0.0.13","3.0.3.1703","PSt7-10","180509-002","9/13/2019 10:46:52 AM","0000-00","0","no battery","V"
"06/11/2023","10:58:11","9","default","547630319","OXY_CH9","2.225","min","131.754","μmol/L","Humid","26.104","deg","149427","µV","26.744","°C","1017.000","hPa","35.9","pmil","0","55.690","deg","20.000","°C","100.000","%a.s.","22.400","deg","20.000","°C","962.000","hPa","0.861","-0.02617","0.00035","0","0","13.56","Humid","35.35","0","78.50","282318.74","SABD0002000014","AAV2.0.0.13","3.0.3.1703","PSt7-10","180509-002","9/13/2019 10:46:52 AM","0000-00","0","no battery","V"
"06/11/2023","10:58:12","9","default","547630319","OXY_CH9","2.242","min","131.796","μmol/L","Humid","26.100","deg","149422","µV","26.744","°C","1017.000","hPa","35.9","pmil","0","55.690","deg","20.000","°C","100.000","%a.s.","22.400","deg","20.000","°C","962.000","hPa","0.861","-0.02617","0.00035","0","0","13.56","Humid","35.35","0","78.50","282314.47","SABD0002000014","AAV2.0.0.13","3.0.3.1703","PSt7-10","180509-002","9/13/2019 10:46:52 AM","0000-00","0","no battery","V"
"06/11/2023","10:58:13","9","default","547630319","OXY_CH9","2.258","min","131.796","μmol/L","Humid","26.100","deg","149421","µV","26.744","°C","1017.000","hPa","35.9","pmil","0","55.690","deg","20.000","°C","100.000","%a.s.","22.400","deg","20.000","°C","962.000","hPa","0.861","-0.02617","0.00035","0","0","13.56","Humid","35.35","0","78.50","282328.89","SABD0002000014","AAV2.0.0.13","3.0.3.1703","PSt7-10","180509-002","9/13/2019 10:46:52 AM","0000-00","0","no battery","V"
"06/11/2023","10:58:14","9","default","547630319","OXY_CH9","2.275","min","131.799","μmol/L","Humid","26.102","deg","149414","µV","26.738","°C","1017.000","hPa","35.9","pmil","0","55.690","deg","20.000","°C","100.000","%a.s.","22.400","deg","20.000","°C","962.000","hPa","0.861","-0.02617","0.00035","0","0","13.56","Humid","35.35","0","78.50","282307.15","SABD0002000014","AAV2.0.0.13","3.0.3.1703","PSt7-10","180509-002","9/13/2019 10:46:52 AM","0000-00","0","no battery","V"
"06/11/2023","10:58:15","9","default","547630319","OXY_CH9","2.291","min","131.793","μmol/L","Humid","26.098","deg","149398","µV","26.750","°C","1017.000","hPa","35.9","pmil","0","55.690","deg","20.000","°C","100.000","%a.s.","22.400","deg","20.000","°C","962.000","hPa","0.861","-0.02617","0.00035","0","0","13.56","Humid","35.35","0","78.50","282319.29","SABD0002000014","AAV2.0.0.13","3.0.3.1703","PSt7-10","180509-002","9/13/2019 10:46:52 AM","0000-00","0","no battery","V"
"06/11/2023","10:58:16","9","default","547630319","OXY_CH9","2.308","min","131.815","μmol/L","Humid","26.096","deg","149393","µV","26.750","°C","1017.000","hPa","35.9","pmil","0","55.690","deg","20.000","°C","100.000","%a.s.","22.400","deg","20.000","°C","962.000","hPa","0.861","-0.02617","0.00035","0","0","13.56","Humid","35.35","0","78.50","282302.39","SABD0002000014","AAV2.0.0.13","3.0.3.1703","PSt7-10","180509-002","9/13/2019 10:46:52 AM","0000-00","0","no battery","V"
"06/11/2023","10:58:17","9","default","547630319","OXY_CH9","2.325","min","131.831","μmol/L","Humid","26.099","deg","149397","µV","26.738","°C","1017.000","hPa","35.9","pmil","0","55.690","deg","20.000","°C","100.000","%a.s.","22.400","deg","20.000","°C","962.000","hPa","0.861","-0.02617","0.00035","0","0","13.56","Humid","35.35","0","78.50","282304.24","SABD0002000014","AAV2.0.0.13","3.0.3.1703","PSt7-10","180509-002","9/13/2019 10:46:52 AM","0000-00","0","no battery","V"
"06/11/2023","10:58:18","9","default","547630319","OXY_CH9","2.342","min","131.839","μmol/L","Humid","26.096","deg","149383","µV","26.744","°C","1017.000","hPa","35.9","pmil","0","55.690","deg","20.000","°C","100.000","%a.s.","22.400","deg","20.000","°C","962.000","hPa","0.861","-0.02617","0.00035","0","0","13.56","Humid","35.35","0","78.50","282303.12","SABD0002000014","AAV2.0.0.13","3.0.3.1703","PSt7-10","180509-002","9/13/2019 10:46:52 AM","0000-00","0","no battery","V"
"06/11/2023","10:58:19","9","default","547630319","OXY_CH9","2.358","min","131.873","μmol/L","Humid","26.095","deg","149373","µV","26.738","°C","1017.000","hPa","35.9","pmil","0","55.690","deg","20.000","°C","100.000","%a.s.","22.400","deg","20.000","°C","962.000","hPa","0.861","-0.02617","0.00035","0","0","13.56","Humid","35.35","0","78.50","282296.17","SABD0002000014","AAV2.0.0.13","3.0.3.1703","PSt7-10","180509-002","9/13/2019 10:46:52 AM","0000-00","0","no battery","V"
"06/11/2023","10:58:20","9","default","547630319","OXY_CH9","2.375","min","131.849","μmol/L","Humid","26.095","deg","149369","µV","26.744","°C","1017.000","hPa","35.9","pmil","0","55.690","deg","20.000","°C","100.000","%a.s.","22.400","deg","20.000","°C","962.000","hPa","0.861","-0.02617","0.00035","0","0","13.56","Humid","35.35","0","78.50","282297.85","SABD0002000014","AAV2.0.0.13","3.0.3.1703","PSt7-10","180509-002","9/13/2019 10:46:52 AM","0000-00","0","no battery","V"
"06/11/2023","10:58:21","9","default","547630319","OXY_CH9","2.392","min","131.817","μmol/L","Humid","26.098","deg","149367","µV","26.744","°C","1017.000","hPa","35.9","pmil","0","55.690","deg","20.000","°C","100.000","%a.s.","22.400","deg","20.000","°C","962.000","hPa","0.861","-0.02617","0.00035","0","0","13.56","Humid","35.35","0","78.50","282297.27","SABD0002000014","AAV2.0.0.13","3.0.3.1703","PSt7-10","180509-002","9/13/2019 10:46:52 AM","0000-00","0","no battery","V"
"06/11/2023","10:58:22","9","default","547630319","OXY_CH9","2.409","min","131.849","μmol/L","Humid","26.095","deg","149357","µV","26.744","°C","1017.000","hPa","35.9","pmil","0","55.690","deg","20.000","°C","100.000","%a.s.","22.400","deg","20.000","°C","962.000","hPa","0.861","-0.02617","0.00035","0","0","13.56","Humid","35.35","0","78.50","282302.09","SABD0002000014","AAV2.0.0.13","3.0.3.1703","PSt7-10","180509-002","9/13/2019 10:46:52 AM","0000-00","0","no battery","V"
"06/11/2023","10:58:23","9","default","547630319","OXY_CH9","2.425","min","131.873","μmol/L","Humid","26.095","deg","149341","µV","26.738","°C","1017.000","hPa","35.9","pmil","0","55.690","deg","20.000","°C","100.000","%a.s.","22.400","deg","20.000","°C","962.000","hPa","0.861","-0.02617","0.00035","0","0","13.56","Humid","35.35","0","78.50","282286.74","SABD0002000014","AAV2.0.0.13","3.0.3.1703","PSt7-10","180509-002","9/13/2019 10:46:52 AM","0000-00","0","no battery","V"
"06/11/2023","10:58:24","9","default","547630319","OXY_CH9","2.442","min","131.870","μmol/L","Humid","26.093","deg","149337","µV","26.744","°C","1017.000","hPa","35.9","pmil","0","55.690","deg","20.000","°C","100.000","%a.s.","22.400","deg","20.000","°C","962.000","hPa","0.861","-0.02617","0.00035","0","0","13.56","Humid","35.35","0","78.50","282280.92","SABD0002000014","AAV2.0.0.13","3.0.3.1703","PSt7-10","180509-002","9/13/2019 10:46:52 AM","0000-00","0","no battery","V"
"06/11/2023","10:58:25","9","default","547630319","OXY_CH9","2.458","min","131.884","μmol/L","Humid","26.094","deg","149330","µV","26.738","°C","1017.000","hPa","35.9","pmil","0","55.690","deg","20.000","°C","100.000","%a.s.","22.400","deg","20.000","°C","962.000","hPa","0.861","-0.02617","0.00035","0","0","13.56","Humid","35.35","0","78.50","282291.58","SABD0002000014","AAV2.0.0.13","3.0.3.1703","PSt7-10","180509-002","9/13/2019 10:46:52 AM","0000-00","0","no battery","V"
"06/11/2023","10:58:26","9","default","547630319","OXY_CH9","2.475","min","131.878","μmol/L","Humid","26.090","deg","149314","µV","26.750","°C","1017.000","hPa","35.9","pmil","0","55.690","deg","20.000","°C","100.000","%a.s.","22.400","deg","20.000","°C","962.000","hPa","0.861","-0.02617","0.00035","0","0","13.56","Humid","35.35","0","78.50","282285.03","SABD0002000014","AAV2.0.0.13","3.0.3.1703","PSt7-10","180509-002","9/13/2019 10:46:52 AM","0000-00","0","no battery","V"
"06/11/2023","10:58:27","9","default","547630319","OXY_CH9","2.492","min","131.934","μmol/L","Humid","26.087","deg","149318","µV","26.744","°C","1017.000","hPa","35.9","pmil","0","55.690","deg","20.000","°C","100.000","%a.s.","22.400","deg","20.000","°C","962.000","hPa","0.861","-0.02617","0.00035","0","0","13.56","Humid","35.35","0","78.50","282284.24","SABD0002000014","AAV2.0.0.13","3.0.3.1703","PSt7-10","180509-002","9/13/2019 10:46:52 AM","0000-00","0","no battery","V"
"06/11/2023","10:58:28","9","default","547630319","OXY_CH9","2.508","min","131.926","μmol/L","Humid","26.090","deg","149308","µV","26.738","°C","1017.000","hPa","35.9","pmil","0","55.690","deg","20.000","°C","100.000","%a.s.","22.400","deg","20.000","°C","962.000","hPa","0.861","-0.02617","0.00035","0","0","13.56","Humid","35.35","0","78.50","282283.61","SABD0002000014","AAV2.0.0.13","3.0.3.1703","PSt7-10","180509-002","9/13/2019 10:46:52 AM","0000-00","0","no battery","V"
"06/11/2023","10:58:29","9","default","547630319","OXY_CH9","2.525","min","131.924","μmol/L","Humid","26.088","deg","149294","µV","26.744","°C","1017.000","hPa","35.9","pmil","0","55.690","deg","20.000","°C","100.000","%a.s.","22.400","deg","20.000","°C","962.000","hPa","0.861","-0.02617","0.00035","0","0","13.56","Humid","35.35","0","78.50","282277.10","SABD0002000014","AAV2.0.0.13","3.0.3.1703","PSt7-10","180509-002","9/13/2019 10:46:52 AM","0000-00","0","no battery","V"
"06/11/2023","10:58:30","9","default","547630319","OXY_CH9","2.542","min","131.924","μmol/L","Humid","26.088","deg","149296","µV","26.744","°C","1017.000","hPa","35.9","pmil","0","55.690","deg","20.000","°C","100.000","%a.s.","22.400","deg","20.000","°C","962.000","hPa","0.861","-0.02617","0.00035","0","0","13.56","Humid","35.35","0","78.50","282290.41","SABD0002000014","AAV2.0.0.13","3.0.3.1703","PSt7-10","180509-002","9/13/2019 10:46:52 AM","0000-00","0","no battery","V"
"06/11/2023","10:58:31","9","default","547630319","OXY_CH9","2.558","min","131.945","μmol/L","Humid","26.086","deg","149277","µV","26.744","°C","1017.000","hPa","35.9","pmil","0","55.690","deg","20.000","°C","100.000","%a.s.","22.400","deg","20.000","°C","962.000","hPa","0.861","-0.02617","0.00035","0","0","13.56","Humid","35.35","0","78.50","282289.65","SABD0002000014","AAV2.0.0.13","3.0.3.1703","PSt7-10","180509-002","9/13/2019 10:46:52 AM","0000-00","0","no battery","V"
"06/11/2023","10:58:32","9","default","547630319","OXY_CH9","2.575","min","131.977","μmol/L","Humid","26.083","deg","149274","µV","26.744","°C","1017.000","hPa","35.9","pmil","0","55.690","deg","20.000","°C","100.000","%a.s.","22.400","deg","20.000","°C","962.000","hPa","0.861","-0.02617","0.00035","0","0","13.56","Humid","35.35","0","78.50","282279.16","SABD0002000014","AAV2.0.0.13","3.0.3.1703","PSt7-10","180509-002","9/13/2019 10:46:52 AM","0000-00","0","no battery","V"
"06/11/2023","10:58:33","9","default","547630319","OXY_CH9","2.592","min","131.987","μmol/L","Humid","26.082","deg","149268","µV","26.744","°C","1017.000","hPa","35.9","pmil","0","55.690","deg","20.000","°C","100.000","%a.s.","22.400","deg","20.000","°C","962.000","hPa","0.861","-0.02617","0.00035","0","0","13.56","Humid","35.35","0","78.50","282281.11","SABD0002000014","AAV2.0.0.13","3.0.3.1703","PSt7-10","180509-002","9/13/2019 10:46:52 AM","0000-00","0","no battery","V"
"06/11/2023","10:58:34","9","default","547630319","OXY_CH9","2.608","min","131.987","μmol/L","Humid","26.082","deg","149254","µV","26.744","°C","1017.000","hPa","35.9","pmil","0","55.690","deg","20.000","°C","100.000","%a.s.","22.400","deg","20.000","°C","962.000","hPa","0.861","-0.02617","0.00035","0","0","13.56","Humid","35.35","0","78.50","282280.72","SABD0002000014","AAV2.0.0.13","3.0.3.1703","PSt7-10","180509-002","9/13/2019 10:46:52 AM","0000-00","0","no battery","V"
"06/11/2023","10:58:35","9","default","547630319","OXY_CH9","2.625","min","132.001","μmol/L","Humid","26.083","deg","149251","µV","26.738","°C","1017.000","hPa","35.9","pmil","0","55.690","deg","20.000","°C","100.000","%a.s.","22.400","deg","20.000","°C","962.000","hPa","0.861","-0.02617","0.00035","0","0","13.56","Humid","35.35","0","78.50","282278.84","SABD0002000014","AAV2.0.0.13","3.0.3.1703","PSt7-10","180509-002","9/13/2019 10:46:52 AM","0000-00","0","no battery","V"
"06/11/2023","10:58:36","9","default","547630319","OXY_CH9","2.642","min","131.977","μmol/L","Humid","26.083","deg","149241","µV","26.744","°C","1017.000","hPa","35.9","pmil","0","55.690","deg","20.000","°C","100.000","%a.s.","22.400","deg","20.000","°C","962.000","hPa","0.861","-0.02617","0.00035","0","0","13.56","Humid","35.35","0","78.50","282273.51","SABD0002000014","AAV2.0.0.13","3.0.3.1703","PSt7-10","180509-002","9/13/2019 10:46:52 AM","0000-00","0","no battery","V"
"06/11/2023","10:58:37","9","default","547630319","OXY_CH9","2.658","min","131.987","μmol/L","Humid","26.082","deg","149224","µV","26.744","°C","1017.000","hPa","35.9","pmil","0","55.690","deg","20.000","°C","100.000","%a.s.","22.400","deg","20.000","°C","962.000","hPa","0.861","-0.02617","0.00035","0","0","13.56","Humid","35.35","0","78.50","282271.25","SABD0002000014","AAV2.0.0.13","3.0.3.1703","PSt7-10","180509-002","9/13/2019 10:46:52 AM","0000-00","0","no battery","V"
"06/11/2023","10:58:38","9","default","547630319","OXY_CH9","2.675","min","132.033","μmol/L","Humid","26.080","deg","149222","µV","26.738","°C","1017.000","hPa","35.9","pmil","0","55.690","deg","20.000","°C","100.000","%a.s.","22.400","deg","20.000","°C","962.000","hPa","0.861","-0.02617","0.00035","0","0","13.56","Humid","35.35","0","78.50","282270.21","SABD0002000014","AAV2.0.0.13","3.0.3.1703","PSt7-10","180509-002","9/13/2019 10:46:52 AM","0000-00","0","no battery","V"
"06/11/2023","10:58:39","9","default","547630319","OXY_CH9","2.691","min","132.008","μmol/L","Humid","26.080","deg","149216","µV","26.744","°C","1017.000","hPa","35.9","pmil","0","55.690","deg","20.000","°C","100.000","%a.s.","22.400","deg","20.000","°C","962.000","hPa","0.861","-0.02617","0.00035","0","0","13.56","Humid","35.35","0","78.50","282275.84","SABD0002000014","AAV2.0.0.13","3.0.3.1703","PSt7-10","180509-002","9/13/2019 10:46:52 AM","0000-00","0","no battery","V"
"06/11/2023","10:58:40","9","default","547630319","OXY_CH9","2.708","min","132.051","μmol/L","Humid","26.076","deg","149215","µV","26.744","°C","1017.000","hPa","35.9","pmil","0","55.690","deg","20.000","°C","100.000","%a.s.","22.400","deg","20.000","°C","962.000","hPa","0.861","-0.02617","0.00035","0","0","13.56","Humid","35.35","0","78.50","282261.44","SABD0002000014","AAV2.0.0.13","3.0.3.1703","PSt7-10","180509-002","9/13/2019 10:46:52 AM","0000-00","0","no battery","V"
"06/11/2023","10:58:41","9","default","547630319","OXY_CH9","2.725","min","132.064","μmol/L","Humid","26.077","deg","149213","µV","26.738","°C","1017.000","hPa","35.9","pmil","0","55.690","deg","20.000","°C","100.000","%a.s.","22.400","deg","20.000","°C","962.000","hPa","0.861","-0.02617","0.00035","0","0","13.56","Humid","35.35","0","78.50","282268.18","SABD0002000014","AAV2.0.0.13","3.0.3.1703","PSt7-10","180509-002","9/13/2019 10:46:52 AM","0000-00","0","no battery","V"
"06/11/2023","10:58:42","9","default","547630319","OXY_CH9","2.741","min","132.051","μmol/L","Humid","26.076","deg","149194","µV","26.744","°C","1017.000","hPa","35.9","pmil","0","55.690","deg","20.000","°C","100.000","%a.s.","22.400","deg","20.000","°C","962.000","hPa","0.861","-0.02617","0.00035","0","0","13.56","Humid","35.35","0","78.50","282270.76","SABD0002000014","AAV2.0.0.13","3.0.3.1703","PSt7-10","180509-002","9/13/2019 10:46:52 AM","0000-00","0","no battery","V"
"06/11/2023","10:58:43","9","default","547630319","OXY_CH9","2.758","min","132.083","μmol/L","Humid","26.073","deg","149191","µV","26.744","°C","1017.000","hPa","35.9","pmil","0","55.690","deg","20.000","°C","100.000","%a.s.","22.400","deg","20.000","°C","962.000","hPa","0.861","-0.02617","0.00035","0","0","13.56","Humid","35.35","0","78.50","282269.41","SABD0002000014","AAV2.0.0.13","3.0.3.1703","PSt7-10","180509-002","9/13/2019 10:46:52 AM","0000-00","0","no battery","V"
"06/11/2023","10:58:44","9","default","547630319","OXY_CH9","2.775","min","132.096","μmol/L","Humid","26.074","deg","149176","µV","26.738","°C","1017.000","hPa","35.9","pmil","0","55.690","deg","20.000","°C","100.000","%a.s.","22.400","deg","20.000","°C","962.000","hPa","0.861","-0.02617","0.00035","0","0","13.56","Humid","35.35","0","78.50","282275.88","SABD0002000014","AAV2.0.0.13","3.0.3.1703","PSt7-10","180509-002","9/13/2019 10:46:52 AM","0000-00","0","no battery","V"
"06/11/2023","10:58:45","9","default","547630319","OXY_CH9","2.792","min","132.083","μmol/L","Humid","26.073","deg","149166","µV","26.744","°C","1017.000","hPa","35.9","pmil","0","55.690","deg","20.000","°C","100.000","%a.s.","22.400","deg","20.000","°C","962.000","hPa","0.861","-0.02617","0.00035","0","0","13.56","Humid","35.35","0","78.50","282264.59","SABD0002000014","AAV2.0.0.13","3.0.3.1703","PSt7-10","180509-002","9/13/2019 10:46:52 AM","0000-00","0","no battery","V"
"06/11/2023","10:58:46","9","default","547630319","OXY_CH9","2.808","min","132.093","μmol/L","Humid","26.072","deg","149159","µV","26.744","°C","1017.000","hPa","35.9","pmil","0","55.690","deg","20.000","°C","100.000","%a.s.","22.400","deg","20.000","°C","962.000","hPa","0.861","-0.02617","0.00035","0","0","13.56","Humid","35.35","0","78.50","282271.11","SABD0002000014","AAV2.0.0.13","3.0.3.1703","PSt7-10","180509-002","9/13/2019 10:46:52 AM","0000-00","0","no battery","V"
"06/11/2023","10:58:47","9","default","547630319","OXY_CH9","2.824","min","132.163","μmol/L","Humid","26.070","deg","149159","µV","26.732","°C","1017.000","hPa","35.9","pmil","0","55.690","deg","20.000","°C","100.000","%a.s.","22.400","deg","20.000","°C","962.000","hPa","0.861","-0.02617","0.00035","0","0","13.56","Humid","35.35","0","78.50","282260.82","SABD0002000014","AAV2.0.0.13","3.0.3.1703","PSt7-10","180509-002","9/13/2019 10:46:52 AM","0000-00","0","no battery","V"
"06/11/2023","10:58:48","9","default","547630319","OXY_CH9","2.842","min","132.139","μmol/L","Humid","26.070","deg","149154","µV","26.738","°C","1017.000","hPa","35.9","pmil","0","55.690","deg","20.000","°C","100.000","%a.s.","22.400","deg","20.000","°C","962.000","hPa","0.861","-0.02617","0.00035","0","0","13.56","Humid","35.35","0","78.50","282259.27","SABD0002000014","AAV2.0.0.13","3.0.3.1703","PSt7-10","180509-002","9/13/2019 10:46:52 AM","0000-00","0","no battery","V"
"06/11/2023","10:58:49","9","default","547630319","OXY_CH9","2.858","min","132.160","μmol/L","Humid","26.068","deg","149138","µV","26.738","°C","1017.000","hPa","35.9","pmil","0","55.690","deg","20.000","°C","100.000","%a.s.","22.400","deg","20.000","°C","962.000","hPa","0.861","-0.02617","0.00035","0","0","13.56","Humid","35.35","0","78.50","282253.34","SABD0002000014","AAV2.0.0.13","3.0.3.1703","PSt7-10","180509-002","9/13/2019 10:46:52 AM","0000-00","0","no battery","V"
"06/11/2023","10:58:50","9","default","547630319","OXY_CH9","2.875","min","132.195","μmol/L","Humid","26.067","deg","149127","µV","26.732","°C","1017.000","hPa","35.9","pmil","0","55.690","deg","20.000","°C","100.000","%a.s.","22.400","deg","20.000","°C","962.000","hPa","0.861","-0.02617","0.00035","0","0","13.56","Humid","35.35","0","78.50","282249.40","SABD0002000014","AAV2.0.0.13","3.0.3.1703","PSt7-10","180509-002","9/13/2019 10:46:52 AM","0000-00","0","no battery","V"
"06/11/2023","10:58:51","9","default","547630319","OXY_CH9","2.892","min","132.205","μmol/L","Humid","26.066","deg","149131","µV","26.732","°C","1017.000","hPa","35.9","pmil","0","55.690","deg","20.000","°C","100.000","%a.s.","22.400","deg","20.000","°C","962.000","hPa","0.861","-0.02617","0.00035","0","0","13.56","Humid","35.35","0","78.50","282255.06","SABD0002000014","AAV2.0.0.13","3.0.3.1703","PSt7-10","180509-002","9/13/2019 10:46:52 AM","0000-00","0","no battery","V"
"06/11/2023","10:58:52","9","default","547630319","OXY_CH9","2.908","min","132.216","μmol/L","Humid","26.065","deg","149114","µV","26.732","°C","1017.000","hPa","35.9","pmil","0","55.690","deg","20.000","°C","100.000","%a.s.","22.400","deg","20.000","°C","962.000","hPa","0.861","-0.02617","0.00035","0","0","13.56","Humid","35.35","0","78.50","282251.73","SABD0002000014","AAV2.0.0.13","3.0.3.1703","PSt7-10","180509-002","9/13/2019 10:46:52 AM","0000-00","0","no battery","V"
"06/11/2023","10:58:53","9","default","547630319","OXY_CH9","2.925","min","132.203","μmol/L","Humid","26.064","deg","149114","µV","26.738","°C","1017.000","hPa","35.9","pmil","0","55.690","deg","20.000","°C","100.000","%a.s.","22.400","deg","20.000","°C","962.000","hPa","0.861","-0.02617","0.00035","0","0","13.56","Humid","35.35","0","78.50","282251.63","SABD0002000014","AAV2.0.0.13","3.0.3.1703","PSt7-10","180509-002","9/13/2019 10:46:52 AM","0000-00","0","no battery","V"
"06/11/2023","10:58:54","9","default","547630319","OXY_CH9","2.941","min","132.189","μmol/L","Humid","26.063","deg","149096","µV","26.744","°C","1017.000","hPa","35.9","pmil","0","55.690","deg","20.000","°C","100.000","%a.s.","22.400","deg","20.000","°C","962.000","hPa","0.861","-0.02617","0.00035","0","0","13.56","Humid","35.35","0","78.50","282255.43","SABD0002000014","AAV2.0.0.13","3.0.3.1703","PSt7-10","180509-002","9/13/2019 10:46:52 AM","0000-00","0","no battery","V"
"06/11/2023","10:58:55","9","default","547630319","OXY_CH9","2.958","min","132.237","μmol/L","Humid","26.063","deg","149093","µV","26.732","°C","1017.000","hPa","35.9","pmil","0","55.690","deg","20.000","°C","100.000","%a.s.","22.400","deg","20.000","°C","962.000","hPa","0.861","-0.02617","0.00035","0","0","13.56","Humid","35.35","0","78.50","282252.10","SABD0002000014","AAV2.0.0.13","3.0.3.1703","PSt7-10","180509-002","9/13/2019 10:46:52 AM","0000-00","0","no battery","V"
"06/11/2023","10:58:56","9","default","547630319","OXY_CH9","2.975","min","132.269","μmol/L","Humid","26.060","deg","149084","µV","26.732","°C","1017.000","hPa","35.9","pmil","0","55.690","deg","20.000","°C","100.000","%a.s.","22.400","deg","20.000","°C","962.000","hPa","0.861","-0.02617","0.00035","0","0","13.56","Humid","35.35","0","78.50","282253.17","SABD0002000014","AAV2.0.0.13","3.0.3.1703","PSt7-10","180509-002","9/13/2019 10:46:52 AM","0000-00","0","no battery","V"
"06/11/2023","10:58:57","9","default","547630319","OXY_CH9","2.991","min","132.210","μmol/L","Humid","26.061","deg","149066","µV","26.744","°C","1017.000","hPa","35.9","pmil","0","55.690","deg","20.000","°C","100.000","%a.s.","22.400","deg","20.000","°C","962.000","hPa","0.861","-0.02617","0.00035","0","0","13.56","Humid","35.35","0","78.50","282256.24","SABD0002000014","AAV2.0.0.13","3.0.3.1703","PSt7-10","180509-002","9/13/2019 10:46:52 AM","0000-00","0","no battery","V"
"06/11/2023","10:58:58","9","default","547630319","OXY_CH9","3.008","min","132.259","μmol/L","Humid","26.061","deg","149063","µV","26.732","°C","1017.000","hPa","35.9","pmil","0","55.690","deg","20.000","°C","100.000","%a.s.","22.400","deg","20.000","°C","962.000","hPa","0.861","-0.02617","0.00035","0","0","13.56","Humid","35.35","0","78.50","282247.46","SABD0002000014","AAV2.0.0.13","3.0.3.1703","PSt7-10","180509-002","9/13/2019 10:46:52 AM","0000-00","0","no battery","V"
"06/11/2023","10:58:59","9","default","547630319","OXY_CH9","3.025","min","132.256","μmol/L","Humid","26.059","deg","149053","µV","26.738","°C","1017.000","hPa","35.9","pmil","0","55.690","deg","20.000","°C","100.000","%a.s.","22.400","deg","20.000","°C","962.000","hPa","0.861","-0.02617","0.00035","0","0","13.56","Humid","35.35","0","78.50","282237.78","SABD0002000014","AAV2.0.0.13","3.0.3.1703","PSt7-10","180509-002","9/13/2019 10:46:52 AM","0000-00","0","no battery","V"
"06/11/2023","10:59:00","9","default","547630319","OXY_CH9","3.042","min","132.288","μmol/L","Humid","26.056","deg","149053","µV","26.738","°C","1017.000","hPa","35.9","pmil","0","55.690","deg","20.000","°C","100.000","%a.s.","22.400","deg","20.000","°C","962.000","hPa","0.861","-0.02617","0.00035","0","0","13.56","Humid","35.35","0","78.50","282249.14","SABD0002000014","AAV2.0.0.13","3.0.3.1703","PSt7-10","180509-002","9/13/2019 10:46:52 AM","0000-00","0","no battery","V"
"06/11/2023","10:59:01","9","default","547630319","OXY_CH9","3.059","min","132.298","μmol/L","Humid","26.055","deg","149043","µV","26.738","°C","1017.000","hPa","35.9","pmil","0","55.690","deg","20.000","°C","100.000","%a.s.","22.400","deg","20.000","°C","962.000","hPa","0.861","-0.02617","0.00035","0","0","13.56","Humid","35.35","0","78.50","282252.86","SABD0002000014","AAV2.0.0.13","3.0.3.1703","PSt7-10","180509-002","9/13/2019 10:46:52 AM","0000-00","0","no battery","V"
"06/11/2023","10:59:02","9","default","547630319","OXY_CH9","3.075","min","132.288","μmol/L","Humid","26.056","deg","149019","µV","26.738","°C","1017.000","hPa","35.9","pmil","0","55.690","deg","20.000","°C","100.000","%a.s.","22.400","deg","20.000","°C","962.000","hPa","0.861","-0.02617","0.00035","0","0","13.56","Humid","35.35","0","78.50","282239.07","SABD0002000014","AAV2.0.0.13","3.0.3.1703","PSt7-10","180509-002","9/13/2019 10:46:52 AM","0000-00","0","no battery","V"
"06/11/2023","10:59:03","9","default","547630319","OXY_CH9","3.091","min","132.330","μmol/L","Humid","26.052","deg","149021","µV","26.738","°C","1017.000","hPa","35.9","pmil","0","55.690","deg","20.000","°C","100.000","%a.s.","22.400","deg","20.000","°C","962.000","hPa","0.861","-0.02617","0.00035","0","0","13.56","Humid","35.35","0","78.50","282230.34","SABD0002000014","AAV2.0.0.13","3.0.3.1703","PSt7-10","180509-002","9/13/2019 10:46:52 AM","0000-00","0","no battery","V"
"06/11/2023","10:59:04","9","default","547630319","OXY_CH9","3.108","min","132.288","μmol/L","Humid","26.056","deg","149006","µV","26.738","°C","1017.000","hPa","35.9","pmil","0","55.690","deg","20.000","°C","100.000","%a.s.","22.400","deg","20.000","°C","962.000","hPa","0.861","-0.02617","0.00035","0","0","13.56","Humid","35.35","0","78.50","282239.47","SABD0002000014","AAV2.0.0.13","3.0.3.1703","PSt7-10","180509-002","9/13/2019 10:46:52 AM","0000-00","0","no battery","V"
"06/11/2023","10:59:05","9","default","547630319","OXY_CH9","3.125","min","132.341","μmol/L","Humid","26.051","deg","148998","µV","26.738","°C","1017.000","hPa","35.9","pmil","0","55.690","deg","20.000","°C","100.000","%a.s.","22.400","deg","20.000","°C","962.000","hPa","0.861","-0.02617","0.00035","0","0","13.56","Humid","35.35","0","78.50","282229.58","SABD0002000014","AAV2.0.0.13","3.0.3.1703","PSt7-10","180509-002","9/13/2019 10:46:52 AM","0000-00","0","no battery","V"
"06/11/2023","10:59:06","9","default","547630319","OXY_CH9","3.141","min","132.365","μmol/L","Humid","26.051","deg","148993","µV","26.732","°C","1017.000","hPa","35.9","pmil","0","55.690","deg","20.000","°C","100.000","%a.s.","22.400","deg","20.000","°C","962.000","hPa","0.861","-0.02617","0.00035","0","0","13.56","Humid","35.35","0","78.50","282224.88","SABD0002000014","AAV2.0.0.13","3.0.3.1703","PSt7-10","180509-002","9/13/2019 10:46:52 AM","0000-00","0","no battery","V"
"06/11/2023","10:59:07","9","default","547630319","OXY_CH9","3.159","min","132.352","μmol/L","Humid","26.050","deg","148991","µV","26.738","°C","1017.000","hPa","35.9","pmil","0","55.690","deg","20.000","°C","100.000","%a.s.","22.400","deg","20.000","°C","962.000","hPa","0.861","-0.02617","0.00035","0","0","13.56","Humid","35.35","0","78.50","282229.37","SABD0002000014","AAV2.0.0.13","3.0.3.1703","PSt7-10","180509-002","9/13/2019 10:46:52 AM","0000-00","0","no battery","V"
"06/11/2023","10:59:08","9","default","547630319","OXY_CH9","3.175","min","132.362","μmol/L","Humid","26.049","deg","148968","µV","26.738","°C","1017.000","hPa","35.9","pmil","0","55.690","deg","20.000","°C","100.000","%a.s.","22.400","deg","20.000","°C","962.000","hPa","0.861","-0.02617","0.00035","0","0","13.56","Humid","35.35","0","78.50","282211.36","SABD0002000014","AAV2.0.0.13","3.0.3.1703","PSt7-10","180509-002","9/13/2019 10:46:52 AM","0000-00","0","no battery","V"
"06/11/2023","10:59:09","9","default","547630319","OXY_CH9","3.191","min","132.349","μmol/L","Humid","26.048","deg","148967","µV","26.744","°C","1017.000","hPa","35.9","pmil","0","55.690","deg","20.000","°C","100.000","%a.s.","22.400","deg","20.000","°C","962.000","hPa","0.861","-0.02617","0.00035","0","0","13.56","Humid","35.35","0","78.50","282214.24","SABD0002000014","AAV2.0.0.13","3.0.3.1703","PSt7-10","180509-002","9/13/2019 10:46:52 AM","0000-00","0","no battery","V"
"06/11/2023","10:59:10","9","default","547630319","OXY_CH9","3.208","min","132.418","μmol/L","Humid","26.046","deg","148966","µV","26.732","°C","1017.000","hPa","35.9","pmil","0","55.690","deg","20.000","°C","100.000","%a.s.","22.400","deg","20.000","°C","962.000","hPa","0.861","-0.02617","0.00035","0","0","13.56","Humid","35.35","0","78.50","282223.95","SABD0002000014","AAV2.0.0.13","3.0.3.1703","PSt7-10","180509-002","9/13/2019 10:46:52 AM","0000-00","0","no battery","V"
"06/11/2023","10:59:11","9","default","547630319","OXY_CH9","3.224","min","132.429","μmol/L","Humid","26.045","deg","148943","µV","26.732","°C","1017.000","hPa","35.9","pmil","0","55.690","deg","20.000","°C","100.000","%a.s.","22.400","deg","20.000","°C","962.000","hPa","0.861","-0.02617","0.00035","0","0","13.56","Humid","35.35","0","78.50","282222.03","SABD0002000014","AAV2.0.0.13","3.0.3.1703","PSt7-10","180509-002","9/13/2019 10:46:52 AM","0000-00","0","no battery","V"
"06/11/2023","10:59:12","9","default","547630319","OXY_CH9","3.242","min","132.405","μmol/L","Humid","26.045","deg","148936","µV","26.738","°C","1017.000","hPa","35.9","pmil","0","55.690","deg","20.000","°C","100.000","%a.s.","22.400","deg","20.000","°C","962.000","hPa","0.861","-0.02617","0.00035","0","0","13.56","Humid","35.35","0","78.50","282217.53","SABD0002000014","AAV2.0.0.13","3.0.3.1703","PSt7-10","180509-002","9/13/2019 10:46:52 AM","0000-00","0","no battery","V"
"06/11/2023","10:59:13","9","default","547630319","OXY_CH9","3.258","min","132.426","μmol/L","Humid","26.043","deg","148930","µV","26.738","°C","1017.000","hPa","35.9","pmil","0","55.690","deg","20.000","°C","100.000","%a.s.","22.400","deg","20.000","°C","962.000","hPa","0.861","-0.02617","0.00035","0","0","13.56","Humid","35.35","0","78.50","282225.80","SABD0002000014","AAV2.0.0.13","3.0.3.1703","PSt7-10","180509-002","9/13/2019 10:46:52 AM","0000-00","0","no battery","V"
"06/11/2023","10:59:14","9","default","547630319","OXY_CH9","3.275","min","132.448","μmol/L","Humid","26.041","deg","148926","µV","26.738","°C","1017.000","hPa","35.9","pmil","0","55.690","deg","20.000","°C","100.000","%a.s.","22.400","deg","20.000","°C","962.000","hPa","0.861","-0.02617","0.00035","0","0","13.56","Humid","35.35","0","78.50","282218.19","SABD0002000014","AAV2.0.0.13","3.0.3.1703","PSt7-10","180509-002","9/13/2019 10:46:52 AM","0000-00","0","no battery","V"
"06/11/2023","10:59:15","9","default","547630319","OXY_CH9","3.292","min","132.480","μmol/L","Humid","26.038","deg","148920","µV","26.738","°C","1017.000","hPa","35.9","pmil","0","55.690","deg","20.000","°C","100.000","%a.s.","22.400","deg","20.000","°C","962.000","hPa","0.861","-0.02617","0.00035","0","0","13.56","Humid","35.35","0","78.50","282231.41","SABD0002000014","AAV2.0.0.13","3.0.3.1703","PSt7-10","180509-002","9/13/2019 10:46:52 AM","0000-00","0","no battery","V"
"06/11/2023","10:59:16","9","default","547630319","OXY_CH9","3.308","min","132.493","μmol/L","Humid","26.039","deg","148905","µV","26.732","°C","1017.000","hPa","35.9","pmil","0","55.690","deg","20.000","°C","100.000","%a.s.","22.400","deg","20.000","°C","962.000","hPa","0.861","-0.02617","0.00035","0","0","13.56","Humid","35.35","0","78.50","282205.80","SABD0002000014","AAV2.0.0.13","3.0.3.1703","PSt7-10","180509-002","9/13/2019 10:46:52 AM","0000-00","0","no battery","V"
"06/11/2023","10:59:17","9","default","547630319","OXY_CH9","3.324","min","132.493","μmol/L","Humid","26.039","deg","148898","µV","26.732","°C","1017.000","hPa","35.9","pmil","0","55.690","deg","20.000","°C","100.000","%a.s.","22.400","deg","20.000","°C","962.000","hPa","0.861","-0.02617","0.00035","0","0","13.56","Humid","35.35","0","78.50","282212.03","SABD0002000014","AAV2.0.0.13","3.0.3.1703","PSt7-10","180509-002","9/13/2019 10:46:52 AM","0000-00","0","no battery","V"
"06/11/2023","10:59:18","9","default","547630319","OXY_CH9","3.342","min","132.522","μmol/L","Humid","26.034","deg","148887","µV","26.738","°C","1017.000","hPa","35.9","pmil","0","55.690","deg","20.000","°C","100.000","%a.s.","22.400","deg","20.000","°C","962.000","hPa","0.861","-0.02617","0.00035","0","0","13.56","Humid","35.35","0","78.50","282209.61","SABD0002000014","AAV2.0.0.13","3.0.3.1703","PSt7-10","180509-002","9/13/2019 10:46:52 AM","0000-00","0","no battery","V"
"06/11/2023","10:59:19","9","default","547630319","OXY_CH9","3.358","min","132.477","μmol/L","Humid","26.036","deg","148879","µV","26.744","°C","1017.000","hPa","35.9","pmil","0","55.690","deg","20.000","°C","100.000","%a.s.","22.400","deg","20.000","°C","962.000","hPa","0.861","-0.02617","0.00035","0","0","13.56","Humid","35.35","0","78.50","282206.76","SABD0002000014","AAV2.0.0.13","3.0.3.1703","PSt7-10","180509-002","9/13/2019 10:46:52 AM","0000-00","0","no battery","V"
"06/11/2023","10:59:20","9","default","547630319","OXY_CH9","3.375","min","132.512","μmol/L","Humid","26.035","deg","148872","µV","26.738","°C","1017.000","hPa","35.9","pmil","0","55.690","deg","20.000","°C","100.000","%a.s.","22.400","deg","20.000","°C","962.000","hPa","0.861","-0.02617","0.00035","0","0","13.56","Humid","35.35","0","78.50","282222.59","SABD0002000014","AAV2.0.0.13","3.0.3.1703","PSt7-10","180509-002","9/13/2019 10:46:52 AM","0000-00","0","no battery","V"
"06/11/2023","10:59:21","9","default","547630319","OXY_CH9","3.392","min","132.501","μmol/L","Humid","26.036","deg","148863","µV","26.738","°C","1017.000","hPa","35.9","pmil","0","55.690","deg","20.000","°C","100.000","%a.s.","22.400","deg","20.000","°C","962.000","hPa","0.861","-0.02617","0.00035","0","0","13.56","Humid","35.35","0","78.50","282219.40","SABD0002000014","AAV2.0.0.13","3.0.3.1703","PSt7-10","180509-002","9/13/2019 10:46:52 AM","0000-00","0","no battery","V"
"06/11/2023","10:59:22","9","default","547630319","OXY_CH9","3.408","min","132.509","μmol/L","Humid","26.033","deg","148852","µV","26.744","°C","1017.000","hPa","35.9","pmil","0","55.690","deg","20.000","°C","100.000","%a.s.","22.400","deg","20.000","°C","962.000","hPa","0.861","-0.02617","0.00035","0","0","13.56","Humid","35.35","0","78.50","282211.48","SABD0002000014","AAV2.0.0.13","3.0.3.1703","PSt7-10","180509-002","9/13/2019 10:46:52 AM","0000-00","0","no battery","V"
"06/11/2023","10:59:23","9","default","547630319","OXY_CH9","3.425","min","132.578","μmol/L","Humid","26.031","deg","148851","µV","26.732","°C","1017.000","hPa","35.9","pmil","0","55.690","deg","20.000","°C","100.000","%a.s.","22.400","deg","20.000","°C","962.000","hPa","0.861","-0.02617","0.00035","0","0","13.56","Humid","35.35","0","78.50","282213.59","SABD0002000014","AAV2.0.0.13","3.0.3.1703","PSt7-10","180509-002","9/13/2019 10:46:52 AM","0000-00","0","no battery","V"
"06/11/2023","10:59:24","9","default","547630319","OXY_CH9","3.441","min","132.586","μmol/L","Humid","26.028","deg","148834","µV","26.738","°C","1017.000","hPa","35.9","pmil","0","55.690","deg","20.000","°C","100.000","%a.s.","22.400","deg","20.000","°C","962.000","hPa","0.861","-0.02617","0.00035","0","0","13.56","Humid","35.35","0","78.50","282208.30","SABD0002000014","AAV2.0.0.13","3.0.3.1703","PSt7-10","180509-002","9/13/2019 10:46:52 AM","0000-00","0","no battery","V"
"06/11/2023","10:59:25","9","default","547630319","OXY_CH9","3.458","min","132.544","μmol/L","Humid","26.032","deg","148808","µV","26.738","°C","1017.000","hPa","35.9","pmil","0","55.690","deg","20.000","°C","100.000","%a.s.","22.400","deg","20.000","°C","962.000","hPa","0.861","-0.02617","0.00035","0","0","13.56","Humid","35.35","0","78.50","282203.66","SABD0002000014","AAV2.0.0.13","3.0.3.1703","PSt7-10","180509-002","9/13/2019 10:46:52 AM","0000-00","0","no battery","V"
"06/11/2023","10:59:26","9","default","547630319","OXY_CH9","3.475","min","132.586","μmol/L","Humid","26.028","deg","148796","µV","26.738","°C","1017.000","hPa","35.9","pmil","0","55.690","deg","20.000","°C","100.000","%a.s.","22.400","deg","20.000","°C","962.000","hPa","0.861","-0.02617","0.00035","0","0","13.56","Humid","35.35","0","78.50","282203.41","SABD0002000014","AAV2.0.0.13","3.0.3.1703","PSt7-10","180509-002","9/13/2019 10:46:52 AM","0000-00","0","no battery","V"
"06/11/2023","10:59:27","9","default","547630319","OXY_CH9","3.491","min","132.618","μmol/L","Humid","26.025","deg","148802","µV","26.738","°C","1017.000","hPa","35.9","pmil","0","55.690","deg","20.000","°C","100.000","%a.s.","22.400","deg","20.000","°C","962.000","hPa","0.861","-0.02617","0.00035","0","0","13.56","Humid","35.35","0","78.50","282209.37","SABD0002000014","AAV2.0.0.13","3.0.3.1703","PSt7-10","180509-002","9/13/2019 10:46:52 AM","0000-00","0","no battery","V"
"06/11/2023","10:59:28","9","default","547630319","OXY_CH9","3.508","min","132.629","μmol/L","Humid","26.024","deg","148804","µV","26.738","°C","1017.000","hPa","35.9","pmil","0","55.690","deg","20.000","°C","100.000","%a.s.","22.400","deg","20.000","°C","962.000","hPa","0.861","-0.02617","0.00035","0","0","13.56","Humid","35.35","0","78.50","282214.67","SABD0002000014","AAV2.0.0.13","3.0.3.1703","PSt7-10","180509-002","9/13/2019 10:46:52 AM","0000-00","0","no battery","V"
"06/11/2023","10:59:29","9","default","547630319","OXY_CH9","3.524","min","132.608","μmol/L","Humid","26.026","deg","148774","µV","26.738","°C","1017.000","hPa","35.9","pmil","0","55.690","deg","20.000","°C","100.000","%a.s.","22.400","deg","20.000","°C","962.000","hPa","0.861","-0.02617","0.00035","0","0","13.56","Humid","35.35","0","78.50","282197.33","SABD0002000014","AAV2.0.0.13","3.0.3.1703","PSt7-10","180509-002","9/13/2019 10:46:52 AM","0000-00","0","no battery","V"
"06/11/2023","10:59:30","9","default","547630319","OXY_CH9","3.541","min","132.629","μmol/L","Humid","26.024","deg","148769","µV","26.738","°C","1017.000","hPa","35.9","pmil","0","55.690","deg","20.000","°C","100.000","%a.s.","22.400","deg","20.000","°C","962.000","hPa","0.861","-0.02617","0.00035","0","0","13.56","Humid","35.35","0","78.50","282202.67","SABD0002000014","AAV2.0.0.13","3.0.3.1703","PSt7-10","180509-002","9/13/2019 10:46:52 AM","0000-00","0","no battery","V"
"06/11/2023","10:59:31","9","default","547630319","OXY_CH9","3.559","min","132.675","μmol/L","Humid","26.022","deg","148770","µV","26.732","°C","1017.000","hPa","35.9","pmil","0","55.690","deg","20.000","°C","100.000","%a.s.","22.400","deg","20.000","°C","962.000","hPa","0.861","-0.02617","0.00035","0","0","13.56","Humid","35.35","0","78.50","282200.41","SABD0002000014","AAV2.0.0.13","3.0.3.1703","PSt7-10","180509-002","9/13/2019 10:46:52 AM","0000-00","0","no battery","V"
"06/11/2023","10:59:32","9","default","547630319","OXY_CH9","3.575","min","132.650","μmol/L","Humid","26.022","deg","148750","µV","26.738","°C","1017.000","hPa","35.9","pmil","0","55.690","deg","20.000","°C","100.000","%a.s.","22.400","deg","20.000","°C","962.000","hPa","0.861","-0.02617","0.00035","0","0","13.56","Humid","35.35","0","78.50","282195.93","SABD0002000014","AAV2.0.0.13","3.0.3.1703","PSt7-10","180509-002","9/13/2019 10:46:52 AM","0000-00","0","no battery","V"
"06/11/2023","10:59:33","9","default","547630319","OXY_CH9","3.591","min","132.661","μmol/L","Humid","26.021","deg","148747","µV","26.738","°C","1017.000","hPa","35.9","pmil","0","55.690","deg","20.000","°C","100.000","%a.s.","22.400","deg","20.000","°C","962.000","hPa","0.861","-0.02617","0.00035","0","0","13.56","Humid","35.35","0","78.50","282201.28","SABD0002000014","AAV2.0.0.13","3.0.3.1703","PSt7-10","180509-002","9/13/2019 10:46:52 AM","0000-00","0","no battery","V"
"06/11/2023","10:59:34","9","default","547630319","OXY_CH9","3.608","min","132.637","μmol/L","Humid","26.021","deg","148744","µV","26.744","°C","1017.000","hPa","35.9","pmil","0","55.690","deg","20.000","°C","100.000","%a.s.","22.400","deg","20.000","°C","962.000","hPa","0.861","-0.02617","0.00035","0","0","13.56","Humid","35.35","0","78.50","282200.52","SABD0002000014","AAV2.0.0.13","3.0.3.1703","PSt7-10","180509-002","9/13/2019 10:46:52 AM","0000-00","0","no battery","V"
"06/11/2023","10:59:35","9","default","547630319","OXY_CH9","3.625","min","132.725","μmol/L","Humid","26.015","deg","148728","µV","26.738","°C","1017.000","hPa","35.9","pmil","0","55.690","deg","20.000","°C","100.000","%a.s.","22.400","deg","20.000","°C","962.000","hPa","0.861","-0.02617","0.00035","0","0","13.56","Humid","35.35","0","78.50","282202.20","SABD0002000014","AAV2.0.0.13","3.0.3.1703","PSt7-10","180509-002","9/13/2019 10:46:52 AM","0000-00","0","no battery","V"
"06/11/2023","10:59:36","9","default","547630319","OXY_CH9","3.641","min","132.693","μmol/L","Humid","26.018","deg","148710","µV","26.738","°C","1017.000","hPa","35.9","pmil","0","55.690","deg","20.000","°C","100.000","%a.s.","22.400","deg","20.000","°C","962.000","hPa","0.861","-0.02617","0.00035","0","0","13.56","Humid","35.35","0","78.50","282175.69","SABD0002000014","AAV2.0.0.13","3.0.3.1703","PSt7-10","180509-002","9/13/2019 10:46:52 AM","0000-00","0","no battery","V"
"06/11/2023","10:59:37","9","default","547630319","OXY_CH9","3.658","min","132.715","μmol/L","Humid","26.016","deg","148713","µV","26.738","°C","1017.000","hPa","35.9","pmil","0","55.690","deg","20.000","°C","100.000","%a.s.","22.400","deg","20.000","°C","962.000","hPa","0.861","-0.02617","0.00035","0","0","13.56","Humid","35.35","0","78.50","282204.49","SABD0002000014","AAV2.0.0.13","3.0.3.1703","PSt7-10","180509-002","9/13/2019 10:46:52 AM","0000-00","0","no battery","V"
"06/11/2023","10:59:38","9","default","547630319","OXY_CH9","3.675","min","132.747","μmol/L","Humid","26.013","deg","148708","µV","26.738","°C","1017.000","hPa","35.9","pmil","0","55.690","deg","20.000","°C","100.000","%a.s.","22.400","deg","20.000","°C","962.000","hPa","0.861","-0.02617","0.00035","0","0","13.56","Humid","35.35","0","78.50","282193.71","SABD0002000014","AAV2.0.0.13","3.0.3.1703","PSt7-10","180509-002","9/13/2019 10:46:52 AM","0000-00","0","no battery","V"
"06/11/2023","10:59:39","9","default","547630319","OXY_CH9","3.691","min","132.725","μmol/L","Humid","26.015","deg","148683","µV","26.738","°C","1017.000","hPa","35.9","pmil","0","55.690","deg","20.000","°C","100.000","%a.s.","22.400","deg","20.000","°C","962.000","hPa","0.861","-0.02617","0.00035","0","0","13.56","Humid","35.35","0","78.50","282190.22","SABD0002000014","AAV2.0.0.13","3.0.3.1703","PSt7-10","180509-002","9/13/2019 10:46:52 AM","0000-00","0","no battery","V"
"06/11/2023","10:59:40","9","default","547630319","OXY_CH9","3.708","min","132.800","μmol/L","Humid","26.008","deg","148678","µV","26.738","°C","1017.000","hPa","35.9","pmil","0","55.690","deg","20.000","°C","100.000","%a.s.","22.400","deg","20.000","°C","962.000","hPa","0.861","-0.02617","0.00035","0","0","13.56","Humid","35.35","0","78.50","282183.61","SABD0002000014","AAV2.0.0.13","3.0.3.1703","PSt7-10","180509-002","9/13/2019 10:46:52 AM","0000-00","0","no battery","V"
"06/11/2023","10:59:41","9","default","547630319","OXY_CH9","3.724","min","132.792","μmol/L","Humid","26.011","deg","148661","µV","26.732","°C","1017.000","hPa","35.9","pmil","0","55.690","deg","20.000","°C","100.000","%a.s.","22.400","deg","20.000","°C","962.000","hPa","0.861","-0.02617","0.00035","0","0","13.56","Humid","35.35","0","78.50","282179.89","SABD0002000014","AAV2.0.0.13","3.0.3.1703","PSt7-10","180509-002","9/13/2019 10:46:52 AM","0000-00","0","no battery","V"
"06/11/2023","10:59:42","9","default","547630319","OXY_CH9","3.741","min","132.811","μmol/L","Humid","26.007","deg","148656","µV","26.738","°C","1017.000","hPa","35.9","pmil","0","55.690","deg","20.000","°C","100.000","%a.s.","22.400","deg","20.000","°C","962.000","hPa","0.861","-0.02617","0.00035","0","0","13.56","Humid","35.35","0","78.50","282183.57","SABD0002000014","AAV2.0.0.13","3.0.3.1703","PSt7-10","180509-002","9/13/2019 10:46:52 AM","0000-00","0","no battery","V"
"06/11/2023","10:59:43","9","default","547630319","OXY_CH9","3.758","min","132.835","μmol/L","Humid","26.007","deg","148640","µV","26.732","°C","1017.000","hPa","35.9","pmil","0","55.690","deg","20.000","°C","100.000","%a.s.","22.400","deg","20.000","°C","962.000","hPa","0.861","-0.02617","0.00035","0","0","13.56","Humid","35.35","0","78.50","282177.84","SABD0002000014","AAV2.0.0.13","3.0.3.1703","PSt7-10","180509-002","9/13/2019 10:46:52 AM","0000-00","0","no battery","V"
"06/11/2023","10:59:44","9","default","547630319","OXY_CH9","3.775","min","132.832","μmol/L","Humid","26.005","deg","148639","µV","26.738","°C","1017.000","hPa","35.9","pmil","0","55.690","deg","20.000","°C","100.000","%a.s.","22.400","deg","20.000","°C","962.000","hPa","0.861","-0.02617","0.00035","0","0","13.56","Humid","35.35","0","78.50","282174.62","SABD0002000014","AAV2.0.0.13","3.0.3.1703","PSt7-10","180509-002","9/13/2019 10:46:52 AM","0000-00","0","no battery","V"
"06/11/2023","10:59:45","9","default","547630319","OXY_CH9","3.791","min","132.811","μmol/L","Humid","26.007","deg","148626","µV","26.738","°C","1017.000","hPa","35.9","pmil","0","55.690","deg","20.000","°C","100.000","%a.s.","22.400","deg","20.000","°C","962.000","hPa","0.861","-0.02617","0.00035","0","0","13.56","Humid","35.35","0","78.50","282171.82","SABD0002000014","AAV2.0.0.13","3.0.3.1703","PSt7-10","180509-002","9/13/2019 10:46:52 AM","0000-00","0","no battery","V"
"06/11/2023","10:59:46","9","default","547630319","OXY_CH9","3.808","min","132.888","μmol/L","Humid","26.002","deg","148616","µV","26.732","°C","1017.000","hPa","35.9","pmil","0","55.690","deg","20.000","°C","100.000","%a.s.","22.400","deg","20.000","°C","962.000","hPa","0.861","-0.02617","0.00035","0","0","13.56","Humid","35.35","0","78.50","282158.67","SABD0002000014","AAV2.0.0.13","3.0.3.1703","PSt7-10","180509-002","9/13/2019 10:46:52 AM","0000-00","0","no battery","V"
"06/11/2023","10:59:47","9","default","547630319","OXY_CH9","3.825","min","132.832","μmol/L","Humid","26.005","deg","148614","µV","26.738","°C","1017.000","hPa","35.9","pmil","0","55.690","deg","20.000","°C","100.000","%a.s.","22.400","deg","20.000","°C","962.000","hPa","0.861","-0.02617","0.00035","0","0","13.56","Humid","35.35","0","78.50","282160.16","SABD0002000014","AAV2.0.0.13","3.0.3.1703","PSt7-10","180509-002","9/13/2019 10:46:52 AM","0000-00","0","no battery","V"
"06/11/2023","10:59:48","9","default","547630319","OXY_CH9","3.842","min","132.886","μmol/L","Humid","26.000","deg","148628","µV","26.738","°C","1017.000","hPa","35.9","pmil","0","55.690","deg","20.000","°C","100.000","%a.s.","22.400","deg","20.000","°C","962.000","hPa","0.861","-0.02617","0.00035","0","0","13.56","Humid","35.35","0","78.50","282161.50","SABD0002000014","AAV2.0.0.13","3.0.3.1703","PSt7-10","180509-002","9/13/2019 10:46:52 AM","0000-00","0","no battery","V"
"06/11/2023","10:59:49","9","default","547630319","OXY_CH9","3.859","min","132.910","μmol/L","Humid","26.000","deg","148632","µV","26.732","°C","1017.000","hPa","35.9","pmil","0","55.690","deg","20.000","°C","100.000","%a.s.","22.400","deg","20.000","°C","962.000","hPa","0.861","-0.02617","0.00035","0","0","13.56","Humid","35.35","0","78.50","282175.57","SABD0002000014","AAV2.0.0.13","3.0.3.1703","PSt7-10","180509-002","9/13/2019 10:46:52 AM","0000-00","0","no battery","V"
"06/11/2023","10:59:50","9","default","547630319","OXY_CH9","3.875","min","132.896","μmol/L","Humid","25.999","deg","148613","µV","26.738","°C","1017.000","hPa","35.9","pmil","0","55.690","deg","20.000","°C","100.000","%a.s.","22.400","deg","20.000","°C","962.000","hPa","0.861","-0.02617","0.00035","0","0","13.56","Humid","35.35","0","78.50","282160.18","SABD0002000014","AAV2.0.0.13","3.0.3.1703","PSt7-10","180509-002","9/13/2019 10:46:52 AM","0000-00","0","no battery","V"
"06/11/2023","10:59:51","9","default","547630319","OXY_CH9","3.891","min","132.886","μmol/L","Humid","26.000","deg","148610","µV","26.738","°C","1017.000","hPa","35.9","pmil","0","55.690","deg","20.000","°C","100.000","%a.s.","22.400","deg","20.000","°C","962.000","hPa","0.861","-0.02617","0.00035","0","0","13.56","Humid","35.35","0","78.50","282178.40","SABD0002000014","AAV2.0.0.13","3.0.3.1703","PSt7-10","180509-002","9/13/2019 10:46:52 AM","0000-00","0","no battery","V"
"06/11/2023","10:59:52","9","default","547630319","OXY_CH9","3.908","min","132.928","μmol/L","Humid","25.996","deg","148592","µV","26.738","°C","1017.000","hPa","35.9","pmil","0","55.690","deg","20.000","°C","100.000","%a.s.","22.400","deg","20.000","°C","962.000","hPa","0.861","-0.02617","0.00035","0","0","13.56","Humid","35.35","0","78.50","282164.83","SABD0002000014","AAV2.0.0.13","3.0.3.1703","PSt7-10","180509-002","9/13/2019 10:46:52 AM","0000-00","0","no battery","V"
"06/11/2023","10:59:53","9","default","547630319","OXY_CH9","3.925","min","132.950","μmol/L","Humid","25.994","deg","148584","µV","26.738","°C","1017.000","hPa","35.9","pmil","0","55.690","deg","20.000","°C","100.000","%a.s.","22.400","deg","20.000","°C","962.000","hPa","0.861","-0.02617","0.00035","0","0","13.56","Humid","35.35","0","78.50","282166.48","SABD0002000014","AAV2.0.0.13","3.0.3.1703","PSt7-10","180509-002","9/13/2019 10:46:52 AM","0000-00","0","no battery","V"
"06/11/2023","10:59:54","9","default","547630319","OXY_CH9","3.941","min","132.936","μmol/L","Humid","25.993","deg","148567","µV","26.744","°C","1017.000","hPa","35.9","pmil","0","55.690","deg","20.000","°C","100.000","%a.s.","22.400","deg","20.000","°C","962.000","hPa","0.861","-0.02617","0.00035","0","0","13.56","Humid","35.35","0","78.50","282160.43","SABD0002000014","AAV2.0.0.13","3.0.3.1703","PSt7-10","180509-002","9/13/2019 10:46:52 AM","0000-00","0","no battery","V"
"06/11/2023","10:59:55","9","default","547630319","OXY_CH9","3.958","min","132.963","μmol/L","Humid","25.995","deg","148545","µV","26.732","°C","1017.000","hPa","35.9","pmil","0","55.690","deg","20.000","°C","100.000","%a.s.","22.400","deg","20.000","°C","962.000","hPa","0.861","-0.02617","0.00035","0","0","13.56","Humid","35.35","0","78.50","282161.47","SABD0002000014","AAV2.0.0.13","3.0.3.1703","PSt7-10","180509-002","9/13/2019 10:46:52 AM","0000-00","0","no battery","V"
"06/11/2023","10:59:56","9","default","547630319","OXY_CH9","3.975","min","133.063","μmol/L","Humid","25.988","deg","148449","µV","26.726","°C","1017.000","hPa","35.9","pmil","0","55.690","deg","20.000","°C","100.000","%a.s.","22.400","deg","20.000","°C","962.000","hPa","0.861","-0.02617","0.00035","0","0","13.56","Humid","35.35","0","78.50","282165.37","SABD0002000014","AAV2.0.0.13","3.0.3.1703","PSt7-10","180509-002","9/13/2019 10:46:52 AM","0000-00","0","no battery","V"
"06/11/2023","10:59:57","9","default","547630319","OXY_CH9","3.991","min","133.014","μmol/L","Humid","25.988","deg","148568","µV","26.738","°C","1017.000","hPa","35.9","pmil","0","55.690","deg","20.000","°C","100.000","%a.s.","22.400","deg","20.000","°C","962.000","hPa","0.861","-0.02617","0.00035","0","0","13.56","Humid","35.35","0","78.50","282161.07","SABD0002000014","AAV2.0.0.13","3.0.3.1703","PSt7-10","180509-002","9/13/2019 10:46:52 AM","0000-00","0","no battery","V"
"06/11/2023","10:59:58","9","default","547630319","OXY_CH9","4.008","min","133.036","μmol/L","Humid","25.986","deg","148605","µV","26.738","°C","1017.000","hPa","35.9","pmil","0","55.690","deg","20.000","°C","100.000","%a.s.","22.400","deg","20.000","°C","962.000","hPa","0.861","-0.02617","0.00035","0","0","13.56","Humid","35.35","0","78.50","282158.37","SABD0002000014","AAV2.0.0.13","3.0.3.1703","PSt7-10","180509-002","9/13/2019 10:46:52 AM","0000-00","0","no battery","V"
"06/11/2023","10:59:59","9","default","547630319","OXY_CH9","4.025","min","133.060","μmol/L","Humid","25.986","deg","148535","µV","26.732","°C","1017.000","hPa","35.9","pmil","0","55.690","deg","20.000","°C","100.000","%a.s.","22.400","deg","20.000","°C","962.000","hPa","0.861","-0.02617","0.00035","0","0","13.56","Humid","35.35","0","78.50","282151.82","SABD0002000014","AAV2.0.0.13","3.0.3.1703","PSt7-10","180509-002","9/13/2019 10:46:52 AM","0000-00","0","no battery","V"
"06/11/2023","11:00:00","9","default","547630319","OXY_CH9","4.041","min","133.057","μmol/L","Humid","25.984","deg","148457","µV","26.738","°C","1017.000","hPa","35.9","pmil","0","55.690","deg","20.000","°C","100.000","%a.s.","22.400","deg","20.000","°C","962.000","hPa","0.861","-0.02617","0.00035","0","0","13.56","Humid","35.35","0","78.50","282151.20","SABD0002000014","AAV2.0.0.13","3.0.3.1703","PSt7-10","180509-002","9/13/2019 10:46:52 AM","0000-00","0","no battery","V"
"06/11/2023","11:00:01","9","default","547630319","OXY_CH9","4.058","min","133.100","μmol/L","Humid","25.980","deg","148456","µV","26.738","°C","1017.000","hPa","35.9","pmil","0","55.690","deg","20.000","°C","100.000","%a.s.","22.400","deg","20.000","°C","962.000","hPa","0.861","-0.02617","0.00035","0","0","13.56","Humid","35.35","0","78.50","282147.38","SABD0002000014","AAV2.0.0.13","3.0.3.1703","PSt7-10","180509-002","9/13/2019 10:46:52 AM","0000-00","0","no battery","V"
"06/11/2023","11:00:02","9","default","547630319","OXY_CH9","4.075","min","133.022","μmol/L","Humid","25.985","deg","148501","µV","26.744","°C","1017.000","hPa","35.9","pmil","0","55.690","deg","20.000","°C","100.000","%a.s.","22.400","deg","20.000","°C","962.000","hPa","0.861","-0.02617","0.00035","0","0","13.56","Humid","35.35","0","78.50","282151.15","SABD0002000014","AAV2.0.0.13","3.0.3.1703","PSt7-10","180509-002","9/13/2019 10:46:52 AM","0000-00","0","no battery","V"
"06/11/2023","11:00:03","9","default","547630319","OXY_CH9","4.092","min","133.148","μmol/L","Humid","25.980","deg","148517","µV","26.726","°C","1017.000","hPa","35.9","pmil","0","55.690","deg","20.000","°C","100.000","%a.s.","22.400","deg","20.000","°C","962.000","hPa","0.861","-0.02617","0.00035","0","0","13.56","Humid","35.35","0","78.50","282146.30","SABD0002000014","AAV2.0.0.13","3.0.3.1703","PSt7-10","180509-002","9/13/2019 10:46:52 AM","0000-00","0","no battery","V"
"06/11/2023","11:00:04","9","default","547630319","OXY_CH9","4.109","min","133.076","μmol/L","Humid","25.980","deg","148475","µV","26.744","°C","1017.000","hPa","35.9","pmil","0","55.690","deg","20.000","°C","100.000","%a.s.","22.400","deg","20.000","°C","962.000","hPa","0.861","-0.02617","0.00035","0","0","13.56","Humid","35.35","0","78.50","282158.98","SABD0002000014","AAV2.0.0.13","3.0.3.1703","PSt7-10","180509-002","9/13/2019 10:46:52 AM","0000-00","0","no battery","V"
"06/11/2023","11:00:05","9","default","547630319","OXY_CH9","4.125","min","133.111","μmol/L","Humid","25.979","deg","148410","µV","26.738","°C","1017.000","hPa","35.9","pmil","0","55.690","deg","20.000","°C","100.000","%a.s.","22.400","deg","20.000","°C","962.000","hPa","0.861","-0.02617","0.00035","0","0","13.56","Humid","35.35","0","78.50","282132.28","SABD0002000014","AAV2.0.0.13","3.0.3.1703","PSt7-10","180509-002","9/13/2019 10:46:52 AM","0000-00","0","no battery","V"
"06/11/2023","11:00:06","9","default","547630319","OXY_CH9","4.142","min","133.181","μmol/L","Humid","25.977","deg","148417","µV","26.726","°C","1017.000","hPa","35.9","pmil","0","55.690","deg","20.000","°C","100.000","%a.s.","22.400","deg","20.000","°C","962.000","hPa","0.861","-0.02617","0.00035","0","0","13.56","Humid","35.35","0","78.50","282146.17","SABD0002000014","AAV2.0.0.13","3.0.3.1703","PSt7-10","180509-002","9/13/2019 10:46:52 AM","0000-00","0","no battery","V"
"06/11/2023","11:00:07","9","default","547630319","OXY_CH9","4.158","min","133.191","μmol/L","Humid","25.976","deg","148449","µV","26.726","°C","1017.000","hPa","35.9","pmil","0","55.690","deg","20.000","°C","100.000","%a.s.","22.400","deg","20.000","°C","962.000","hPa","0.861","-0.02617","0.00035","0","0","13.56","Humid","35.35","0","78.50","282143.59","SABD0002000014","AAV2.0.0.13","3.0.3.1703","PSt7-10","180509-002","9/13/2019 10:46:52 AM","0000-00","0","no battery","V"
"06/11/2023","11:00:08","9","default","547630319","OXY_CH9","4.175","min","133.143","μmol/L","Humid","25.976","deg","148437","µV","26.738","°C","1017.000","hPa","35.9","pmil","0","55.690","deg","20.000","°C","100.000","%a.s.","22.400","deg","20.000","°C","962.000","hPa","0.861","-0.02617","0.00035","0","0","13.56","Humid","35.35","0","78.50","282148.50","SABD0002000014","AAV2.0.0.13","3.0.3.1703","PSt7-10","180509-002","9/13/2019 10:46:52 AM","0000-00","0","no battery","V"
"06/11/2023","11:00:09","9","default","547630319","OXY_CH9","4.192","min","133.199","μmol/L","Humid","25.973","deg","148414","µV","26.732","°C","1017.000","hPa","35.9","pmil","0","55.690","deg","20.000","°C","100.000","%a.s.","22.400","deg","20.000","°C","962.000","hPa","0.861","-0.02617","0.00035","0","0","13.56","Humid","35.35","0","78.50","282146.24","SABD0002000014","AAV2.0.0.13","3.0.3.1703","PSt7-10","180509-002","9/13/2019 10:46:52 AM","0000-00","0","no battery","V"
"06/11/2023","11:00:10","9","default","547630319","OXY_CH9","4.209","min","133.196","μmol/L","Humid","25.971","deg","148399","µV","26.738","°C","1017.000","hPa","35.9","pmil","0","55.690","deg","20.000","°C","100.000","%a.s.","22.400","deg","20.000","°C","962.000","hPa","0.861","-0.02617","0.00035","0","0","13.56","Humid","35.35","0","78.50","282146.77","SABD0002000014","AAV2.0.0.13","3.0.3.1703","PSt7-10","180509-002","9/13/2019 10:46:52 AM","0000-00","0","no battery","V"
"06/11/2023","11:00:11","9","default","547630319","OXY_CH9","4.225","min","133.231","μmol/L","Humid","25.970","deg","148383","µV","26.732","°C","1017.000","hPa","35.9","pmil","0","55.690","deg","20.000","°C","100.000","%a.s.","22.400","deg","20.000","°C","962.000","hPa","0.861","-0.02617","0.00035","0","0","13.56","Humid","35.35","0","78.50","282146.47","SABD0002000014","AAV2.0.0.13","3.0.3.1703","PSt7-10","180509-002","9/13/2019 10:46:52 AM","0000-00","0","no battery","V"
"06/11/2023","11:00:12","9","default","547630319","OXY_CH9","4.242","min","133.231","μmol/L","Humid","25.970","deg","148393","µV","26.732","°C","1017.000","hPa","35.9","pmil","0","55.690","deg","20.000","°C","100.000","%a.s.","22.400","deg","20.000","°C","962.000","hPa","0.861","-0.02617","0.00035","0","0","13.56","Humid","35.35","0","78.50","282138.77","SABD0002000014","AAV2.0.0.13","3.0.3.1703","PSt7-10","180509-002","9/13/2019 10:46:52 AM","0000-00","0","no battery","V"
"06/11/2023","11:00:13","9","default","547630319","OXY_CH9","4.258","min","133.277","μmol/L","Humid","25.968","deg","148396","µV","26.726","°C","1017.000","hPa","35.9","pmil","0","55.690","deg","20.000","°C","100.000","%a.s.","22.400","deg","20.000","°C","962.000","hPa","0.861","-0.02617","0.00035","0","0","13.56","Humid","35.35","0","78.50","282144.32","SABD0002000014","AAV2.0.0.13","3.0.3.1703","PSt7-10","180509-002","9/13/2019 10:46:52 AM","0000-00","0","no battery","V"
"06/11/2023","11:00:14","9","default","547630319","OXY_CH9","4.275","min","133.253","μmol/L","Humid","25.968","deg","148385","µV","26.732","°C","1017.000","hPa","35.9","pmil","0","55.690","deg","20.000","°C","100.000","%a.s.","22.400","deg","20.000","°C","962.000","hPa","0.861","-0.02617","0.00035","0","0","13.56","Humid","35.35","0","78.50","282148.58","SABD0002000014","AAV2.0.0.13","3.0.3.1703","PSt7-10","180509-002","9/13/2019 10:46:52 AM","0000-00","0","no battery","V"
"06/11/2023","11:00:15","9","default","547630319","OXY_CH9","4.292","min","133.261","μmol/L","Humid","25.965","deg","148359","µV","26.738","°C","1017.000","hPa","35.9","pmil","0","55.690","deg","20.000","°C","100.000","%a.s.","22.400","deg","20.000","°C","962.000","hPa","0.861","-0.02617","0.00035","0","0","13.56","Humid","35.35","0","78.50","282138.61","SABD0002000014","AAV2.0.0.13","3.0.3.1703","PSt7-10","180509-002","9/13/2019 10:46:52 AM","0000-00","0","no battery","V"
"06/11/2023","11:00:16","9","default","547630319","OXY_CH9","4.308","min","133.331","μmol/L","Humid","25.963","deg","148346","µV","26.726","°C","1017.000","hPa","35.9","pmil","0","55.690","deg","20.000","°C","100.000","%a.s.","22.400","deg","20.000","°C","962.000","hPa","0.861","-0.02617","0.00035","0","0","13.56","Humid","35.35","0","78.50","282134.69","SABD0002000014","AAV2.0.0.13","3.0.3.1703","PSt7-10","180509-002","9/13/2019 10:46:52 AM","0000-00","0","no battery","V"
"06/11/2023","11:00:17","9","default","547630319","OXY_CH9","4.325","min","133.285","μmol/L","Humid","25.965","deg","148348","µV","26.732","°C","1017.000","hPa","35.9","pmil","0","55.690","deg","20.000","°C","100.000","%a.s.","22.400","deg","20.000","°C","962.000","hPa","0.861","-0.02617","0.00035","0","0","13.56","Humid","35.35","0","78.50","282137.86","SABD0002000014","AAV2.0.0.13","3.0.3.1703","PSt7-10","180509-002","9/13/2019 10:46:52 AM","0000-00","0","no battery","V"
"06/11/2023","11:00:18","9","default","547630319","OXY_CH9","4.342","min","133.296","μmol/L","Humid","25.964","deg","148347","µV","26.732","°C","1017.000","hPa","35.9","pmil","0","55.690","deg","20.000","°C","100.000","%a.s.","22.400","deg","20.000","°C","962.000","hPa","0.861","-0.02617","0.00035","0","0","13.56","Humid","35.35","0","78.50","282134.63","SABD0002000014","AAV2.0.0.13","3.0.3.1703","PSt7-10","180509-002","9/13/2019 10:46:52 AM","0000-00","0","no battery","V"
"06/11/2023","11:00:19","9","default","547630319","OXY_CH9","4.358","min","133.352","μmol/L","Humid","25.961","deg","148328","µV","26.726","°C","1017.000","hPa","35.9","pmil","0","55.690","deg","20.000","°C","100.000","%a.s.","22.400","deg","20.000","°C","962.000","hPa","0.861","-0.02617","0.00035","0","0","13.56","Humid","35.35","0","78.50","282121.62","SABD0002000014","AAV2.0.0.13","3.0.3.1703","PSt7-10","180509-002","9/13/2019 10:46:52 AM","0000-00","0","no battery","V"
"06/11/2023","11:00:20","9","default","547630319","OXY_CH9","4.375","min","133.371","μmol/L","Humid","25.957","deg","148317","µV","26.732","°C","1017.000","hPa","35.9","pmil","0","55.690","deg","20.000","°C","100.000","%a.s.","22.400","deg","20.000","°C","962.000","hPa","0.861","-0.02617","0.00035","0","0","13.56","Humid","35.35","0","78.50","282128.69","SABD0002000014","AAV2.0.0.13","3.0.3.1703","PSt7-10","180509-002","9/13/2019 10:46:52 AM","0000-00","0","no battery","V"
"06/11/2023","11:00:21","9","default","547630319","OXY_CH9","4.392","min","133.282","μmol/L","Humid","25.963","deg","148310","µV","26.738","°C","1017.000","hPa","35.9","pmil","0","55.690","deg","20.000","°C","100.000","%a.s.","22.400","deg","20.000","°C","962.000","hPa","0.861","-0.02617","0.00035","0","0","13.56","Humid","35.35","0","78.50","282141.38","SABD0002000014","AAV2.0.0.13","3.0.3.1703","PSt7-10","180509-002","9/13/2019 10:46:52 AM","0000-00","0","no battery","V"
"06/11/2023","11:00:22","9","default","547630319","OXY_CH9","4.408","min","133.360","μmol/L","Humid","25.958","deg","148300","µV","26.732","°C","1017.000","hPa","35.9","pmil","0","55.690","deg","20.000","°C","100.000","%a.s.","22.400","deg","20.000","°C","962.000","hPa","0.861","-0.02617","0.00035","0","0","13.56","Humid","35.35","0","78.50","282125.39","SABD0002000014","AAV2.0.0.13","3.0.3.1703","PSt7-10","180509-002","9/13/2019 10:46:52 AM","0000-00","0","no battery","V"
"06/11/2023","11:00:23","9","default","547630319","OXY_CH9","4.425","min","133.360","μmol/L","Humid","25.958","deg","148292","µV","26.732","°C","1017.000","hPa","35.9","pmil","0","55.690","deg","20.000","°C","100.000","%a.s.","22.400","deg","20.000","°C","962.000","hPa","0.861","-0.02617","0.00035","0","0","13.56","Humid","35.35","0","78.50","282129.69","SABD0002000014","AAV2.0.0.13","3.0.3.1703","PSt7-10","180509-002","9/13/2019 10:46:52 AM","0000-00","0","no battery","V"
"06/11/2023","11:00:24","9","default","547630319","OXY_CH9","4.442","min","133.368","μmol/L","Humid","25.955","deg","148292","µV","26.738","°C","1017.000","hPa","35.9","pmil","0","55.690","deg","20.000","°C","100.000","%a.s.","22.400","deg","20.000","°C","962.000","hPa","0.861","-0.02617","0.00035","0","0","13.56","Humid","35.35","0","78.50","282134.03","SABD0002000014","AAV2.0.0.13","3.0.3.1703","PSt7-10","180509-002","9/13/2019 10:46:52 AM","0000-00","0","no battery","V"
"06/11/2023","11:00:25","9","default","547630319","OXY_CH9","4.458","min","133.428","μmol/L","Humid","25.954","deg","148277","µV","26.726","°C","1017.000","hPa","35.9","pmil","0","55.690","deg","20.000","°C","100.000","%a.s.","22.400","deg","20.000","°C","962.000","hPa","0.861","-0.02617","0.00035","0","0","13.56","Humid","35.35","0","78.50","282128.38","SABD0002000014","AAV2.0.0.13","3.0.3.1703","PSt7-10","180509-002","9/13/2019 10:46:52 AM","0000-00","0","no battery","V"
"06/11/2023","11:00:26","9","default","547630319","OXY_CH9","4.475","min","133.403","μmol/L","Humid","25.954","deg","148269","µV","26.732","°C","1017.000","hPa","35.9","pmil","0","55.690","deg","20.000","°C","100.000","%a.s.","22.400","deg","20.000","°C","962.000","hPa","0.861","-0.02617","0.00035","0","0","13.56","Humid","35.35","0","78.50","282129.10","SABD0002000014","AAV2.0.0.13","3.0.3.1703","PSt7-10","180509-002","9/13/2019 10:46:52 AM","0000-00","0","no battery","V"
"06/11/2023","11:00:27","9","default","547630319","OXY_CH9","4.492","min","133.414","μmol/L","Humid","25.953","deg","148250","µV","26.732","°C","1017.000","hPa","35.9","pmil","0","55.690","deg","20.000","°C","100.000","%a.s.","22.400","deg","20.000","°C","962.000","hPa","0.861","-0.02617","0.00035","0","0","13.56","Humid","35.35","0","78.50","282126.40","SABD0002000014","AAV2.0.0.13","3.0.3.1703","PSt7-10","180509-002","9/13/2019 10:46:52 AM","0000-00","0","no battery","V"
"06/11/2023","11:00:28","9","default","547630319","OXY_CH9","4.508","min","133.481","μmol/L","Humid","25.949","deg","148236","µV","26.726","°C","1017.000","hPa","35.9","pmil","0","55.690","deg","20.000","°C","100.000","%a.s.","22.400","deg","20.000","°C","962.000","hPa","0.861","-0.02617","0.00035","0","0","13.56","Humid","35.35","0","78.50","282120.92","SABD0002000014","AAV2.0.0.13","3.0.3.1703","PSt7-10","180509-002","9/13/2019 10:46:52 AM","0000-00","0","no battery","V"
"06/11/2023","11:00:29","9","default","547630319","OXY_CH9","4.525","min","133.495","μmol/L","Humid","25.945","deg","148236","µV","26.732","°C","1016.000","hPa","35.9","pmil","0","55.690","deg","20.000","°C","100.000","%a.s.","22.400","deg","20.000","°C","962.000","hPa","0.861","-0.02617","0.00035","0","0","13.56","Humid","35.35","0","78.50","282119.93","SABD0002000014","AAV2.0.0.13","3.0.3.1703","PSt7-10","180509-002","9/13/2019 10:46:52 AM","0000-00","0","no battery","V"
"06/11/2023","11:00:30","9","default","547630319","OXY_CH9","4.541","min","133.468","μmol/L","Humid","25.948","deg","148222","µV","26.732","°C","1017.000","hPa","35.9","pmil","0","55.690","deg","20.000","°C","100.000","%a.s.","22.400","deg","20.000","°C","962.000","hPa","0.861","-0.02617","0.00035","0","0","13.56","Humid","35.35","0","78.50","282123.80","SABD0002000014","AAV2.0.0.13","3.0.3.1703","PSt7-10","180509-002","9/13/2019 10:46:52 AM","0000-00","0","no battery","V"
"06/11/2023","11:00:31","9","default","547630319","OXY_CH9","4.558","min","133.522","μmol/L","Humid","25.943","deg","148202","µV","26.732","°C","1017.000","hPa","35.9","pmil","0","55.690","deg","20.000","°C","100.000","%a.s.","22.400","deg","20.000","°C","962.000","hPa","0.861","-0.02617","0.00035","0","0","13.56","Humid","35.35","0","78.50","282115.79","SABD0002000014","AAV2.0.0.13","3.0.3.1703","PSt7-10","180509-002","9/13/2019 10:46:52 AM","0000-00","0","no battery","V"
"06/11/2023","11:00:32","9","default","547630319","OXY_CH9","4.575","min","133.522","μmol/L","Humid","25.943","deg","148199","µV","26.732","°C","1017.000","hPa","35.9","pmil","0","55.690","deg","20.000","°C","100.000","%a.s.","22.400","deg","20.000","°C","962.000","hPa","0.861","-0.02617","0.00035","0","0","13.56","Humid","35.35","0","78.50","282122.46","SABD0002000014","AAV2.0.0.13","3.0.3.1703","PSt7-10","180509-002","9/13/2019 10:46:52 AM","0000-00","0","no battery","V"
"06/11/2023","11:00:33","9","default","547630319","OXY_CH9","4.591","min","133.497","μmol/L","Humid","25.943","deg","148175","µV","26.738","°C","1017.000","hPa","35.9","pmil","0","55.690","deg","20.000","°C","100.000","%a.s.","22.400","deg","20.000","°C","962.000","hPa","0.861","-0.02617","0.00035","0","0","13.56","Humid","35.35","0","78.50","282099.99","SABD0002000014","AAV2.0.0.13","3.0.3.1703","PSt7-10","180509-002","9/13/2019 10:46:52 AM","0000-00","0","no battery","V"
"06/11/2023","11:00:34","9","default","547630319","OXY_CH9","4.608","min","133.522","μmol/L","Humid","25.943","deg","148170","µV","26.732","°C","1017.000","hPa","35.9","pmil","0","55.690","deg","20.000","°C","100.000","%a.s.","22.400","deg","20.000","°C","962.000","hPa","0.861","-0.02617","0.00035","0","0","13.56","Humid","35.35","0","78.50","282112.00","SABD0002000014","AAV2.0.0.13","3.0.3.1703","PSt7-10","180509-002","9/13/2019 10:46:52 AM","0000-00","0","no battery","V"
"06/11/2023","11:00:35","9","default","547630319","OXY_CH9","4.625","min","133.565","μmol/L","Humid","25.939","deg","148154","µV","26.732","°C","1017.000","hPa","35.9","pmil","0","55.690","deg","20.000","°C","100.000","%a.s.","22.400","deg","20.000","°C","962.000","hPa","0.861","-0.02617","0.00035","0","0","13.56","Humid","35.35","0","78.50","282111.16","SABD0002000014","AAV2.0.0.13","3.0.3.1703","PSt7-10","180509-002","9/13/2019 10:46:52 AM","0000-00","0","no battery","V"
"06/11/2023","11:00:36","9","default","547630319","OXY_CH9","4.642","min","133.603","μmol/L","Humid","25.940","deg","148159","µV","26.720","°C","1017.000","hPa","35.9","pmil","0","55.690","deg","20.000","°C","100.000","%a.s.","22.400","deg","20.000","°C","962.000","hPa","0.861","-0.02617","0.00035","0","0","13.56","Humid","35.35","0","78.50","282115.78","SABD0002000014","AAV2.0.0.13","3.0.3.1703","PSt7-10","180509-002","9/13/2019 10:46:52 AM","0000-00","0","no battery","V"
"06/11/2023","11:00:37","9","default","547630319","OXY_CH9","4.658","min","133.530","μmol/L","Humid","25.940","deg","148145","µV","26.738","°C","1017.000","hPa","35.9","pmil","0","55.690","deg","20.000","°C","100.000","%a.s.","22.400","deg","20.000","°C","962.000","hPa","0.861","-0.02617","0.00035","0","0","13.56","Humid","35.35","0","78.50","282108.91","SABD0002000014","AAV2.0.0.13","3.0.3.1703","PSt7-10","180509-002","9/13/2019 10:46:52 AM","0000-00","0","no battery","V"
"06/11/2023","11:00:38","9","default","547630319","OXY_CH9","4.675","min","133.586","μmol/L","Humid","25.937","deg","148151","µV","26.732","°C","1017.000","hPa","35.9","pmil","0","55.690","deg","20.000","°C","100.000","%a.s.","22.400","deg","20.000","°C","962.000","hPa","0.861","-0.02617","0.00035","0","0","13.56","Humid","35.35","0","78.50","282108.26","SABD0002000014","AAV2.0.0.13","3.0.3.1703","PSt7-10","180509-002","9/13/2019 10:46:52 AM","0000-00","0","no battery","V"
"06/11/2023","11:00:39","9","default","547630319","OXY_CH9","4.692","min","133.597","μmol/L","Humid","25.936","deg","148127","µV","26.732","°C","1017.000","hPa","35.9","pmil","0","55.690","deg","20.000","°C","100.000","%a.s.","22.400","deg","20.000","°C","962.000","hPa","0.861","-0.02617","0.00035","0","0","13.56","Humid","35.35","0","78.50","282099.64","SABD0002000014","AAV2.0.0.13","3.0.3.1703","PSt7-10","180509-002","9/13/2019 10:46:52 AM","0000-00","0","no battery","V"
"06/11/2023","11:00:40","9","default","547630319","OXY_CH9","4.708","min","133.629","μmol/L","Humid","25.933","deg","148125","µV","26.732","°C","1017.000","hPa","35.9","pmil","0","55.690","deg","20.000","°C","100.000","%a.s.","22.400","deg","20.000","°C","962.000","hPa","0.861","-0.02617","0.00035","0","0","13.56","Humid","35.35","0","78.50","282101.39","SABD0002000014","AAV2.0.0.13","3.0.3.1703","PSt7-10","180509-002","9/13/2019 10:46:52 AM","0000-00","0","no battery","V"
"06/11/2023","11:00:41","9","default","547630319","OXY_CH9","4.725","min","133.662","μmol/L","Humid","25.930","deg","148117","µV","26.732","°C","1017.000","hPa","35.9","pmil","0","55.690","deg","20.000","°C","100.000","%a.s.","22.400","deg","20.000","°C","962.000","hPa","0.861","-0.02617","0.00035","0","0","13.56","Humid","35.35","0","78.50","282108.07","SABD0002000014","AAV2.0.0.13","3.0.3.1703","PSt7-10","180509-002","9/13/2019 10:46:52 AM","0000-00","0","no battery","V"
"06/11/2023","11:00:42","9","default","547630319","OXY_CH9","4.742","min","133.640","μmol/L","Humid","25.932","deg","148104","µV","26.732","°C","1017.000","hPa","35.9","pmil","0","55.690","deg","20.000","°C","100.000","%a.s.","22.400","deg","20.000","°C","962.000","hPa","0.861","-0.02617","0.00035","0","0","13.56","Humid","35.35","0","78.50","282092.04","SABD0002000014","AAV2.0.0.13","3.0.3.1703","PSt7-10","180509-002","9/13/2019 10:46:52 AM","0000-00","0","no battery","V"
"06/11/2023","11:00:43","9","default","547630319","OXY_CH9","4.758","min","133.637","μmol/L","Humid","25.930","deg","148087","µV","26.738","°C","1017.000","hPa","35.9","pmil","0","55.690","deg","20.000","°C","100.000","%a.s.","22.400","deg","20.000","°C","962.000","hPa","0.861","-0.02617","0.00035","0","0","13.56","Humid","35.35","0","78.50","282104.34","SABD0002000014","AAV2.0.0.13","3.0.3.1703","PSt7-10","180509-002","9/13/2019 10:46:52 AM","0000-00","0","no battery","V"
"06/11/2023","11:00:44","9","default","547630319","OXY_CH9","4.775","min","133.659","μmol/L","Humid","25.928","deg","148085","µV","26.738","°C","1017.000","hPa","35.9","pmil","0","55.690","deg","20.000","°C","100.000","%a.s.","22.400","deg","20.000","°C","962.000","hPa","0.861","-0.02617","0.00035","0","0","13.56","Humid","35.35","0","78.50","282103.73","SABD0002000014","AAV2.0.0.13","3.0.3.1703","PSt7-10","180509-002","9/13/2019 10:46:52 AM","0000-00","0","no battery","V"
"06/11/2023","11:00:45","9","default","547630319","OXY_CH9","4.792","min","133.672","μmol/L","Humid","25.929","deg","148077","µV","26.732","°C","1017.000","hPa","35.9","pmil","0","55.690","deg","20.000","°C","100.000","%a.s.","22.400","deg","20.000","°C","962.000","hPa","0.861","-0.02617","0.00035","0","0","13.56","Humid","35.35","0","78.50","282097.68","SABD0002000014","AAV2.0.0.13","3.0.3.1703","PSt7-10","180509-002","9/13/2019 10:46:52 AM","0000-00","0","no battery","V"
"06/11/2023","11:00:46","9","default","547630319","OXY_CH9","4.808","min","133.683","μmol/L","Humid","25.928","deg","148056","µV","26.732","°C","1017.000","hPa","35.9","pmil","0","55.690","deg","20.000","°C","100.000","%a.s.","22.400","deg","20.000","°C","962.000","hPa","0.861","-0.02617","0.00035","0","0","13.56","Humid","35.35","0","78.50","282090.22","SABD0002000014","AAV2.0.0.13","3.0.3.1703","PSt7-10","180509-002","9/13/2019 10:46:52 AM","0000-00","0","no battery","V"
"06/11/2023","11:00:47","9","default","547630319","OXY_CH9","4.825","min","133.694","μmol/L","Humid","25.927","deg","148049","µV","26.732","°C","1017.000","hPa","35.9","pmil","0","55.690","deg","20.000","°C","100.000","%a.s.","22.400","deg","20.000","°C","962.000","hPa","0.861","-0.02617","0.00035","0","0","13.56","Humid","35.35","0","78.50","282108.14","SABD0002000014","AAV2.0.0.13","3.0.3.1703","PSt7-10","180509-002","9/13/2019 10:46:52 AM","0000-00","0","no battery","V"
"06/11/2023","11:00:48","9","default","547630319","OXY_CH9","4.841","min","133.726","μmol/L","Humid","25.924","deg","148036","µV","26.732","°C","1017.000","hPa","35.9","pmil","0","55.690","deg","20.000","°C","100.000","%a.s.","22.400","deg","20.000","°C","962.000","hPa","0.861","-0.02617","0.00035","0","0","13.56","Humid","35.35","0","78.50","282097.89","SABD0002000014","AAV2.0.0.13","3.0.3.1703","PSt7-10","180509-002","9/13/2019 10:46:52 AM","0000-00","0","no battery","V"
"06/11/2023","11:00:49","9","default","547630319","OXY_CH9","4.858","min","133.759","μmol/L","Humid","25.921","deg","148037","µV","26.732","°C","1017.000","hPa","35.9","pmil","0","55.690","deg","20.000","°C","100.000","%a.s.","22.400","deg","20.000","°C","962.000","hPa","0.861","-0.02617","0.00035","0","0","13.56","Humid","35.35","0","78.50","282097.76","SABD0002000014","AAV2.0.0.13","3.0.3.1703","PSt7-10","180509-002","9/13/2019 10:46:52 AM","0000-00","0","no battery","V"
"06/11/2023","11:00:50","9","default","547630319","OXY_CH9","4.875","min","133.724","μmol/L","Humid","25.922","deg","148015","µV","26.738","°C","1017.000","hPa","35.9","pmil","0","55.690","deg","20.000","°C","100.000","%a.s.","22.400","deg","20.000","°C","962.000","hPa","0.861","-0.02617","0.00035","0","0","13.56","Humid","35.35","0","78.50","282094.19","SABD0002000014","AAV2.0.0.13","3.0.3.1703","PSt7-10","180509-002","9/13/2019 10:46:52 AM","0000-00","0","no battery","V"
"06/11/2023","11:00:51","9","default","547630319","OXY_CH9","4.891","min","133.826","μmol/L","Humid","25.917","deg","148006","µV","26.726","°C","1017.000","hPa","35.9","pmil","0","55.690","deg","20.000","°C","100.000","%a.s.","22.400","deg","20.000","°C","962.000","hPa","0.861","-0.02617","0.00035","0","0","13.56","Humid","35.35","0","78.50","282100.36","SABD0002000014","AAV2.0.0.13","3.0.3.1703","PSt7-10","180509-002","9/13/2019 10:46:52 AM","0000-00","0","no battery","V"
"06/11/2023","11:00:52","9","default","547630319","OXY_CH9","4.908","min","133.770","μmol/L","Humid","25.920","deg","148004","µV","26.732","°C","1017.000","hPa","35.9","pmil","0","55.690","deg","20.000","°C","100.000","%a.s.","22.400","deg","20.000","°C","962.000","hPa","0.861","-0.02617","0.00035","0","0","13.56","Humid","35.35","0","78.50","282093.65","SABD0002000014","AAV2.0.0.13","3.0.3.1703","PSt7-10","180509-002","9/13/2019 10:46:52 AM","0000-00","0","no battery","V"
"06/11/2023","11:00:53","9","default","547630319","OXY_CH9","4.925","min","133.834","μmol/L","Humid","25.914","deg","147987","µV","26.732","°C","1017.000","hPa","35.9","pmil","0","55.690","deg","20.000","°C","100.000","%a.s.","22.400","deg","20.000","°C","962.000","hPa","0.861","-0.02617","0.00035","0","0","13.56","Humid","35.35","0","78.50","282098.10","SABD0002000014","AAV2.0.0.13","3.0.3.1703","PSt7-10","180509-002","9/13/2019 10:46:52 AM","0000-00","0","no battery","V"
"06/11/2023","11:00:54","9","default","547630319","OXY_CH9","4.941","min","133.799","μmol/L","Humid","25.915","deg","147970","µV","26.738","°C","1017.000","hPa","35.9","pmil","0","55.690","deg","20.000","°C","100.000","%a.s.","22.400","deg","20.000","°C","962.000","hPa","0.861","-0.02617","0.00035","0","0","13.56","Humid","35.35","0","78.50","282086.82","SABD0002000014","AAV2.0.0.13","3.0.3.1703","PSt7-10","180509-002","9/13/2019 10:46:52 AM","0000-00","0","no battery","V"
"06/11/2023","11:00:55","9","default","547630319","OXY_CH9","4.958","min","133.891","μmol/L","Humid","25.911","deg","147965","µV","26.726","°C","1017.000","hPa","35.9","pmil","0","55.690","deg","20.000","°C","100.000","%a.s.","22.400","deg","20.000","°C","962.000","hPa","0.861","-0.02617","0.00035","0","0","13.56","Humid","35.35","0","78.50","282081.02","SABD0002000014","AAV2.0.0.13","3.0.3.1703","PSt7-10","180509-002","9/13/2019 10:46:52 AM","0000-00","0","no battery","V"
"06/11/2023","11:00:56","9","default","547630319","OXY_CH9","4.975","min","133.899","μmol/L","Humid","25.908","deg","147955","µV","26.732","°C","1017.000","hPa","35.9","pmil","0","55.690","deg","20.000","°C","100.000","%a.s.","22.400","deg","20.000","°C","962.000","hPa","0.861","-0.02617","0.00035","0","0","13.56","Humid","35.35","0","78.50","282091.88","SABD0002000014","AAV2.0.0.13","3.0.3.1703","PSt7-10","180509-002","9/13/2019 10:46:52 AM","0000-00","0","no battery","V"
"06/11/2023","11:00:57","9","default","547630319","OXY_CH9","4.991","min","133.888","μmol/L","Humid","25.909","deg","147947","µV","26.732","°C","1017.000","hPa","35.9","pmil","0","55.690","deg","20.000","°C","100.000","%a.s.","22.400","deg","20.000","°C","962.000","hPa","0.861","-0.02617","0.00035","0","0","13.56","Humid","35.35","0","78.50","282074.30","SABD0002000014","AAV2.0.0.13","3.0.3.1703","PSt7-10","180509-002","9/13/2019 10:46:52 AM","0000-00","0","no battery","V"
"06/11/2023","11:00:58","9","default","547630319","OXY_CH9","5.008","min","133.910","μmol/L","Humid","25.907","deg","147936","µV","26.732","°C","1017.000","hPa","35.9","pmil","0","55.690","deg","20.000","°C","100.000","%a.s.","22.400","deg","20.000","°C","962.000","hPa","0.861","-0.02617","0.00035","0","0","13.56","Humid","35.35","0","78.50","282085.83","SABD0002000014","AAV2.0.0.13","3.0.3.1703","PSt7-10","180509-002","9/13/2019 10:46:52 AM","0000-00","0","no battery","V"
"06/11/2023","11:00:59","9","default","547630319","OXY_CH9","5.025","min","133.910","μmol/L","Humid","25.907","deg","147934","µV","26.732","°C","1017.000","hPa","35.9","pmil","0","55.690","deg","20.000","°C","100.000","%a.s.","22.400","deg","20.000","°C","962.000","hPa","0.861","-0.02617","0.00035","0","0","13.56","Humid","35.35","0","78.50","282094.05","SABD0002000014","AAV2.0.0.13","3.0.3.1703","PSt7-10","180509-002","9/13/2019 10:46:52 AM","0000-00","0","no battery","V"
"06/11/2023","11:01:00","9","default","547630319","OXY_CH9","5.041","min","133.923","μmol/L","Humid","25.908","deg","147916","µV","26.726","°C","1017.000","hPa","35.9","pmil","0","55.690","deg","20.000","°C","100.000","%a.s.","22.400","deg","20.000","°C","962.000","hPa","0.861","-0.02617","0.00035","0","0","13.56","Humid","35.35","0","78.50","282083.63","SABD0002000014","AAV2.0.0.13","3.0.3.1703","PSt7-10","180509-002","9/13/2019 10:46:52 AM","0000-00","0","no battery","V"
"06/11/2023","11:01:01","9","default","547630319","OXY_CH9","5.058","min","133.953","μmol/L","Humid","25.903","deg","147913","µV","26.732","°C","1017.000","hPa","35.9","pmil","0","55.690","deg","20.000","°C","100.000","%a.s.","22.400","deg","20.000","°C","962.000","hPa","0.861","-0.02617","0.00035","0","0","13.56","Humid","35.35","0","78.50","282087.64","SABD0002000014","AAV2.0.0.13","3.0.3.1703","PSt7-10","180509-002","9/13/2019 10:46:52 AM","0000-00","0","no battery","V"
"06/11/2023","11:01:02","9","default","547630319","OXY_CH9","5.075","min","133.988","μmol/L","Humid","25.902","deg","147896","µV","26.726","°C","1017.000","hPa","35.9","pmil","0","55.690","deg","20.000","°C","100.000","%a.s.","22.400","deg","20.000","°C","962.000","hPa","0.861","-0.02617","0.00035","0","0","13.56","Humid","35.35","0","78.50","282069.48","SABD0002000014","AAV2.0.0.13","3.0.3.1703","PSt7-10","180509-002","9/13/2019 10:46:52 AM","0000-00","0","no battery","V"
"06/11/2023","11:01:03","9","default","547630319","OXY_CH9","5.091","min","133.967","μmol/L","Humid","25.904","deg","147879","µV","26.726","°C","1017.000","hPa","35.9","pmil","0","55.690","deg","20.000","°C","100.000","%a.s.","22.400","deg","20.000","°C","962.000","hPa","0.861","-0.02617","0.00035","0","0","13.56","Humid","35.35","0","78.50","282061.08","SABD0002000014","AAV2.0.0.13","3.0.3.1703","PSt7-10","180509-002","9/13/2019 10:46:52 AM","0000-00","0","no battery","V"
"06/11/2023","11:01:04","9","default","547630319","OXY_CH9","5.108","min","133.953","μmol/L","Humid","25.903","deg","147878","µV","26.732","°C","1017.000","hPa","35.9","pmil","0","55.690","deg","20.000","°C","100.000","%a.s.","22.400","deg","20.000","°C","962.000","hPa","0.861","-0.02617","0.00035","0","0","13.56","Humid","35.35","0","78.50","282064.20","SABD0002000014","AAV2.0.0.13","3.0.3.1703","PSt7-10","180509-002","9/13/2019 10:46:52 AM","0000-00","0","no battery","V"
"06/11/2023","11:01:05","9","default","547630319","OXY_CH9","5.125","min","133.996","μmol/L","Humid","25.899","deg","147866","µV","26.732","°C","1017.000","hPa","35.9","pmil","0","55.690","deg","20.000","°C","100.000","%a.s.","22.400","deg","20.000","°C","962.000","hPa","0.861","-0.02617","0.00035","0","0","13.56","Humid","35.35","0","78.50","282074.68","SABD0002000014","AAV2.0.0.13","3.0.3.1703","PSt7-10","180509-002","9/13/2019 10:46:52 AM","0000-00","0","no battery","V"
"06/11/2023","11:01:06","9","default","547630319","OXY_CH9","5.141","min","134.056","μmol/L","Humid","25.898","deg","147854","µV","26.720","°C","1017.000","hPa","35.9","pmil","0","55.690","deg","20.000","°C","100.000","%a.s.","22.400","deg","20.000","°C","962.000","hPa","0.861","-0.02617","0.00035","0","0","13.56","Humid","35.35","0","78.50","282061.00","SABD0002000014","AAV2.0.0.13","3.0.3.1703","PSt7-10","180509-002","9/13/2019 10:46:52 AM","0000-00","0","no battery","V"
"06/11/2023","11:01:07","9","default","547630319","OXY_CH9","5.159","min","134.007","μmol/L","Humid","25.898","deg","147844","µV","26.732","°C","1017.000","hPa","35.9","pmil","0","55.690","deg","20.000","°C","100.000","%a.s.","22.400","deg","20.000","°C","962.000","hPa","0.861","-0.02617","0.00035","0","0","13.56","Humid","35.35","0","78.50","282079.22","SABD0002000014","AAV2.0.0.13","3.0.3.1703","PSt7-10","180509-002","9/13/2019 10:46:52 AM","0000-00","0","no battery","V"
"06/11/2023","11:01:08","9","default","547630319","OXY_CH9","5.175","min","134.039","μmol/L","Humid","25.895","deg","147820","µV","26.732","°C","1017.000","hPa","35.9","pmil","0","55.690","deg","20.000","°C","100.000","%a.s.","22.400","deg","20.000","°C","962.000","hPa","0.861","-0.02617","0.00035","0","0","13.56","Humid","35.35","0","78.50","282054.28","SABD0002000014","AAV2.0.0.13","3.0.3.1703","PSt7-10","180509-002","9/13/2019 10:46:52 AM","0000-00","0","no battery","V"
"06/11/2023","11:01:09","9","default","547630319","OXY_CH9","5.192","min","134.064","μmol/L","Humid","25.895","deg","147821","µV","26.726","°C","1017.000","hPa","35.9","pmil","0","55.690","deg","20.000","°C","100.000","%a.s.","22.400","deg","20.000","°C","962.000","hPa","0.861","-0.02617","0.00035","0","0","13.56","Humid","35.35","0","78.50","282061.23","SABD0002000014","AAV2.0.0.13","3.0.3.1703","PSt7-10","180509-002","9/13/2019 10:46:52 AM","0000-00","0","no battery","V"
"06/11/2023","11:01:10","9","default","547630319","OXY_CH9","5.208","min","134.039","μmol/L","Humid","25.895","deg","147811","µV","26.732","°C","1017.000","hPa","35.9","pmil","0","55.690","deg","20.000","°C","100.000","%a.s.","22.400","deg","20.000","°C","962.000","hPa","0.861","-0.02617","0.00035","0","0","13.56","Humid","35.35","0","78.50","282059.26","SABD0002000014","AAV2.0.0.13","3.0.3.1703","PSt7-10","180509-002","9/13/2019 10:46:52 AM","0000-00","0","no battery","V"
"06/11/2023","11:01:11","9","default","547630319","OXY_CH9","5.225","min","134.061","μmol/L","Humid","25.893","deg","147808","µV","26.732","°C","1017.000","hPa","35.9","pmil","0","55.690","deg","20.000","°C","100.000","%a.s.","22.400","deg","20.000","°C","962.000","hPa","0.861","-0.02617","0.00035","0","0","13.56","Humid","35.35","0","78.50","282060.01","SABD0002000014","AAV2.0.0.13","3.0.3.1703","PSt7-10","180509-002","9/13/2019 10:46:52 AM","0000-00","0","no battery","V"
"06/11/2023","11:01:12","9","default","547630319","OXY_CH9","5.242","min","134.096","μmol/L","Humid","25.892","deg","147795","µV","26.726","°C","1017.000","hPa","35.9","pmil","0","55.690","deg","20.000","°C","100.000","%a.s.","22.400","deg","20.000","°C","962.000","hPa","0.861","-0.02617","0.00035","0","0","13.56","Humid","35.35","0","78.50","282071.51","SABD0002000014","AAV2.0.0.13","3.0.3.1703","PSt7-10","180509-002","9/13/2019 10:46:52 AM","0000-00","0","no battery","V"
"06/11/2023","11:01:13","9","default","547630319","OXY_CH9","5.258","min","134.129","μmol/L","Humid","25.889","deg","147785","µV","26.726","°C","1017.000","hPa","35.9","pmil","0","55.690","deg","20.000","°C","100.000","%a.s.","22.400","deg","20.000","°C","962.000","hPa","0.861","-0.02617","0.00035","0","0","13.56","Humid","35.35","0","78.50","282067.49","SABD0002000014","AAV2.0.0.13","3.0.3.1703","PSt7-10","180509-002","9/13/2019 10:46:52 AM","0000-00","0","no battery","V"
"06/11/2023","11:01:14","9","default","547630319","OXY_CH9","5.275","min","134.137","μmol/L","Humid","25.886","deg","147772","µV","26.732","°C","1017.000","hPa","35.9","pmil","0","55.690","deg","20.000","°C","100.000","%a.s.","22.400","deg","20.000","°C","962.000","hPa","0.861","-0.02617","0.00035","0","0","13.56","Humid","35.35","0","78.50","282073.79","SABD0002000014","AAV2.0.0.13","3.0.3.1703","PSt7-10","180509-002","9/13/2019 10:46:52 AM","0000-00","0","no battery","V"
"06/11/2023","11:01:15","9","default","547630319","OXY_CH9","5.292","min","134.207","μmol/L","Humid","25.884","deg","147753","µV","26.720","°C","1017.000","hPa","35.9","pmil","0","55.690","deg","20.000","°C","100.000","%a.s.","22.400","deg","20.000","°C","962.000","hPa","0.861","-0.02617","0.00035","0","0","13.56","Humid","35.35","0","78.50","282068.30","SABD0002000014","AAV2.0.0.13","3.0.3.1703","PSt7-10","180509-002","9/13/2019 10:46:52 AM","0000-00","0","no battery","V"
"06/11/2023","11:01:16","9","default","547630319","OXY_CH9","5.308","min","134.158","μmol/L","Humid","25.884","deg","147749","µV","26.732","°C","1017.000","hPa","35.9","pmil","0","55.690","deg","20.000","°C","100.000","%a.s.","22.400","deg","20.000","°C","962.000","hPa","0.861","-0.02617","0.00035","0","0","13.56","Humid","35.35","0","78.50","282056.81","SABD0002000014","AAV2.0.0.13","3.0.3.1703","PSt7-10","180509-002","9/13/2019 10:46:52 AM","0000-00","0","no battery","V"
"06/11/2023","11:01:17","9","default","547630319","OXY_CH9","5.325","min","134.205","μmol/L","Humid","25.882","deg","147736","µV","26.726","°C","1017.000","hPa","35.9","pmil","0","55.690","deg","20.000","°C","100.000","%a.s.","22.400","deg","20.000","°C","962.000","hPa","0.861","-0.02617","0.00035","0","0","13.56","Humid","35.35","0","78.50","282063.13","SABD0002000014","AAV2.0.0.13","3.0.3.1703","PSt7-10","180509-002","9/13/2019 10:46:52 AM","0000-00","0","no battery","V"
"06/11/2023","11:01:18","9","default","547630319","OXY_CH9","5.342","min","134.248","μmol/L","Humid","25.878","deg","147725","µV","26.726","°C","1017.000","hPa","35.9","pmil","0","55.690","deg","20.000","°C","100.000","%a.s.","22.400","deg","20.000","°C","962.000","hPa","0.861","-0.02617","0.00035","0","0","13.56","Humid","35.35","0","78.50","282051.60","SABD0002000014","AAV2.0.0.13","3.0.3.1703","PSt7-10","180509-002","9/13/2019 10:46:52 AM","0000-00","0","no battery","V"
"06/11/2023","11:01:19","9","default","547630319","OXY_CH9","5.358","min","134.213","μmol/L","Humid","25.879","deg","147715","µV","26.732","°C","1017.000","hPa","35.9","pmil","0","55.690","deg","20.000","°C","100.000","%a.s.","22.400","deg","20.000","°C","962.000","hPa","0.861","-0.02617","0.00035","0","0","13.56","Humid","35.35","0","78.50","282062.53","SABD0002000014","AAV2.0.0.13","3.0.3.1703","PSt7-10","180509-002","9/13/2019 10:46:52 AM","0000-00","0","no battery","V"
"06/11/2023","11:01:20","9","default","547630319","OXY_CH9","5.375","min","134.259","μmol/L","Humid","25.877","deg","147698","µV","26.726","°C","1017.000","hPa","35.9","pmil","0","55.690","deg","20.000","°C","100.000","%a.s.","22.400","deg","20.000","°C","962.000","hPa","0.861","-0.02617","0.00035","0","0","13.56","Humid","35.35","0","78.50","282041.23","SABD0002000014","AAV2.0.0.13","3.0.3.1703","PSt7-10","180509-002","9/13/2019 10:46:52 AM","0000-00","0","no battery","V"
"06/11/2023","11:01:21","9","default","547630319","OXY_CH9","5.392","min","134.294","μmol/L","Humid","25.876","deg","147696","µV","26.720","°C","1017.000","hPa","35.9","pmil","0","55.690","deg","20.000","°C","100.000","%a.s.","22.400","deg","20.000","°C","962.000","hPa","0.861","-0.02617","0.00035","0","0","13.56","Humid","35.35","0","78.50","282055.76","SABD0002000014","AAV2.0.0.13","3.0.3.1703","PSt7-10","180509-002","9/13/2019 10:46:52 AM","0000-00","0","no battery","V"
"06/11/2023","11:01:22","9","default","547630319","OXY_CH9","5.408","min","134.280","μmol/L","Humid","25.875","deg","147686","µV","26.726","°C","1017.000","hPa","35.9","pmil","0","55.690","deg","20.000","°C","100.000","%a.s.","22.400","deg","20.000","°C","962.000","hPa","0.861","-0.02617","0.00035","0","0","13.56","Humid","35.35","0","78.50","282055.50","SABD0002000014","AAV2.0.0.13","3.0.3.1703","PSt7-10","180509-002","9/13/2019 10:46:52 AM","0000-00","0","no battery","V"
"06/11/2023","11:01:23","9","default","547630319","OXY_CH9","5.425","min","134.291","μmol/L","Humid","25.874","deg","147676","µV","26.726","°C","1017.000","hPa","35.9","pmil","0","55.690","deg","20.000","°C","100.000","%a.s.","22.400","deg","20.000","°C","962.000","hPa","0.861","-0.02617","0.00035","0","0","13.56","Humid","35.35","0","78.50","282049.78","SABD0002000014","AAV2.0.0.13","3.0.3.1703","PSt7-10","180509-002","9/13/2019 10:46:52 AM","0000-00","0","no battery","V"
"06/11/2023","11:01:24","9","default","547630319","OXY_CH9","5.441","min","134.321","μmol/L","Humid","25.869","deg","147650","µV","26.732","°C","1017.000","hPa","35.9","pmil","0","55.690","deg","20.000","°C","100.000","%a.s.","22.400","deg","20.000","°C","962.000","hPa","0.861","-0.02617","0.00035","0","0","13.56","Humid","35.35","0","78.50","282044.50","SABD0002000014","AAV2.0.0.13","3.0.3.1703","PSt7-10","180509-002","9/13/2019 10:46:52 AM","0000-00","0","no battery","V"
"06/11/2023","11:01:25","9","default","547630319","OXY_CH9","5.458","min","134.278","μmol/L","Humid","25.873","deg","147653","µV","26.732","°C","1017.000","hPa","35.9","pmil","0","55.690","deg","20.000","°C","100.000","%a.s.","22.400","deg","20.000","°C","962.000","hPa","0.861","-0.02617","0.00035","0","0","13.56","Humid","35.35","0","78.50","282030.64","SABD0002000014","AAV2.0.0.13","3.0.3.1703","PSt7-10","180509-002","9/13/2019 10:46:52 AM","0000-00","0","no battery","V"
"06/11/2023","11:01:26","9","default","547630319","OXY_CH9","5.475","min","134.307","μmol/L","Humid","25.868","deg","147641","µV","26.738","°C","1017.000","hPa","35.9","pmil","0","55.690","deg","20.000","°C","100.000","%a.s.","22.400","deg","20.000","°C","962.000","hPa","0.861","-0.02617","0.00035","0","0","13.56","Humid","35.35","0","78.50","282053.03","SABD0002000014","AAV2.0.0.13","3.0.3.1703","PSt7-10","180509-002","9/13/2019 10:46:52 AM","0000-00","0","no battery","V"
"06/11/2023","11:01:27","9","default","547630319","OXY_CH9","5.491","min","134.324","μmol/L","Humid","25.871","deg","147627","µV","26.726","°C","1017.000","hPa","35.9","pmil","0","55.690","deg","20.000","°C","100.000","%a.s.","22.400","deg","20.000","°C","962.000","hPa","0.861","-0.02617","0.00035","0","0","13.56","Humid","35.35","0","78.50","282042.86","SABD0002000014","AAV2.0.0.13","3.0.3.1703","PSt7-10","180509-002","9/13/2019 10:46:52 AM","0000-00","0","no battery","V"
"06/11/2023","11:01:28","9","default","547630319","OXY_CH9","5.508","min","134.391","μmol/L","Humid","25.867","deg","147613","µV","26.720","°C","1017.000","hPa","35.9","pmil","0","55.690","deg","20.000","°C","100.000","%a.s.","22.400","deg","20.000","°C","962.000","hPa","0.861","-0.02617","0.00035","0","0","13.56","Humid","35.35","0","78.50","282046.41","SABD0002000014","AAV2.0.0.13","3.0.3.1703","PSt7-10","180509-002","9/13/2019 10:46:52 AM","0000-00","0","no battery","V"
"06/11/2023","11:01:29","9","default","547630319","OXY_CH9","5.525","min","134.364","μmol/L","Humid","25.865","deg","147608","µV","26.732","°C","1017.000","hPa","35.9","pmil","0","55.690","deg","20.000","°C","100.000","%a.s.","22.400","deg","20.000","°C","962.000","hPa","0.861","-0.02617","0.00035","0","0","13.56","Humid","35.35","0","78.50","282046.31","SABD0002000014","AAV2.0.0.13","3.0.3.1703","PSt7-10","180509-002","9/13/2019 10:46:52 AM","0000-00","0","no battery","V"
"06/11/2023","11:01:30","9","default","547630319","OXY_CH9","5.541","min","134.467","μmol/L","Humid","25.860","deg","147593","µV","26.720","°C","1017.000","hPa","35.9","pmil","0","55.690","deg","20.000","°C","100.000","%a.s.","22.400","deg","20.000","°C","962.000","hPa","0.861","-0.02617","0.00035","0","0","13.56","Humid","35.35","0","78.50","282030.51","SABD0002000014","AAV2.0.0.13","3.0.3.1703","PSt7-10","180509-002","9/13/2019 10:46:52 AM","0000-00","0","no battery","V"
"06/11/2023","11:01:31","9","default","547630319","OXY_CH9","5.558","min","134.418","μmol/L","Humid","25.860","deg","147585","µV","26.732","°C","1017.000","hPa","35.9","pmil","0","55.690","deg","20.000","°C","100.000","%a.s.","22.400","deg","20.000","°C","962.000","hPa","0.861","-0.02617","0.00035","0","0","13.56","Humid","35.35","0","78.50","282048.01","SABD0002000014","AAV2.0.0.13","3.0.3.1703","PSt7-10","180509-002","9/13/2019 10:46:52 AM","0000-00","0","no battery","V"
"06/11/2023","11:01:32","9","default","547630319","OXY_CH9","5.575","min","134.443","μmol/L","Humid","25.860","deg","147573","µV","26.726","°C","1017.000","hPa","35.9","pmil","0","55.690","deg","20.000","°C","100.000","%a.s.","22.400","deg","20.000","°C","962.000","hPa","0.861","-0.02617","0.00035","0","0","13.56","Humid","35.35","0","78.50","282038.31","SABD0002000014","AAV2.0.0.13","3.0.3.1703","PSt7-10","180509-002","9/13/2019 10:46:52 AM","0000-00","0","no battery","V"
"06/11/2023","11:01:33","9","default","547630319","OXY_CH9","5.591","min","134.429","μmol/L","Humid","25.859","deg","147559","µV","26.732","°C","1017.000","hPa","35.9","pmil","0","55.690","deg","20.000","°C","100.000","%a.s.","22.400","deg","20.000","°C","962.000","hPa","0.861","-0.02617","0.00035","0","0","13.56","Humid","35.35","0","78.50","282032.65","SABD0002000014","AAV2.0.0.13","3.0.3.1703","PSt7-10","180509-002","9/13/2019 10:46:52 AM","0000-00","0","no battery","V"
"06/11/2023","11:01:34","9","default","547630319","OXY_CH9","5.608","min","134.484","μmol/L","Humid","25.854","deg","147559","µV","26.732","°C","1017.000","hPa","35.9","pmil","0","55.690","deg","20.000","°C","100.000","%a.s.","22.400","deg","20.000","°C","962.000","hPa","0.861","-0.02617","0.00035","0","0","13.56","Humid","35.35","0","78.50","282037.61","SABD0002000014","AAV2.0.0.13","3.0.3.1703","PSt7-10","180509-002","9/13/2019 10:46:52 AM","0000-00","0","no battery","V"
"06/11/2023","11:01:35","9","default","547630319","OXY_CH9","5.624","min","134.451","μmol/L","Humid","25.857","deg","147545","µV","26.732","°C","1017.000","hPa","35.9","pmil","0","55.690","deg","20.000","°C","100.000","%a.s.","22.400","deg","20.000","°C","962.000","hPa","0.861","-0.02617","0.00035","0","0","13.56","Humid","35.35","0","78.50","282030.13","SABD0002000014","AAV2.0.0.13","3.0.3.1703","PSt7-10","180509-002","9/13/2019 10:46:52 AM","0000-00","0","no battery","V"
"06/11/2023","11:01:36","9","default","547630319","OXY_CH9","5.641","min","134.494","μmol/L","Humid","25.853","deg","147539","µV","26.732","°C","1017.000","hPa","35.9","pmil","0","55.690","deg","20.000","°C","100.000","%a.s.","22.400","deg","20.000","°C","962.000","hPa","0.861","-0.02617","0.00035","0","0","13.56","Humid","35.35","0","78.50","282030.34","SABD0002000014","AAV2.0.0.13","3.0.3.1703","PSt7-10","180509-002","9/13/2019 10:46:52 AM","0000-00","0","no battery","V"
"06/11/2023","11:01:37","9","default","547630319","OXY_CH9","5.658","min","134.497","μmol/L","Humid","25.855","deg","147526","µV","26.726","°C","1017.000","hPa","35.9","pmil","0","55.690","deg","20.000","°C","100.000","%a.s.","22.400","deg","20.000","°C","962.000","hPa","0.861","-0.02617","0.00035","0","0","13.56","Humid","35.35","0","78.50","282020.59","SABD0002000014","AAV2.0.0.13","3.0.3.1703","PSt7-10","180509-002","9/13/2019 10:46:52 AM","0000-00","0","no battery","V"
"06/11/2023","11:01:38","9","default","547630319","OXY_CH9","5.675","min","134.519","μmol/L","Humid","25.853","deg","147517","µV","26.726","°C","1017.000","hPa","35.9","pmil","0","55.690","deg","20.000","°C","100.000","%a.s.","22.400","deg","20.000","°C","962.000","hPa","0.861","-0.02617","0.00035","0","0","13.56","Humid","35.35","0","78.50","282031.96","SABD0002000014","AAV2.0.0.13","3.0.3.1703","PSt7-10","180509-002","9/13/2019 10:46:52 AM","0000-00","0","no battery","V"
"06/11/2023","11:01:39","9","default","547630319","OXY_CH9","5.691","min","134.576","μmol/L","Humid","25.850","deg","147507","µV","26.720","°C","1017.000","hPa","35.9","pmil","0","55.690","deg","20.000","°C","100.000","%a.s.","22.400","deg","20.000","°C","962.000","hPa","0.861","-0.02617","0.00035","0","0","13.56","Humid","35.35","0","78.50","282019.76","SABD0002000014","AAV2.0.0.13","3.0.3.1703","PSt7-10","180509-002","9/13/2019 10:46:52 AM","0000-00","0","no battery","V"
"06/11/2023","11:01:40","9","default","547630319","OXY_CH9","5.708","min","134.530","μmol/L","Humid","25.852","deg","147496","µV","26.726","°C","1017.000","hPa","35.9","pmil","0","55.690","deg","20.000","°C","100.000","%a.s.","22.400","deg","20.000","°C","962.000","hPa","0.861","-0.02617","0.00035","0","0","13.56","Humid","35.35","0","78.50","282026.31","SABD0002000014","AAV2.0.0.13","3.0.3.1703","PSt7-10","180509-002","9/13/2019 10:46:52 AM","0000-00","0","no battery","V"
"06/11/2023","11:01:41","9","default","547630319","OXY_CH9","5.725","min","134.527","μmol/L","Humid","25.850","deg","147494","µV","26.732","°C","1017.000","hPa","35.9","pmil","0","55.690","deg","20.000","°C","100.000","%a.s.","22.400","deg","20.000","°C","962.000","hPa","0.861","-0.02617","0.00035","0","0","13.56","Humid","35.35","0","78.50","282024.32","SABD0002000014","AAV2.0.0.13","3.0.3.1703","PSt7-10","180509-002","9/13/2019 10:46:52 AM","0000-00","0","no battery","V"
"06/11/2023","11:01:42","9","default","547630319","OXY_CH9","5.742","min","134.584","μmol/L","Humid","25.847","deg","147486","µV","26.726","°C","1017.000","hPa","35.9","pmil","0","55.690","deg","20.000","°C","100.000","%a.s.","22.400","deg","20.000","°C","962.000","hPa","0.861","-0.02617","0.00035","0","0","13.56","Humid","35.35","0","78.50","282032.24","SABD0002000014","AAV2.0.0.13","3.0.3.1703","PSt7-10","180509-002","9/13/2019 10:46:52 AM","0000-00","0","no battery","V"
"06/11/2023","11:01:43","9","default","547630319","OXY_CH9","5.758","min","134.592","μmol/L","Humid","25.844","deg","147465","µV","26.732","°C","1017.000","hPa","35.9","pmil","0","55.690","deg","20.000","°C","100.000","%a.s.","22.400","deg","20.000","°C","962.000","hPa","0.861","-0.02617","0.00035","0","0","13.56","Humid","35.35","0","78.50","282021.95","SABD0002000014","AAV2.0.0.13","3.0.3.1703","PSt7-10","180509-002","9/13/2019 10:46:52 AM","0000-00","0","no battery","V"
"06/11/2023","11:01:44","9","default","547630319","OXY_CH9","5.775","min","134.628","μmol/L","Humid","25.843","deg","147442","µV","26.726","°C","1017.000","hPa","35.9","pmil","0","55.690","deg","20.000","°C","100.000","%a.s.","22.400","deg","20.000","°C","962.000","hPa","0.861","-0.02617","0.00035","0","0","13.56","Humid","35.35","0","78.50","282007.20","SABD0002000014","AAV2.0.0.13","3.0.3.1703","PSt7-10","180509-002","9/13/2019 10:46:52 AM","0000-00","0","no battery","V"
"06/11/2023","11:01:45","9","default","547630319","OXY_CH9","5.792","min","134.638","μmol/L","Humid","25.842","deg","147449","µV","26.726","°C","1017.000","hPa","35.9","pmil","0","55.690","deg","20.000","°C","100.000","%a.s.","22.400","deg","20.000","°C","962.000","hPa","0.861","-0.02617","0.00035","0","0","13.56","Humid","35.35","0","78.50","282019.44","SABD0002000014","AAV2.0.0.13","3.0.3.1703","PSt7-10","180509-002","9/13/2019 10:46:52 AM","0000-00","0","no battery","V"
"06/11/2023","11:01:46","9","default","547630319","OXY_CH9","5.808","min","134.649","μmol/L","Humid","25.841","deg","147438","µV","26.726","°C","1017.000","hPa","35.9","pmil","0","55.690","deg","20.000","°C","100.000","%a.s.","22.400","deg","20.000","°C","962.000","hPa","0.861","-0.02617","0.00035","0","0","13.56","Humid","35.35","0","78.50","282003.97","SABD0002000014","AAV2.0.0.13","3.0.3.1703","PSt7-10","180509-002","9/13/2019 10:46:52 AM","0000-00","0","no battery","V"
"06/11/2023","11:01:47","9","default","547630319","OXY_CH9","5.825","min","134.671","μmol/L","Humid","25.839","deg","147425","µV","26.726","°C","1017.000","hPa","35.9","pmil","0","55.690","deg","20.000","°C","100.000","%a.s.","22.400","deg","20.000","°C","962.000","hPa","0.861","-0.02617","0.00035","0","0","13.56","Humid","35.35","0","78.50","282011.38","SABD0002000014","AAV2.0.0.13","3.0.3.1703","PSt7-10","180509-002","9/13/2019 10:46:52 AM","0000-00","0","no battery","V"
"06/11/2023","11:01:48","9","default","547630319","OXY_CH9","5.842","min","134.660","μmol/L","Humid","25.840","deg","147406","µV","26.726","°C","1017.000","hPa","35.9","pmil","0","55.690","deg","20.000","°C","100.000","%a.s.","22.400","deg","20.000","°C","962.000","hPa","0.861","-0.02617","0.00035","0","0","13.56","Humid","35.35","0","78.50","282010.92","SABD0002000014","AAV2.0.0.13","3.0.3.1703","PSt7-10","180509-002","9/13/2019 10:46:52 AM","0000-00","0","no battery","V"
"06/11/2023","11:01:49","9","default","547630319","OXY_CH9","5.858","min","134.695","μmol/L","Humid","25.839","deg","147398","µV","26.720","°C","1017.000","hPa","35.9","pmil","0","55.690","deg","20.000","°C","100.000","%a.s.","22.400","deg","20.000","°C","962.000","hPa","0.861","-0.02617","0.00035","0","0","13.56","Humid","35.35","0","78.50","282017.37","SABD0002000014","AAV2.0.0.13","3.0.3.1703","PSt7-10","180509-002","9/13/2019 10:46:52 AM","0000-00","0","no battery","V"
"06/11/2023","11:01:50","9","default","547630319","OXY_CH9","5.875","min","134.753","μmol/L","Humid","25.836","deg","147390","µV","26.713","°C","1017.000","hPa","35.9","pmil","0","55.690","deg","20.000","°C","100.000","%a.s.","22.400","deg","20.000","°C","962.000","hPa","0.861","-0.02617","0.00035","0","0","13.56","Humid","35.35","0","78.50","282025.42","SABD0002000014","AAV2.0.0.13","3.0.3.1703","PSt7-10","180509-002","9/13/2019 10:46:52 AM","0000-00","0","no battery","V"
"06/11/2023","11:01:51","9","default","547630319","OXY_CH9","5.891","min","134.701","μmol/L","Humid","25.834","deg","147386","µV","26.732","°C","1017.000","hPa","35.9","pmil","0","55.690","deg","20.000","°C","100.000","%a.s.","22.400","deg","20.000","°C","962.000","hPa","0.861","-0.02617","0.00035","0","0","13.56","Humid","35.35","0","78.50","282011.55","SABD0002000014","AAV2.0.0.13","3.0.3.1703","PSt7-10","180509-002","9/13/2019 10:46:52 AM","0000-00","0","no battery","V"
"06/11/2023","11:01:52","9","default","547630319","OXY_CH9","5.908","min","134.736","μmol/L","Humid","25.833","deg","147373","µV","26.726","°C","1017.000","hPa","35.9","pmil","0","55.690","deg","20.000","°C","100.000","%a.s.","22.400","deg","20.000","°C","962.000","hPa","0.861","-0.02617","0.00035","0","0","13.56","Humid","35.35","0","78.50","282024.88","SABD0002000014","AAV2.0.0.13","3.0.3.1703","PSt7-10","180509-002","9/13/2019 10:46:52 AM","0000-00","0","no battery","V"
"06/11/2023","11:01:53","9","default","547630319","OXY_CH9","5.925","min","134.772","μmol/L","Humid","25.832","deg","147360","µV","26.720","°C","1017.000","hPa","35.9","pmil","0","55.690","deg","20.000","°C","100.000","%a.s.","22.400","deg","20.000","°C","962.000","hPa","0.861","-0.02617","0.00035","0","0","13.56","Humid","35.35","0","78.50","282022.87","SABD0002000014","AAV2.0.0.13","3.0.3.1703","PSt7-10","180509-002","9/13/2019 10:46:52 AM","0000-00","0","no battery","V"
"06/11/2023","11:01:54","9","default","547630319","OXY_CH9","5.941","min","134.758","μmol/L","Humid","25.831","deg","147365","µV","26.726","°C","1017.000","hPa","35.9","pmil","0","55.690","deg","20.000","°C","100.000","%a.s.","22.400","deg","20.000","°C","962.000","hPa","0.861","-0.02617","0.00035","0","0","13.56","Humid","35.35","0","78.50","282009.61","SABD0002000014","AAV2.0.0.13","3.0.3.1703","PSt7-10","180509-002","9/13/2019 10:46:52 AM","0000-00","0","no battery","V"
"06/11/2023","11:01:55","9","default","547630319","OXY_CH9","5.958","min","134.823","μmol/L","Humid","25.825","deg","147329","µV","26.726","°C","1017.000","hPa","35.9","pmil","0","55.690","deg","20.000","°C","100.000","%a.s.","22.400","deg","20.000","°C","962.000","hPa","0.861","-0.02617","0.00035","0","0","13.56","Humid","35.35","0","78.50","282017.42","SABD0002000014","AAV2.0.0.13","3.0.3.1703","PSt7-10","180509-002","9/13/2019 10:46:52 AM","0000-00","0","no battery","V"
"06/11/2023","11:01:56","9","default","547630319","OXY_CH9","5.975","min","134.845","μmol/L","Humid","25.823","deg","147318","µV","26.726","°C","1017.000","hPa","35.9","pmil","0","55.690","deg","20.000","°C","100.000","%a.s.","22.400","deg","20.000","°C","962.000","hPa","0.861","-0.02617","0.00035","0","0","13.56","Humid","35.35","0","78.50","282008.01","SABD0002000014","AAV2.0.0.13","3.0.3.1703","PSt7-10","180509-002","9/13/2019 10:46:52 AM","0000-00","0","no battery","V"
"06/11/2023","11:01:57","9","default","547630319","OXY_CH9","5.992","min","134.856","μmol/L","Humid","25.822","deg","147305","µV","26.726","°C","1017.000","hPa","35.9","pmil","0","55.690","deg","20.000","°C","100.000","%a.s.","22.400","deg","20.000","°C","962.000","hPa","0.861","-0.02617","0.00035","0","0","13.56","Humid","35.35","0","78.50","282018.72","SABD0002000014","AAV2.0.0.13","3.0.3.1703","PSt7-10","180509-002","9/13/2019 10:46:52 AM","0000-00","0","no battery","V"
"06/11/2023","11:01:58","9","default","547630319","OXY_CH9","6.008","min","134.878","μmol/L","Humid","25.820","deg","147298","µV","26.726","°C","1017.000","hPa","35.9","pmil","0","55.690","deg","20.000","°C","100.000","%a.s.","22.400","deg","20.000","°C","962.000","hPa","0.861","-0.02617","0.00035","0","0","13.56","Humid","35.35","0","78.50","282005.33","SABD0002000014","AAV2.0.0.13","3.0.3.1703","PSt7-10","180509-002","9/13/2019 10:46:52 AM","0000-00","0","no battery","V"
"06/11/2023","11:01:59","9","default","547630319","OXY_CH9","6.025","min","134.867","μmol/L","Humid","25.821","deg","147296","µV","26.726","°C","1017.000","hPa","35.9","pmil","0","55.690","deg","20.000","°C","100.000","%a.s.","22.400","deg","20.000","°C","962.000","hPa","0.861","-0.02617","0.00035","0","0","13.56","Humid","35.35","0","78.50","281992.28","SABD0002000014","AAV2.0.0.13","3.0.3.1703","PSt7-10","180509-002","9/13/2019 10:46:52 AM","0000-00","0","no battery","V"
"06/11/2023","11:02:00","9","default","547630319","OXY_CH9","6.042","min","134.902","μmol/L","Humid","25.820","deg","147276","µV","26.720","°C","1017.000","hPa","35.9","pmil","0","55.690","deg","20.000","°C","100.000","%a.s.","22.400","deg","20.000","°C","962.000","hPa","0.861","-0.02617","0.00035","0","0","13.56","Humid","35.35","0","78.50","282004.60","SABD0002000014","AAV2.0.0.13","3.0.3.1703","PSt7-10","180509-002","9/13/2019 10:46:52 AM","0000-00","0","no battery","V"
"06/11/2023","11:02:01","9","default","547630319","OXY_CH9","6.058","min","134.932","μmol/L","Humid","25.815","deg","147263","µV","26.726","°C","1017.000","hPa","35.9","pmil","0","55.690","deg","20.000","°C","100.000","%a.s.","22.400","deg","20.000","°C","962.000","hPa","0.861","-0.02617","0.00035","0","0","13.56","Humid","35.35","0","78.50","282006.74","SABD0002000014","AAV2.0.0.13","3.0.3.1703","PSt7-10","180509-002","9/13/2019 10:46:52 AM","0000-00","0","no battery","V"
"06/11/2023","11:02:02","9","default","547630319","OXY_CH9","6.075","min","134.946","μmol/L","Humid","25.816","deg","147253","µV","26.720","°C","1017.000","hPa","35.9","pmil","0","55.690","deg","20.000","°C","100.000","%a.s.","22.400","deg","20.000","°C","962.000","hPa","0.861","-0.02617","0.00035","0","0","13.56","Humid","35.35","0","78.50","281999.07","SABD0002000014","AAV2.0.0.13","3.0.3.1703","PSt7-10","180509-002","9/13/2019 10:46:52 AM","0000-00","0","no battery","V"
"06/11/2023","11:02:03","9","default","547630319","OXY_CH9","6.092","min","134.957","μmol/L","Humid","25.815","deg","147244","µV","26.720","°C","1017.000","hPa","35.9","pmil","0","55.690","deg","20.000","°C","100.000","%a.s.","22.400","deg","20.000","°C","962.000","hPa","0.861","-0.02617","0.00035","0","0","13.56","Humid","35.35","0","78.50","282003.92","SABD0002000014","AAV2.0.0.13","3.0.3.1703","PSt7-10","180509-002","9/13/2019 10:46:52 AM","0000-00","0","no battery","V"
"06/11/2023","11:02:04","9","default","547630319","OXY_CH9","6.109","min","134.989","μmol/L","Humid","25.812","deg","147245","µV","26.720","°C","1017.000","hPa","35.9","pmil","0","55.690","deg","20.000","°C","100.000","%a.s.","22.400","deg","20.000","°C","962.000","hPa","0.861","-0.02617","0.00035","0","0","13.56","Humid","35.35","0","78.50","281999.38","SABD0002000014","AAV2.0.0.13","3.0.3.1703","PSt7-10","180509-002","9/13/2019 10:46:52 AM","0000-00","0","no battery","V"
"06/11/2023","11:02:05","9","default","547630319","OXY_CH9","6.125","min","135.011","μmol/L","Humid","25.810","deg","147213","µV","26.720","°C","1017.000","hPa","35.9","pmil","0","55.690","deg","20.000","°C","100.000","%a.s.","22.400","deg","20.000","°C","962.000","hPa","0.861","-0.02617","0.00035","0","0","13.56","Humid","35.35","0","78.50","281998.75","SABD0002000014","AAV2.0.0.13","3.0.3.1703","PSt7-10","180509-002","9/13/2019 10:46:52 AM","0000-00","0","no battery","V"
"06/11/2023","11:02:06","9","default","547630319","OXY_CH9","6.142","min","134.978","μmol/L","Humid","25.813","deg","147218","µV","26.720","°C","1017.000","hPa","35.9","pmil","0","55.690","deg","20.000","°C","100.000","%a.s.","22.400","deg","20.000","°C","962.000","hPa","0.861","-0.02617","0.00035","0","0","13.56","Humid","35.35","0","78.50","282006.74","SABD0002000014","AAV2.0.0.13","3.0.3.1703","PSt7-10","180509-002","9/13/2019 10:46:52 AM","0000-00","0","no battery","V"
"06/11/2023","11:02:07","9","default","547630319","OXY_CH9","6.158","min","135.022","μmol/L","Humid","25.809","deg","147201","µV","26.720","°C","1017.000","hPa","35.9","pmil","0","55.690","deg","20.000","°C","100.000","%a.s.","22.400","deg","20.000","°C","962.000","hPa","0.861","-0.02617","0.00035","0","0","13.56","Humid","35.35","0","78.50","281984.56","SABD0002000014","AAV2.0.0.13","3.0.3.1703","PSt7-10","180509-002","9/13/2019 10:46:52 AM","0000-00","0","no battery","V"
"06/11/2023","11:02:08","9","default","547630319","OXY_CH9","6.175","min","135.022","μmol/L","Humid","25.809","deg","147202","µV","26.720","°C","1017.000","hPa","35.9","pmil","0","55.690","deg","20.000","°C","100.000","%a.s.","22.400","deg","20.000","°C","962.000","hPa","0.861","-0.02617","0.00035","0","0","13.56","Humid","35.35","0","78.50","282000.38","SABD0002000014","AAV2.0.0.13","3.0.3.1703","PSt7-10","180509-002","9/13/2019 10:46:52 AM","0000-00","0","no battery","V"
"06/11/2023","11:02:09","9","default","547630319","OXY_CH9","6.191","min","135.055","μmol/L","Humid","25.806","deg","147183","µV","26.720","°C","1017.000","hPa","35.9","pmil","0","55.690","deg","20.000","°C","100.000","%a.s.","22.400","deg","20.000","°C","962.000","hPa","0.861","-0.02617","0.00035","0","0","13.56","Humid","35.35","0","78.50","281992.45","SABD0002000014","AAV2.0.0.13","3.0.3.1703","PSt7-10","180509-002","9/13/2019 10:46:52 AM","0000-00","0","no battery","V"
"06/11/2023","11:02:10","9","default","547630319","OXY_CH9","6.208","min","135.017","μmol/L","Humid","25.805","deg","147178","µV","26.732","°C","1017.000","hPa","35.9","pmil","0","55.690","deg","20.000","°C","100.000","%a.s.","22.400","deg","20.000","°C","962.000","hPa","0.861","-0.02617","0.00035","0","0","13.56","Humid","35.35","0","78.50","281990.65","SABD0002000014","AAV2.0.0.13","3.0.3.1703","PSt7-10","180509-002","9/13/2019 10:46:52 AM","0000-00","0","no battery","V"
"06/11/2023","11:02:11","9","default","547630319","OXY_CH9","6.225","min","135.101","μmol/L","Humid","25.804","deg","147174","µV","26.713","°C","1017.000","hPa","35.9","pmil","0","55.690","deg","20.000","°C","100.000","%a.s.","22.400","deg","20.000","°C","962.000","hPa","0.861","-0.02617","0.00035","0","0","13.56","Humid","35.35","0","78.50","281991.27","SABD0002000014","AAV2.0.0.13","3.0.3.1703","PSt7-10","180509-002","9/13/2019 10:46:52 AM","0000-00","0","no battery","V"
"06/11/2023","11:02:12","9","default","547630319","OXY_CH9","6.241","min","135.052","μmol/L","Humid","25.804","deg","147151","µV","26.726","°C","1017.000","hPa","35.9","pmil","0","55.690","deg","20.000","°C","100.000","%a.s.","22.400","deg","20.000","°C","962.000","hPa","0.861","-0.02617","0.00035","0","0","13.56","Humid","35.35","0","78.50","281993.97","SABD0002000014","AAV2.0.0.13","3.0.3.1703","PSt7-10","180509-002","9/13/2019 10:46:52 AM","0000-00","0","no battery","V"
"06/11/2023","11:02:13","9","default","547630319","OXY_CH9","6.258","min","135.107","μmol/L","Humid","25.799","deg","147148","µV","26.726","°C","1017.000","hPa","35.9","pmil","0","55.690","deg","20.000","°C","100.000","%a.s.","22.400","deg","20.000","°C","962.000","hPa","0.861","-0.02617","0.00035","0","0","13.56","Humid","35.35","0","78.50","281995.47","SABD0002000014","AAV2.0.0.13","3.0.3.1703","PSt7-10","180509-002","9/13/2019 10:46:52 AM","0000-00","0","no battery","V"
"06/11/2023","11:02:14","9","default","547630319","OXY_CH9","6.275","min","135.134","μmol/L","Humid","25.801","deg","147134","µV","26.713","°C","1017.000","hPa","35.9","pmil","0","55.690","deg","20.000","°C","100.000","%a.s.","22.400","deg","20.000","°C","962.000","hPa","0.861","-0.02617","0.00035","0","0","13.56","Humid","35.35","0","78.50","281985.99","SABD0002000014","AAV2.0.0.13","3.0.3.1703","PSt7-10","180509-002","9/13/2019 10:46:52 AM","0000-00","0","no battery","V"
"06/11/2023","11:02:15","9","default","547630319","OXY_CH9","6.291","min","135.153","μmol/L","Humid","25.797","deg","147123","µV","26.720","°C","1017.000","hPa","35.9","pmil","0","55.690","deg","20.000","°C","100.000","%a.s.","22.400","deg","20.000","°C","962.000","hPa","0.861","-0.02617","0.00035","0","0","13.56","Humid","35.35","0","78.50","281980.45","SABD0002000014","AAV2.0.0.13","3.0.3.1703","PSt7-10","180509-002","9/13/2019 10:46:52 AM","0000-00","0","no battery","V"
"06/11/2023","11:02:16","9","default","547630319","OXY_CH9","6.308","min","135.139","μmol/L","Humid","25.796","deg","147113","µV","26.726","°C","1017.000","hPa","35.9","pmil","0","55.690","deg","20.000","°C","100.000","%a.s.","22.400","deg","20.000","°C","962.000","hPa","0.861","-0.02617","0.00035","0","0","13.56","Humid","35.35","0","78.50","281986.93","SABD0002000014","AAV2.0.0.13","3.0.3.1703","PSt7-10","180509-002","9/13/2019 10:46:52 AM","0000-00","0","no battery","V"
"06/11/2023","11:02:17","9","default","547630319","OXY_CH9","6.324","min","135.137","μmol/L","Humid","25.794","deg","147098","µV","26.732","°C","1017.000","hPa","35.9","pmil","0","55.690","deg","20.000","°C","100.000","%a.s.","22.400","deg","20.000","°C","962.000","hPa","0.861","-0.02617","0.00035","0","0","13.56","Humid","35.35","0","78.50","281983.34","SABD0002000014","AAV2.0.0.13","3.0.3.1703","PSt7-10","180509-002","9/13/2019 10:46:52 AM","0000-00","0","no battery","V"
"06/11/2023","11:02:18","9","default","547630319","OXY_CH9","6.342","min","135.175","μmol/L","Humid","25.795","deg","147096","µV","26.720","°C","1017.000","hPa","35.9","pmil","0","55.690","deg","20.000","°C","100.000","%a.s.","22.400","deg","20.000","°C","962.000","hPa","0.861","-0.02617","0.00035","0","0","13.56","Humid","35.35","0","78.50","281995.83","SABD0002000014","AAV2.0.0.13","3.0.3.1703","PSt7-10","180509-002","9/13/2019 10:46:52 AM","0000-00","0","no battery","V"
"06/11/2023","11:02:19","9","default","547630319","OXY_CH9","6.359","min","135.126","μmol/L","Humid","25.795","deg","147087","µV","26.732","°C","1017.000","hPa","35.9","pmil","0","55.690","deg","20.000","°C","100.000","%a.s.","22.400","deg","20.000","°C","962.000","hPa","0.861","-0.02617","0.00035","0","0","13.56","Humid","35.35","0","78.50","281989.06","SABD0002000014","AAV2.0.0.13","3.0.3.1703","PSt7-10","180509-002","9/13/2019 10:46:52 AM","0000-00","0","no battery","V"
"06/11/2023","11:02:20","9","default","547630319","OXY_CH9","6.375","min","135.183","μmol/L","Humid","25.792","deg","147068","µV","26.726","°C","1017.000","hPa","35.9","pmil","0","55.690","deg","20.000","°C","100.000","%a.s.","22.400","deg","20.000","°C","962.000","hPa","0.861","-0.02617","0.00035","0","0","13.56","Humid","35.35","0","78.50","281981.95","SABD0002000014","AAV2.0.0.13","3.0.3.1703","PSt7-10","180509-002","9/13/2019 10:46:52 AM","0000-00","0","no battery","V"
"06/11/2023","11:02:21","9","default","547630319","OXY_CH9","6.392","min","135.251","μmol/L","Humid","25.788","deg","147066","µV","26.720","°C","1017.000","hPa","35.9","pmil","0","55.690","deg","20.000","°C","100.000","%a.s.","22.400","deg","20.000","°C","962.000","hPa","0.861","-0.02617","0.00035","0","0","13.56","Humid","35.35","0","78.50","281990.75","SABD0002000014","AAV2.0.0.13","3.0.3.1703","PSt7-10","180509-002","9/13/2019 10:46:52 AM","0000-00","0","no battery","V"
"06/11/2023","11:02:22","9","default","547630319","OXY_CH9","6.408","min","135.238","μmol/L","Humid","25.787","deg","147041","µV","26.726","°C","1017.000","hPa","35.9","pmil","0","55.690","deg","20.000","°C","100.000","%a.s.","22.400","deg","20.000","°C","962.000","hPa","0.861","-0.02617","0.00035","0","0","13.56","Humid","35.35","0","78.50","281972.42","SABD0002000014","AAV2.0.0.13","3.0.3.1703","PSt7-10","180509-002","9/13/2019 10:46:52 AM","0000-00","0","no battery","V"
"06/11/2023","11:02:23","9","default","547630319","OXY_CH9","6.425","min","135.229","μmol/L","Humid","25.790","deg","147049","µV","26.720","°C","1017.000","hPa","35.9","pmil","0","55.690","deg","20.000","°C","100.000","%a.s.","22.400","deg","20.000","°C","962.000","hPa","0.861","-0.02617","0.00035","0","0","13.56","Humid","35.35","0","78.50","281993.82","SABD0002000014","AAV2.0.0.13","3.0.3.1703","PSt7-10","180509-002","9/13/2019 10:46:52 AM","0000-00","0","no battery","V"
"06/11/2023","11:02:24","9","default","547630319","OXY_CH9","6.442","min","135.246","μmol/L","Humid","25.784","deg","147025","µV","26.732","°C","1017.000","hPa","35.9","pmil","0","55.690","deg","20.000","°C","100.000","%a.s.","22.400","deg","20.000","°C","962.000","hPa","0.861","-0.02617","0.00035","0","0","13.56","Humid","35.35","0","78.50","281980.94","SABD0002000014","AAV2.0.0.13","3.0.3.1703","PSt7-10","180509-002","9/13/2019 10:46:52 AM","0000-00","0","no battery","V"
"06/11/2023","11:02:25","9","default","547630319","OXY_CH9","6.458","min","135.259","μmol/L","Humid","25.785","deg","147010","µV","26.726","°C","1017.000","hPa","35.9","pmil","0","55.690","deg","20.000","°C","100.000","%a.s.","22.400","deg","20.000","°C","962.000","hPa","0.861","-0.02617","0.00035","0","0","13.56","Humid","35.35","0","78.50","281975.27","SABD0002000014","AAV2.0.0.13","3.0.3.1703","PSt7-10","180509-002","9/13/2019 10:46:52 AM","0000-00","0","no battery","V"
"06/11/2023","11:02:26","9","default","547630319","OXY_CH9","6.475","min","135.317","μmol/L","Humid","25.782","deg","147014","µV","26.720","°C","1017.000","hPa","35.9","pmil","0","55.690","deg","20.000","°C","100.000","%a.s.","22.400","deg","20.000","°C","962.000","hPa","0.861","-0.02617","0.00035","0","0","13.56","Humid","35.35","0","78.50","281978.35","SABD0002000014","AAV2.0.0.13","3.0.3.1703","PSt7-10","180509-002","9/13/2019 10:46:52 AM","0000-00","0","no battery","V"
"06/11/2023","11:02:27","9","default","547630319","OXY_CH9","6.491","min","135.292","μmol/L","Humid","25.782","deg","147001","µV","26.726","°C","1017.000","hPa","35.9","pmil","0","55.690","deg","20.000","°C","100.000","%a.s.","22.400","deg","20.000","°C","962.000","hPa","0.861","-0.02617","0.00035","0","0","13.56","Humid","35.35","0","78.50","281975.44","SABD0002000014","AAV2.0.0.13","3.0.3.1703","PSt7-10","180509-002","9/13/2019 10:46:52 AM","0000-00","0","no battery","V"
"06/11/2023","11:02:28","9","default","547630319","OXY_CH9","6.508","min","135.350","μmol/L","Humid","25.779","deg","146979","µV","26.720","°C","1017.000","hPa","35.9","pmil","0","55.690","deg","20.000","°C","100.000","%a.s.","22.400","deg","20.000","°C","962.000","hPa","0.861","-0.02617","0.00035","0","0","13.56","Humid","35.35","0","78.50","281972.39","SABD0002000014","AAV2.0.0.13","3.0.3.1703","PSt7-10","180509-002","9/13/2019 10:46:52 AM","0000-00","0","no battery","V"
"06/11/2023","11:02:29","9","default","547630319","OXY_CH9","6.525","min","135.339","μmol/L","Humid","25.780","deg","146977","µV","26.720","°C","1017.000","hPa","35.9","pmil","0","55.690","deg","20.000","°C","100.000","%a.s.","22.400","deg","20.000","°C","962.000","hPa","0.861","-0.02617","0.00035","0","0","13.56","Humid","35.35","0","78.50","281978.56","SABD0002000014","AAV2.0.0.13","3.0.3.1703","PSt7-10","180509-002","9/13/2019 10:46:52 AM","0000-00","0","no battery","V"
"06/11/2023","11:02:30","9","default","547630319","OXY_CH9","6.542","min","135.325","μmol/L","Humid","25.779","deg","146978","µV","26.726","°C","1017.000","hPa","35.9","pmil","0","55.690","deg","20.000","°C","100.000","%a.s.","22.400","deg","20.000","°C","962.000","hPa","0.861","-0.02617","0.00035","0","0","13.56","Humid","35.35","0","78.50","281976.43","SABD0002000014","AAV2.0.0.13","3.0.3.1703","PSt7-10","180509-002","9/13/2019 10:46:52 AM","0000-00","0","no battery","V"
"06/11/2023","11:02:31","9","default","547630319","OXY_CH9","6.558","min","135.415","μmol/L","Humid","25.773","deg","146956","µV","26.720","°C","1017.000","hPa","35.9","pmil","0","55.690","deg","20.000","°C","100.000","%a.s.","22.400","deg","20.000","°C","962.000","hPa","0.861","-0.02617","0.00035","0","0","13.56","Humid","35.35","0","78.50","281965.15","SABD0002000014","AAV2.0.0.13","3.0.3.1703","PSt7-10","180509-002","9/13/2019 10:46:52 AM","0000-00","0","no battery","V"
"06/11/2023","11:02:32","9","default","547630319","OXY_CH9","6.575","min","135.429","μmol/L","Humid","25.774","deg","146946","µV","26.713","°C","1017.000","hPa","35.9","pmil","0","55.690","deg","20.000","°C","100.000","%a.s.","22.400","deg","20.000","°C","962.000","hPa","0.861","-0.02617","0.00035","0","0","13.56","Humid","35.35","0","78.50","281969.21","SABD0002000014","AAV2.0.0.13","3.0.3.1703","PSt7-10","180509-002","9/13/2019 10:46:52 AM","0000-00","0","no battery","V"
"06/11/2023","11:02:33","9","default","547630319","OXY_CH9","6.591","min","135.371","μmol/L","Humid","25.777","deg","146938","µV","26.720","°C","1017.000","hPa","35.9","pmil","0","55.690","deg","20.000","°C","100.000","%a.s.","22.400","deg","20.000","°C","962.000","hPa","0.861","-0.02617","0.00035","0","0","13.56","Humid","35.35","0","78.50","281960.50","SABD0002000014","AAV2.0.0.13","3.0.3.1703","PSt7-10","180509-002","9/13/2019 10:46:52 AM","0000-00","0","no battery","V"
"06/11/2023","11:02:34","9","default","547630319","OXY_CH9","6.608","min","135.448","μmol/L","Humid","25.770","deg","146933","µV","26.720","°C","1017.000","hPa","35.9","pmil","0","55.690","deg","20.000","°C","100.000","%a.s.","22.400","deg","20.000","°C","962.000","hPa","0.861","-0.02617","0.00035","0","0","13.56","Humid","35.35","0","78.50","281958.30","SABD0002000014","AAV2.0.0.13","3.0.3.1703","PSt7-10","180509-002","9/13/2019 10:46:52 AM","0000-00","0","no battery","V"
"06/11/2023","11:02:35","9","default","547630319","OXY_CH9","6.625","min","135.448","μmol/L","Humid","25.770","deg","146908","µV","26.720","°C","1017.000","hPa","35.9","pmil","0","55.690","deg","20.000","°C","100.000","%a.s.","22.400","deg","20.000","°C","962.000","hPa","0.861","-0.02617","0.00035","0","0","13.56","Humid","35.35","0","78.50","281959.23","SABD0002000014","AAV2.0.0.13","3.0.3.1703","PSt7-10","180509-002","9/13/2019 10:46:52 AM","0000-00","0","no battery","V"
"06/11/2023","11:02:36","9","default","547630319","OXY_CH9","6.641","min","135.445","μmol/L","Humid","25.768","deg","146902","µV","26.726","°C","1017.000","hPa","35.9","pmil","0","55.690","deg","20.000","°C","100.000","%a.s.","22.400","deg","20.000","°C","962.000","hPa","0.861","-0.02617","0.00035","0","0","13.56","Humid","35.35","0","78.50","281959.03","SABD0002000014","AAV2.0.0.13","3.0.3.1703","PSt7-10","180509-002","9/13/2019 10:46:52 AM","0000-00","0","no battery","V"
"06/11/2023","11:02:37","9","default","547630319","OXY_CH9","6.658","min","135.456","μmol/L","Humid","25.767","deg","146889","µV","26.726","°C","1017.000","hPa","35.9","pmil","0","55.690","deg","20.000","°C","100.000","%a.s.","22.400","deg","20.000","°C","962.000","hPa","0.861","-0.02617","0.00035","0","0","13.56","Humid","35.35","0","78.50","281949.42","SABD0002000014","AAV2.0.0.13","3.0.3.1703","PSt7-10","180509-002","9/13/2019 10:46:52 AM","0000-00","0","no battery","V"
"06/11/2023","11:02:38","9","default","547630319","OXY_CH9","6.675","min","135.527","μmol/L","Humid","25.765","deg","146882","µV","26.713","°C","1017.000","hPa","35.9","pmil","0","55.690","deg","20.000","°C","100.000","%a.s.","22.400","deg","20.000","°C","962.000","hPa","0.861","-0.02617","0.00035","0","0","13.56","Humid","35.35","0","78.50","281963.83","SABD0002000014","AAV2.0.0.13","3.0.3.1703","PSt7-10","180509-002","9/13/2019 10:46:52 AM","0000-00","0","no battery","V"
"06/11/2023","11:02:39","9","default","547630319","OXY_CH9","6.692","min","135.500","μmol/L","Humid","25.763","deg","146876","µV","26.726","°C","1017.000","hPa","35.9","pmil","0","55.690","deg","20.000","°C","100.000","%a.s.","22.400","deg","20.000","°C","962.000","hPa","0.861","-0.02617","0.00035","0","0","13.56","Humid","35.35","0","78.50","281951.25","SABD0002000014","AAV2.0.0.13","3.0.3.1703","PSt7-10","180509-002","9/13/2019 10:46:52 AM","0000-00","0","no battery","V"
"06/11/2023","11:02:40","9","default","547630319","OXY_CH9","6.708","min","135.536","μmol/L","Humid","25.762","deg","146851","µV","26.720","°C","1017.000","hPa","35.9","pmil","0","55.690","deg","20.000","°C","100.000","%a.s.","22.400","deg","20.000","°C","962.000","hPa","0.861","-0.02617","0.00035","0","0","13.56","Humid","35.35","0","78.50","281952.01","SABD0002000014","AAV2.0.0.13","3.0.3.1703","PSt7-10","180509-002","9/13/2019 10:46:52 AM","0000-00","0","no battery","V"
"06/11/2023","11:02:41","9","default","547630319","OXY_CH9","6.725","min","135.514","μmol/L","Humid","25.764","deg","146856","µV","26.720","°C","1017.000","hPa","35.9","pmil","0","55.690","deg","20.000","°C","100.000","%a.s.","22.400","deg","20.000","°C","962.000","hPa","0.861","-0.02617","0.00035","0","0","13.56","Humid","35.35","0","78.50","281968.57","SABD0002000014","AAV2.0.0.13","3.0.3.1703","PSt7-10","180509-002","9/13/2019 10:46:52 AM","0000-00","0","no battery","V"
"06/11/2023","11:02:42","9","default","547630319","OXY_CH9","6.741","min","135.486","μmol/L","Humid","25.762","deg","146844","µV","26.732","°C","1017.000","hPa","35.9","pmil","0","55.690","deg","20.000","°C","100.000","%a.s.","22.400","deg","20.000","°C","962.000","hPa","0.861","-0.02617","0.00035","0","0","13.56","Humid","35.35","0","78.50","281952.23","SABD0002000014","AAV2.0.0.13","3.0.3.1703","PSt7-10","180509-002","9/13/2019 10:46:52 AM","0000-00","0","no battery","V"
"06/11/2023","11:02:43","9","default","547630319","OXY_CH9","6.758","min","135.568","μmol/L","Humid","25.759","deg","146839","µV","26.720","°C","1017.000","hPa","35.9","pmil","0","55.690","deg","20.000","°C","100.000","%a.s.","22.400","deg","20.000","°C","962.000","hPa","0.861","-0.02617","0.00035","0","0","13.56","Humid","35.35","0","78.50","281959.07","SABD0002000014","AAV2.0.0.13","3.0.3.1703","PSt7-10","180509-002","9/13/2019 10:46:52 AM","0000-00","0","no battery","V"
"06/11/2023","11:02:44","9","default","547630319","OXY_CH9","6.775","min","135.588","μmol/L","Humid","25.755","deg","146835","µV","26.726","°C","1017.000","hPa","35.9","pmil","0","55.690","deg","20.000","°C","100.000","%a.s.","22.400","deg","20.000","°C","962.000","hPa","0.861","-0.02617","0.00035","0","0","13.56","Humid","35.35","0","78.50","281952.17","SABD0002000014","AAV2.0.0.13","3.0.3.1703","PSt7-10","180509-002","9/13/2019 10:46:52 AM","0000-00","0","no battery","V"
"06/11/2023","11:02:45","9","default","547630319","OXY_CH9","6.791","min","135.577","μmol/L","Humid","25.756","deg","146821","µV","26.726","°C","1017.000","hPa","35.9","pmil","0","55.690","deg","20.000","°C","100.000","%a.s.","22.400","deg","20.000","°C","962.000","hPa","0.861","-0.02617","0.00035","0","0","13.56","Humid","35.35","0","78.50","281955.63","SABD0002000014","AAV2.0.0.13","3.0.3.1703","PSt7-10","180509-002","9/13/2019 10:46:52 AM","0000-00","0","no battery","V"
"06/11/2023","11:02:46","9","default","547630319","OXY_CH9","6.808","min","135.623","μmol/L","Humid","25.754","deg","146803","µV","26.720","°C","1017.000","hPa","35.9","pmil","0","55.690","deg","20.000","°C","100.000","%a.s.","22.400","deg","20.000","°C","962.000","hPa","0.861","-0.02617","0.00035","0","0","13.56","Humid","35.35","0","78.50","281944.37","SABD0002000014","AAV2.0.0.13","3.0.3.1703","PSt7-10","180509-002","9/13/2019 10:46:52 AM","0000-00","0","no battery","V"
"06/11/2023","11:02:47","9","default","547630319","OXY_CH9","6.825","min","135.667","μmol/L","Humid","25.750","deg","146793","µV","26.720","°C","1017.000","hPa","35.9","pmil","0","55.690","deg","20.000","°C","100.000","%a.s.","22.400","deg","20.000","°C","962.000","hPa","0.861","-0.02617","0.00035","0","0","13.56","Humid","35.35","0","78.50","281946.73","SABD0002000014","AAV2.0.0.13","3.0.3.1703","PSt7-10","180509-002","9/13/2019 10:46:52 AM","0000-00","0","no battery","V"
"06/11/2023","11:02:48","9","default","547630319","OXY_CH9","6.842","min","135.645","μmol/L","Humid","25.752","deg","146784","µV","26.720","°C","1017.000","hPa","35.9","pmil","0","55.690","deg","20.000","°C","100.000","%a.s.","22.400","deg","20.000","°C","962.000","hPa","0.861","-0.02617","0.00035","0","0","13.56","Humid","35.35","0","78.50","281946.90","SABD0002000014","AAV2.0.0.13","3.0.3.1703","PSt7-10","180509-002","9/13/2019 10:46:52 AM","0000-00","0","no battery","V"
"06/11/2023","11:02:49","9","default","547630319","OXY_CH9","6.859","min","135.667","μmol/L","Humid","25.750","deg","146781","µV","26.720","°C","1017.000","hPa","35.9","pmil","0","55.690","deg","20.000","°C","100.000","%a.s.","22.400","deg","20.000","°C","962.000","hPa","0.861","-0.02617","0.00035","0","0","13.56","Humid","35.35","0","78.50","281950.12","SABD0002000014","AAV2.0.0.13","3.0.3.1703","PSt7-10","180509-002","9/13/2019 10:46:52 AM","0000-00","0","no battery","V"
"06/11/2023","11:02:50","9","default","547630319","OXY_CH9","6.875","min","135.678","μmol/L","Humid","25.749","deg","146766","µV","26.720","°C","1017.000","hPa","35.9","pmil","0","55.690","deg","20.000","°C","100.000","%a.s.","22.400","deg","20.000","°C","962.000","hPa","0.861","-0.02617","0.00035","0","0","13.56","Humid","35.35","0","78.50","281940.69","SABD0002000014","AAV2.0.0.13","3.0.3.1703","PSt7-10","180509-002","9/13/2019 10:46:52 AM","0000-00","0","no battery","V"
"06/11/2023","11:02:51","9","default","547630319","OXY_CH9","6.892","min","135.733","μmol/L","Humid","25.744","deg","146748","µV","26.720","°C","1017.000","hPa","35.9","pmil","0","55.690","deg","20.000","°C","100.000","%a.s.","22.400","deg","20.000","°C","962.000","hPa","0.861","-0.02617","0.00035","0","0","13.56","Humid","35.35","0","78.50","281938.35","SABD0002000014","AAV2.0.0.13","3.0.3.1703","PSt7-10","180509-002","9/13/2019 10:46:52 AM","0000-00","0","no battery","V"
"06/11/2023","11:02:52","9","default","547630319","OXY_CH9","6.909","min","135.738","μmol/L","Humid","25.748","deg","146743","µV","26.707","°C","1017.000","hPa","35.9","pmil","0","55.690","deg","20.000","°C","100.000","%a.s.","22.400","deg","20.000","°C","962.000","hPa","0.861","-0.02617","0.00035","0","0","13.56","Humid","35.35","0","78.50","281944.43","SABD0002000014","AAV2.0.0.13","3.0.3.1703","PSt7-10","180509-002","9/13/2019 10:46:52 AM","0000-00","0","no battery","V"
"06/11/2023","11:02:53","9","default","547630319","OXY_CH9","6.925","min","135.708","μmol/L","Humid","25.744","deg","146728","µV","26.726","°C","1017.000","hPa","35.9","pmil","0","55.690","deg","20.000","°C","100.000","%a.s.","22.400","deg","20.000","°C","962.000","hPa","0.861","-0.02617","0.00035","0","0","13.56","Humid","35.35","0","78.50","281945.86","SABD0002000014","AAV2.0.0.13","3.0.3.1703","PSt7-10","180509-002","9/13/2019 10:46:52 AM","0000-00","0","no battery","V"
"06/11/2023","11:02:54","9","default","547630319","OXY_CH9","6.942","min","135.733","μmol/L","Humid","25.744","deg","146727","µV","26.720","°C","1017.000","hPa","35.9","pmil","0","55.690","deg","20.000","°C","100.000","%a.s.","22.400","deg","20.000","°C","962.000","hPa","0.861","-0.02617","0.00035","0","0","13.56","Humid","35.35","0","78.50","281945.83","SABD0002000014","AAV2.0.0.13","3.0.3.1703","PSt7-10","180509-002","9/13/2019 10:46:52 AM","0000-00","0","no battery","V"
"06/11/2023","11:02:55","9","default","547630319","OXY_CH9","6.958","min","135.801","μmol/L","Humid","25.740","deg","146702","µV","26.713","°C","1017.000","hPa","35.9","pmil","0","55.690","deg","20.000","°C","100.000","%a.s.","22.400","deg","20.000","°C","962.000","hPa","0.861","-0.02617","0.00035","0","0","13.56","Humid","35.35","0","78.50","281924.56","SABD0002000014","AAV2.0.0.13","3.0.3.1703","PSt7-10","180509-002","9/13/2019 10:46:52 AM","0000-00","0","no battery","V"
"06/11/2023","11:02:56","9","default","547630319","OXY_CH9","6.975","min","135.733","μmol/L","Humid","25.744","deg","146700","µV","26.720","°C","1017.000","hPa","35.9","pmil","0","55.690","deg","20.000","°C","100.000","%a.s.","22.400","deg","20.000","°C","962.000","hPa","0.861","-0.02617","0.00035","0","0","13.56","Humid","35.35","0","78.50","281933.63","SABD0002000014","AAV2.0.0.13","3.0.3.1703","PSt7-10","180509-002","9/13/2019 10:46:52 AM","0000-00","0","no battery","V"
"06/11/2023","11:02:57","9","default","547630319","OXY_CH9","6.991","min","135.788","μmol/L","Humid","25.739","deg","146690","µV","26.720","°C","1017.000","hPa","35.9","pmil","0","55.690","deg","20.000","°C","100.000","%a.s.","22.400","deg","20.000","°C","962.000","hPa","0.861","-0.02617","0.00035","0","0","13.56","Humid","35.35","0","78.50","281940.17","SABD0002000014","AAV2.0.0.13","3.0.3.1703","PSt7-10","180509-002","9/13/2019 10:46:52 AM","0000-00","0","no battery","V"
"06/11/2023","11:02:58","9","default","547630319","OXY_CH9","7.008","min","135.788","μmol/L","Humid","25.739","deg","146674","µV","26.720","°C","1017.000","hPa","35.9","pmil","0","55.690","deg","20.000","°C","100.000","%a.s.","22.400","deg","20.000","°C","962.000","hPa","0.861","-0.02617","0.00035","0","0","13.56","Humid","35.35","0","78.50","281925.16","SABD0002000014","AAV2.0.0.13","3.0.3.1703","PSt7-10","180509-002","9/13/2019 10:46:52 AM","0000-00","0","no battery","V"
"06/11/2023","11:02:59","9","default","547630319","OXY_CH9","7.025","min","135.854","μmol/L","Humid","25.733","deg","146676","µV","26.720","°C","1017.000","hPa","35.9","pmil","0","55.690","deg","20.000","°C","100.000","%a.s.","22.400","deg","20.000","°C","962.000","hPa","0.861","-0.02617","0.00035","0","0","13.56","Humid","35.35","0","78.50","281922.23","SABD0002000014","AAV2.0.0.13","3.0.3.1703","PSt7-10","180509-002","9/13/2019 10:46:52 AM","0000-00","0","no battery","V"
"06/11/2023","11:03:00","9","default","547630319","OXY_CH9","7.042","min","135.818","μmol/L","Humid","25.734","deg","146653","µV","26.726","°C","1017.000","hPa","35.9","pmil","0","55.690","deg","20.000","°C","100.000","%a.s.","22.400","deg","20.000","°C","962.000","hPa","0.861","-0.02617","0.00035","0","0","13.56","Humid","35.35","0","78.50","281923.09","SABD0002000014","AAV2.0.0.13","3.0.3.1703","PSt7-10","180509-002","9/13/2019 10:46:52 AM","0000-00","0","no battery","V"
"06/11/2023","11:03:01","9","default","547630319","OXY_CH9","7.058","min","135.829","μmol/L","Humid","25.733","deg","146650","µV","26.726","°C","1017.000","hPa","35.9","pmil","0","55.690","deg","20.000","°C","100.000","%a.s.","22.400","deg","20.000","°C","962.000","hPa","0.861","-0.02617","0.00035","0","0","13.56","Humid","35.35","0","78.50","281934.68","SABD0002000014","AAV2.0.0.13","3.0.3.1703","PSt7-10","180509-002","9/13/2019 10:46:52 AM","0000-00","0","no battery","V"
"06/11/2023","11:03:02","9","default","547630319","OXY_CH9","7.075","min","135.911","μmol/L","Humid","25.730","deg","146634","µV","26.713","°C","1017.000","hPa","35.9","pmil","0","55.690","deg","20.000","°C","100.000","%a.s.","22.400","deg","20.000","°C","962.000","hPa","0.861","-0.02617","0.00035","0","0","13.56","Humid","35.35","0","78.50","281922.55","SABD0002000014","AAV2.0.0.13","3.0.3.1703","PSt7-10","180509-002","9/13/2019 10:46:52 AM","0000-00","0","no battery","V"
"06/11/2023","11:03:03","9","default","547630319","OXY_CH9","7.092","min","135.911","μmol/L","Humid","25.730","deg","146626","µV","26.713","°C","1017.000","hPa","35.9","pmil","0","55.690","deg","20.000","°C","100.000","%a.s.","22.400","deg","20.000","°C","962.000","hPa","0.861","-0.02617","0.00035","0","0","13.56","Humid","35.35","0","78.50","281925.44","SABD0002000014","AAV2.0.0.13","3.0.3.1703","PSt7-10","180509-002","9/13/2019 10:46:52 AM","0000-00","0","no battery","V"
"06/11/2023","11:03:04","9","default","547630319","OXY_CH9","7.108","min","135.909","μmol/L","Humid","25.728","deg","146608","µV","26.720","°C","1017.000","hPa","35.9","pmil","0","55.690","deg","20.000","°C","100.000","%a.s.","22.400","deg","20.000","°C","962.000","hPa","0.861","-0.02617","0.00035","0","0","13.56","Humid","35.35","0","78.50","281928.62","SABD0002000014","AAV2.0.0.13","3.0.3.1703","PSt7-10","180509-002","9/13/2019 10:46:52 AM","0000-00","0","no battery","V"
"06/11/2023","11:03:05","9","default","547630319","OXY_CH9","7.125","min","135.966","μmol/L","Humid","25.725","deg","146598","µV","26.713","°C","1017.000","hPa","35.9","pmil","0","55.690","deg","20.000","°C","100.000","%a.s.","22.400","deg","20.000","°C","962.000","hPa","0.861","-0.02617","0.00035","0","0","13.56","Humid","35.35","0","78.50","281922.03","SABD0002000014","AAV2.0.0.13","3.0.3.1703","PSt7-10","180509-002","9/13/2019 10:46:52 AM","0000-00","0","no battery","V"
"06/11/2023","11:03:06","9","default","547630319","OXY_CH9","7.141","min","135.952","μmol/L","Humid","25.724","deg","146593","µV","26.720","°C","1017.000","hPa","35.9","pmil","0","55.690","deg","20.000","°C","100.000","%a.s.","22.400","deg","20.000","°C","962.000","hPa","0.861","-0.02617","0.00035","0","0","13.56","Humid","35.35","0","78.50","281922.32","SABD0002000014","AAV2.0.0.13","3.0.3.1703","PSt7-10","180509-002","9/13/2019 10:46:52 AM","0000-00","0","no battery","V"
"06/11/2023","11:03:07","9","default","547630319","OXY_CH9","7.158","min","135.930","μmol/L","Humid","25.726","deg","146585","µV","26.720","°C","1017.000","hPa","35.9","pmil","0","55.690","deg","20.000","°C","100.000","%a.s.","22.400","deg","20.000","°C","962.000","hPa","0.861","-0.02617","0.00035","0","0","13.56","Humid","35.35","0","78.50","281916.87","SABD0002000014","AAV2.0.0.13","3.0.3.1703","PSt7-10","180509-002","9/13/2019 10:46:52 AM","0000-00","0","no battery","V"
"06/11/2023","11:03:08","9","default","547630319","OXY_CH9","7.175","min","135.961","μmol/L","Humid","25.721","deg","146578","µV","26.726","°C","1017.000","hPa","35.9","pmil","0","55.690","deg","20.000","°C","100.000","%a.s.","22.400","deg","20.000","°C","962.000","hPa","0.861","-0.02617","0.00035","0","0","13.56","Humid","35.35","0","78.50","281919.80","SABD0002000014","AAV2.0.0.13","3.0.3.1703","PSt7-10","180509-002","9/13/2019 10:46:52 AM","0000-00","0","no battery","V"
"06/11/2023","11:03:09","9","default","547630319","OXY_CH9","7.192","min","135.950","μmol/L","Humid","25.722","deg","146575","µV","26.726","°C","1017.000","hPa","35.9","pmil","0","55.690","deg","20.000","°C","100.000","%a.s.","22.400","deg","20.000","°C","962.000","hPa","0.861","-0.02617","0.00035","0","0","13.56","Humid","35.35","0","78.50","281929.75","SABD0002000014","AAV2.0.0.13","3.0.3.1703","PSt7-10","180509-002","9/13/2019 10:46:52 AM","0000-00","0","no battery","V"
"06/11/2023","11:03:10","9","default","547630319","OXY_CH9","7.208","min","135.996","μmol/L","Humid","25.720","deg","146550","µV","26.720","°C","1017.000","hPa","35.9","pmil","0","55.690","deg","20.000","°C","100.000","%a.s.","22.400","deg","20.000","°C","962.000","hPa","0.861","-0.02617","0.00035","0","0","13.56","Humid","35.35","0","78.50","281912.11","SABD0002000014","AAV2.0.0.13","3.0.3.1703","PSt7-10","180509-002","9/13/2019 10:46:52 AM","0000-00","0","no battery","V"
"06/11/2023","11:03:11","9","default","547630319","OXY_CH9","7.225","min","136.040","μmol/L","Humid","25.716","deg","146542","µV","26.720","°C","1017.000","hPa","35.9","pmil","0","55.690","deg","20.000","°C","100.000","%a.s.","22.400","deg","20.000","°C","962.000","hPa","0.861","-0.02617","0.00035","0","0","13.56","Humid","35.35","0","78.50","281911.27","SABD0002000014","AAV2.0.0.13","3.0.3.1703","PSt7-10","180509-002","9/13/2019 10:46:52 AM","0000-00","0","no battery","V"
"06/11/2023","11:03:12","9","default","547630319","OXY_CH9","7.241","min","135.996","μmol/L","Humid","25.720","deg","146539","µV","26.720","°C","1017.000","hPa","35.9","pmil","0","55.690","deg","20.000","°C","100.000","%a.s.","22.400","deg","20.000","°C","962.000","hPa","0.861","-0.02617","0.00035","0","0","13.56","Humid","35.35","0","78.50","281931.69","SABD0002000014","AAV2.0.0.13","3.0.3.1703","PSt7-10","180509-002","9/13/2019 10:46:52 AM","0000-00","0","no battery","V"
"06/11/2023","11:03:13","9","default","547630319","OXY_CH9","7.259","min","136.038","μmol/L","Humid","25.714","deg","146530","µV","26.726","°C","1017.000","hPa","35.9","pmil","0","55.690","deg","20.000","°C","100.000","%a.s.","22.400","deg","20.000","°C","962.000","hPa","0.861","-0.02617","0.00035","0","0","13.56","Humid","35.35","0","78.50","281932.58","SABD0002000014","AAV2.0.0.13","3.0.3.1703","PSt7-10","180509-002","9/13/2019 10:46:52 AM","0000-00","0","no battery","V"
"06/11/2023","11:03:14","9","default","547630319","OXY_CH9","7.275","min","136.076","μmol/L","Humid","25.715","deg","146512","µV","26.713","°C","1017.000","hPa","35.9","pmil","0","55.690","deg","20.000","°C","100.000","%a.s.","22.400","deg","20.000","°C","962.000","hPa","0.861","-0.02617","0.00035","0","0","13.56","Humid","35.35","0","78.50","281912.59","SABD0002000014","AAV2.0.0.13","3.0.3.1703","PSt7-10","180509-002","9/13/2019 10:46:52 AM","0000-00","0","no battery","V"
"06/11/2023","11:03:15","9","default","547630319","OXY_CH9","7.291","min","136.087","μmol/L","Humid","25.714","deg","146501","µV","26.713","°C","1017.000","hPa","35.9","pmil","0","55.690","deg","20.000","°C","100.000","%a.s.","22.400","deg","20.000","°C","962.000","hPa","0.861","-0.02617","0.00035","0","0","13.56","Humid","35.35","0","78.50","281915.06","SABD0002000014","AAV2.0.0.13","3.0.3.1703","PSt7-10","180509-002","9/13/2019 10:46:52 AM","0000-00","0","no battery","V"
"06/11/2023","11:03:16","9","default","547630319","OXY_CH9","7.308","min","136.128","μmol/L","Humid","25.708","deg","146486","µV","26.720","°C","1017.000","hPa","35.9","pmil","0","55.690","deg","20.000","°C","100.000","%a.s.","22.400","deg","20.000","°C","962.000","hPa","0.861","-0.02617","0.00035","0","0","13.56","Humid","35.35","0","78.50","281915.75","SABD0002000014","AAV2.0.0.13","3.0.3.1703","PSt7-10","180509-002","9/13/2019 10:46:52 AM","0000-00","0","no battery","V"
"06/11/2023","11:03:17","9","default","547630319","OXY_CH9","7.325","min","136.120","μmol/L","Humid","25.711","deg","146480","µV","26.713","°C","1017.000","hPa","35.9","pmil","0","55.690","deg","20.000","°C","100.000","%a.s.","22.400","deg","20.000","°C","962.000","hPa","0.861","-0.02617","0.00035","0","0","13.56","Humid","35.35","0","78.50","281910.30","SABD0002000014","AAV2.0.0.13","3.0.3.1703","PSt7-10","180509-002","9/13/2019 10:46:52 AM","0000-00","0","no battery","V"
"06/11/2023","11:03:18","9","default","547630319","OXY_CH9","7.342","min","136.106","μmol/L","Humid","25.710","deg","146470","µV","26.720","°C","1017.000","hPa","35.9","pmil","0","55.690","deg","20.000","°C","100.000","%a.s.","22.400","deg","20.000","°C","962.000","hPa","0.861","-0.02617","0.00035","0","0","13.56","Humid","35.35","0","78.50","281911.27","SABD0002000014","AAV2.0.0.13","3.0.3.1703","PSt7-10","180509-002","9/13/2019 10:46:52 AM","0000-00","0","no battery","V"
"06/11/2023","11:03:19","9","default","547630319","OXY_CH9","7.359","min","136.189","μmol/L","Humid","25.707","deg","146462","µV","26.707","°C","1017.000","hPa","35.9","pmil","0","55.690","deg","20.000","°C","100.000","%a.s.","22.400","deg","20.000","°C","962.000","hPa","0.861","-0.02617","0.00035","0","0","13.56","Humid","35.35","0","78.50","281908.12","SABD0002000014","AAV2.0.0.13","3.0.3.1703","PSt7-10","180509-002","9/13/2019 10:46:52 AM","0000-00","0","no battery","V"
"06/11/2023","11:03:20","9","default","547630319","OXY_CH9","7.375","min","136.172","μmol/L","Humid","25.704","deg","146446","µV","26.720","°C","1017.000","hPa","35.9","pmil","0","55.690","deg","20.000","°C","100.000","%a.s.","22.400","deg","20.000","°C","962.000","hPa","0.861","-0.02617","0.00035","0","0","13.56","Humid","35.35","0","78.50","281905.30","SABD0002000014","AAV2.0.0.13","3.0.3.1703","PSt7-10","180509-002","9/13/2019 10:46:52 AM","0000-00","0","no battery","V"
"06/11/2023","11:03:21","9","default","547630319","OXY_CH9","7.392","min","136.208","μmol/L","Humid","25.703","deg","146438","µV","26.713","°C","1017.000","hPa","35.9","pmil","0","55.690","deg","20.000","°C","100.000","%a.s.","22.400","deg","20.000","°C","962.000","hPa","0.861","-0.02617","0.00035","0","0","13.56","Humid","35.35","0","78.50","281908.33","SABD0002000014","AAV2.0.0.13","3.0.3.1703","PSt7-10","180509-002","9/13/2019 10:46:52 AM","0000-00","0","no battery","V"
"06/11/2023","11:03:22","9","default","547630319","OXY_CH9","7.408","min","136.205","μmol/L","Humid","25.701","deg","146422","µV","26.720","°C","1017.000","hPa","35.9","pmil","0","55.690","deg","20.000","°C","100.000","%a.s.","22.400","deg","20.000","°C","962.000","hPa","0.861","-0.02617","0.00035","0","0","13.56","Humid","35.35","0","78.50","281913.83","SABD0002000014","AAV2.0.0.13","3.0.3.1703","PSt7-10","180509-002","9/13/2019 10:46:52 AM","0000-00","0","no battery","V"
"06/11/2023","11:03:23","9","default","547630319","OXY_CH9","7.425","min","136.263","μmol/L","Humid","25.698","deg","146417","µV","26.713","°C","1017.000","hPa","35.9","pmil","0","55.690","deg","20.000","°C","100.000","%a.s.","22.400","deg","20.000","°C","962.000","hPa","0.861","-0.02617","0.00035","0","0","13.56","Humid","35.35","0","78.50","281915.15","SABD0002000014","AAV2.0.0.13","3.0.3.1703","PSt7-10","180509-002","9/13/2019 10:46:52 AM","0000-00","0","no battery","V"
"06/11/2023","11:03:24","9","default","547630319","OXY_CH9","7.442","min","136.192","μmol/L","Humid","25.700","deg","146408","µV","26.726","°C","1017.000","hPa","35.9","pmil","0","55.690","deg","20.000","°C","100.000","%a.s.","22.400","deg","20.000","°C","962.000","hPa","0.861","-0.02617","0.00035","0","0","13.56","Humid","35.35","0","78.50","281920.40","SABD0002000014","AAV2.0.0.13","3.0.3.1703","PSt7-10","180509-002","9/13/2019 10:46:52 AM","0000-00","0","no battery","V"
"06/11/2023","11:03:25","9","default","547630319","OXY_CH9","7.458","min","136.263","μmol/L","Humid","25.698","deg","146394","µV","26.713","°C","1017.000","hPa","35.9","pmil","0","55.690","deg","20.000","°C","100.000","%a.s.","22.400","deg","20.000","°C","962.000","hPa","0.861","-0.02617","0.00035","0","0","13.56","Humid","35.35","0","78.50","281900.48","SABD0002000014","AAV2.0.0.13","3.0.3.1703","PSt7-10","180509-002","9/13/2019 10:46:52 AM","0000-00","0","no battery","V"
"06/11/2023","11:03:26","9","default","547630319","OXY_CH9","7.475","min","136.272","μmol/L","Humid","25.695","deg","146382","µV","26.720","°C","1017.000","hPa","35.9","pmil","0","55.690","deg","20.000","°C","100.000","%a.s.","22.400","deg","20.000","°C","962.000","hPa","0.861","-0.02617","0.00035","0","0","13.56","Humid","35.35","0","78.50","281897.87","SABD0002000014","AAV2.0.0.13","3.0.3.1703","PSt7-10","180509-002","9/13/2019 10:46:52 AM","0000-00","0","no battery","V"
"06/11/2023","11:03:27","9","default","547630319","OXY_CH9","7.491","min","136.294","μmol/L","Humid","25.693","deg","146371","µV","26.720","°C","1017.000","hPa","35.9","pmil","0","55.690","deg","20.000","°C","100.000","%a.s.","22.400","deg","20.000","°C","962.000","hPa","0.861","-0.02617","0.00035","0","0","13.56","Humid","35.35","0","78.50","281906.95","SABD0002000014","AAV2.0.0.13","3.0.3.1703","PSt7-10","180509-002","9/13/2019 10:46:52 AM","0000-00","0","no battery","V"
"06/11/2023","11:03:28","9","default","547630319","OXY_CH9","7.509","min","136.316","μmol/L","Humid","25.691","deg","146368","µV","26.720","°C","1017.000","hPa","35.9","pmil","0","55.690","deg","20.000","°C","100.000","%a.s.","22.400","deg","20.000","°C","962.000","hPa","0.861","-0.02617","0.00035","0","0","13.56","Humid","35.35","0","78.50","281894.16","SABD0002000014","AAV2.0.0.13","3.0.3.1703","PSt7-10","180509-002","9/13/2019 10:46:52 AM","0000-00","0","no battery","V"
"06/11/2023","11:03:29","9","default","547630319","OXY_CH9","7.525","min","136.374","μmol/L","Humid","25.688","deg","146346","µV","26.713","°C","1017.000","hPa","35.9","pmil","0","55.690","deg","20.000","°C","100.000","%a.s.","22.400","deg","20.000","°C","962.000","hPa","0.861","-0.02617","0.00035","0","0","13.56","Humid","35.35","0","78.50","281894.01","SABD0002000014","AAV2.0.0.13","3.0.3.1703","PSt7-10","180509-002","9/13/2019 10:46:52 AM","0000-00","0","no battery","V"
"06/11/2023","11:03:30","9","default","547630319","OXY_CH9","7.542","min","136.349","μmol/L","Humid","25.688","deg","146342","µV","26.720","°C","1017.000","hPa","35.9","pmil","0","55.690","deg","20.000","°C","100.000","%a.s.","22.400","deg","20.000","°C","962.000","hPa","0.861","-0.02617","0.00035","0","0","13.56","Humid","35.35","0","78.50","281902.74","SABD0002000014","AAV2.0.0.13","3.0.3.1703","PSt7-10","180509-002","9/13/2019 10:46:52 AM","0000-00","0","no battery","V"
"06/11/2023","11:03:31","9","default","547630319","OXY_CH9","7.558","min","136.385","μmol/L","Humid","25.687","deg","146322","µV","26.713","°C","1017.000","hPa","35.9","pmil","0","55.690","deg","20.000","°C","100.000","%a.s.","22.400","deg","20.000","°C","962.000","hPa","0.861","-0.02617","0.00035","0","0","13.56","Humid","35.35","0","78.50","281887.66","SABD0002000014","AAV2.0.0.13","3.0.3.1703","PSt7-10","180509-002","9/13/2019 10:46:52 AM","0000-00","0","no battery","V"
"06/11/2023","11:03:32","9","default","547630319","OXY_CH9","7.575","min","136.407","μmol/L","Humid","25.685","deg","146325","µV","26.713","°C","1017.000","hPa","35.9","pmil","0","55.690","deg","20.000","°C","100.000","%a.s.","22.400","deg","20.000","°C","962.000","hPa","0.861","-0.02617","0.00035","0","0","13.56","Humid","35.35","0","78.50","281903.45","SABD0002000014","AAV2.0.0.13","3.0.3.1703","PSt7-10","180509-002","9/13/2019 10:46:52 AM","0000-00","0","no battery","V"
"06/11/2023","11:03:33","9","default","547630319","OXY_CH9","7.592","min","136.374","μmol/L","Humid","25.688","deg","146318","µV","26.713","°C","1017.000","hPa","35.9","pmil","0","55.690","deg","20.000","°C","100.000","%a.s.","22.400","deg","20.000","°C","962.000","hPa","0.861","-0.02617","0.00035","0","0","13.56","Humid","35.35","0","78.50","281902.95","SABD0002000014","AAV2.0.0.13","3.0.3.1703","PSt7-10","180509-002","9/13/2019 10:46:52 AM","0000-00","0","no battery","V"
"06/11/2023","11:03:34","9","default","547630319","OXY_CH9","7.609","min","136.404","μmol/L","Humid","25.683","deg","146306","µV","26.720","°C","1017.000","hPa","35.9","pmil","0","55.690","deg","20.000","°C","100.000","%a.s.","22.400","deg","20.000","°C","962.000","hPa","0.861","-0.02617","0.00035","0","0","13.56","Humid","35.35","0","78.50","281905.18","SABD0002000014","AAV2.0.0.13","3.0.3.1703","PSt7-10","180509-002","9/13/2019 10:46:52 AM","0000-00","0","no battery","V"
"06/11/2023","11:03:35","9","default","547630319","OXY_CH9","7.625","min","136.440","μmol/L","Humid","25.682","deg","146295","µV","26.713","°C","1017.000","hPa","35.9","pmil","0","55.690","deg","20.000","°C","100.000","%a.s.","22.400","deg","20.000","°C","962.000","hPa","0.861","-0.02617","0.00035","0","0","13.56","Humid","35.35","0","78.50","281906.65","SABD0002000014","AAV2.0.0.13","3.0.3.1703","PSt7-10","180509-002","9/13/2019 10:46:52 AM","0000-00","0","no battery","V"
"06/11/2023","11:03:36","9","default","547630319","OXY_CH9","7.642","min","136.401","μmol/L","Humid","25.681","deg","146281","µV","26.726","°C","1017.000","hPa","35.9","pmil","0","55.690","deg","20.000","°C","100.000","%a.s.","22.400","deg","20.000","°C","962.000","hPa","0.861","-0.02617","0.00035","0","0","13.56","Humid","35.35","0","78.50","281902.29","SABD0002000014","AAV2.0.0.13","3.0.3.1703","PSt7-10","180509-002","9/13/2019 10:46:52 AM","0000-00","0","no battery","V"
"06/11/2023","11:03:37","9","default","547630319","OXY_CH9","7.658","min","136.484","μmol/L","Humid","25.678","deg","146275","µV","26.713","°C","1017.000","hPa","35.9","pmil","0","55.690","deg","20.000","°C","100.000","%a.s.","22.400","deg","20.000","°C","962.000","hPa","0.861","-0.02617","0.00035","0","0","13.56","Humid","35.35","0","78.50","281908.69","SABD0002000014","AAV2.0.0.13","3.0.3.1703","PSt7-10","180509-002","9/13/2019 10:46:52 AM","0000-00","0","no battery","V"
"06/11/2023","11:03:38","9","default","547630319","OXY_CH9","7.675","min","136.484","μmol/L","Humid","25.678","deg","146262","µV","26.713","°C","1017.000","hPa","35.9","pmil","0","55.690","deg","20.000","°C","100.000","%a.s.","22.400","deg","20.000","°C","962.000","hPa","0.861","-0.02617","0.00035","0","0","13.56","Humid","35.35","0","78.50","281911.78","SABD0002000014","AAV2.0.0.13","3.0.3.1703","PSt7-10","180509-002","9/13/2019 10:46:52 AM","0000-00","0","no battery","V"
"06/11/2023","11:03:39","9","default","547630319","OXY_CH9","7.691","min","136.525","μmol/L","Humid","25.672","deg","146249","µV","26.720","°C","1017.000","hPa","35.9","pmil","0","55.690","deg","20.000","°C","100.000","%a.s.","22.400","deg","20.000","°C","962.000","hPa","0.861","-0.02617","0.00035","0","0","13.56","Humid","35.35","0","78.50","281890.44","SABD0002000014","AAV2.0.0.13","3.0.3.1703","PSt7-10","180509-002","9/13/2019 10:46:52 AM","0000-00","0","no battery","V"
"06/11/2023","11:03:40","9","default","547630319","OXY_CH9","7.708","min","136.514","μmol/L","Humid","25.673","deg","146236","µV","26.720","°C","1017.000","hPa","35.9","pmil","0","55.690","deg","20.000","°C","100.000","%a.s.","22.400","deg","20.000","°C","962.000","hPa","0.861","-0.02617","0.00035","0","0","13.56","Humid","35.35","0","78.50","281895.30","SABD0002000014","AAV2.0.0.13","3.0.3.1703","PSt7-10","180509-002","9/13/2019 10:46:52 AM","0000-00","0","no battery","V"
"06/11/2023","11:03:41","9","default","547630319","OXY_CH9","7.725","min","136.514","μmol/L","Humid","25.673","deg","146226","µV","26.720","°C","1017.000","hPa","35.9","pmil","0","55.690","deg","20.000","°C","100.000","%a.s.","22.400","deg","20.000","°C","962.000","hPa","0.861","-0.02617","0.00035","0","0","13.56","Humid","35.35","0","78.50","281895.21","SABD0002000014","AAV2.0.0.13","3.0.3.1703","PSt7-10","180509-002","9/13/2019 10:46:52 AM","0000-00","0","no battery","V"
"06/11/2023","11:03:42","9","default","547630319","OXY_CH9","7.741","min","136.536","μmol/L","Humid","25.671","deg","146210","µV","26.720","°C","1017.000","hPa","35.9","pmil","0","55.690","deg","20.000","°C","100.000","%a.s.","22.400","deg","20.000","°C","962.000","hPa","0.861","-0.02617","0.00035","0","0","13.56","Humid","35.35","0","78.50","281891.32","SABD0002000014","AAV2.0.0.13","3.0.3.1703","PSt7-10","180509-002","9/13/2019 10:46:52 AM","0000-00","0","no battery","V"
"06/11/2023","11:03:43","9","default","547630319","OXY_CH9","7.758","min","136.569","μmol/L","Humid","25.668","deg","146206","µV","26.720","°C","1017.000","hPa","35.9","pmil","0","55.690","deg","20.000","°C","100.000","%a.s.","22.400","deg","20.000","°C","962.000","hPa","0.861","-0.02617","0.00035","0","0","13.56","Humid","35.35","0","78.50","281883.62","SABD0002000014","AAV2.0.0.13","3.0.3.1703","PSt7-10","180509-002","9/13/2019 10:46:52 AM","0000-00","0","no battery","V"
"06/11/2023","11:03:44","9","default","547630319","OXY_CH9","7.775","min","136.545","μmol/L","Humid","25.668","deg","146193","µV","26.726","°C","1017.000","hPa","35.9","pmil","0","55.690","deg","20.000","°C","100.000","%a.s.","22.400","deg","20.000","°C","962.000","hPa","0.861","-0.02617","0.00035","0","0","13.56","Humid","35.35","0","78.50","281885.65","SABD0002000014","AAV2.0.0.13","3.0.3.1703","PSt7-10","180509-002","9/13/2019 10:46:52 AM","0000-00","0","no battery","V"
"06/11/2023","11:03:45","9","default","547630319","OXY_CH9","7.791","min","136.569","μmol/L","Humid","25.668","deg","146180","µV","26.720","°C","1017.000","hPa","35.9","pmil","0","55.690","deg","20.000","°C","100.000","%a.s.","22.400","deg","20.000","°C","962.000","hPa","0.861","-0.02617","0.00035","0","0","13.56","Humid","35.35","0","78.50","281878.87","SABD0002000014","AAV2.0.0.13","3.0.3.1703","PSt7-10","180509-002","9/13/2019 10:46:52 AM","0000-00","0","no battery","V"
"06/11/2023","11:03:46","9","default","547630319","OXY_CH9","7.808","min","136.594","μmol/L","Humid","25.668","deg","146173","µV","26.713","°C","1017.000","hPa","35.9","pmil","0","55.690","deg","20.000","°C","100.000","%a.s.","22.400","deg","20.000","°C","962.000","hPa","0.861","-0.02617","0.00035","0","0","13.56","Humid","35.35","0","78.50","281889.31","SABD0002000014","AAV2.0.0.13","3.0.3.1703","PSt7-10","180509-002","9/13/2019 10:46:52 AM","0000-00","0","no battery","V"
"06/11/2023","11:03:47","9","default","547630319","OXY_CH9","7.825","min","136.603","μmol/L","Humid","25.665","deg","146154","µV","26.720","°C","1017.000","hPa","35.9","pmil","0","55.690","deg","20.000","°C","100.000","%a.s.","22.400","deg","20.000","°C","962.000","hPa","0.861","-0.02617","0.00035","0","0","13.56","Humid","35.35","0","78.50","281880.59","SABD0002000014","AAV2.0.0.13","3.0.3.1703","PSt7-10","180509-002","9/13/2019 10:46:52 AM","0000-00","0","no battery","V"
"06/11/2023","11:03:48","9","default","547630319","OXY_CH9","7.842","min","136.661","μmol/L","Humid","25.662","deg","146147","µV","26.713","°C","1017.000","hPa","35.9","pmil","0","55.690","deg","20.000","°C","100.000","%a.s.","22.400","deg","20.000","°C","962.000","hPa","0.861","-0.02617","0.00035","0","0","13.56","Humid","35.35","0","78.50","281891.08","SABD0002000014","AAV2.0.0.13","3.0.3.1703","PSt7-10","180509-002","9/13/2019 10:46:52 AM","0000-00","0","no battery","V"
"06/11/2023","11:03:49","9","default","547630319","OXY_CH9","7.859","min","136.755","μmol/L","Humid","25.658","deg","146140","µV","26.701","°C","1017.000","hPa","35.9","pmil","0","55.690","deg","20.000","°C","100.000","%a.s.","22.400","deg","20.000","°C","962.000","hPa","0.861","-0.02617","0.00035","0","0","13.56","Humid","35.35","0","78.50","281893.46","SABD0002000014","AAV2.0.0.13","3.0.3.1703","PSt7-10","180509-002","9/13/2019 10:46:52 AM","0000-00","0","no battery","V"
"06/11/2023","11:03:50","9","default","547630319","OXY_CH9","7.875","min","136.683","μmol/L","Humid","25.660","deg","146128","µV","26.713","°C","1017.000","hPa","35.9","pmil","0","55.690","deg","20.000","°C","100.000","%a.s.","22.400","deg","20.000","°C","962.000","hPa","0.861","-0.02617","0.00035","0","0","13.56","Humid","35.35","0","78.50","281872.51","SABD0002000014","AAV2.0.0.13","3.0.3.1703","PSt7-10","180509-002","9/13/2019 10:46:52 AM","0000-00","0","no battery","V"
"06/11/2023","11:03:51","9","default","547630319","OXY_CH9","7.892","min","136.727","μmol/L","Humid","25.656","deg","146110","µV","26.713","°C","1017.000","hPa","35.9","pmil","0","55.690","deg","20.000","°C","100.000","%a.s.","22.400","deg","20.000","°C","962.000","hPa","0.861","-0.02617","0.00035","0","0","13.56","Humid","35.35","0","78.50","281883.05","SABD0002000014","AAV2.0.0.13","3.0.3.1703","PSt7-10","180509-002","9/13/2019 10:46:52 AM","0000-00","0","no battery","V"
"06/11/2023","11:03:52","9","default","547630319","OXY_CH9","7.908","min","136.727","μmol/L","Humid","25.656","deg","146099","µV","26.713","°C","1017.000","hPa","35.9","pmil","0","55.690","deg","20.000","°C","100.000","%a.s.","22.400","deg","20.000","°C","962.000","hPa","0.861","-0.02617","0.00035","0","0","13.56","Humid","35.35","0","78.50","281872.11","SABD0002000014","AAV2.0.0.13","3.0.3.1703","PSt7-10","180509-002","9/13/2019 10:46:52 AM","0000-00","0","no battery","V"
"06/11/2023","11:03:53","9","default","547630319","OXY_CH9","7.925","min","136.749","μmol/L","Humid","25.654","deg","146088","µV","26.713","°C","1017.000","hPa","35.9","pmil","0","55.690","deg","20.000","°C","100.000","%a.s.","22.400","deg","20.000","°C","962.000","hPa","0.861","-0.02617","0.00035","0","0","13.56","Humid","35.35","0","78.50","281869.80","SABD0002000014","AAV2.0.0.13","3.0.3.1703","PSt7-10","180509-002","9/13/2019 10:46:52 AM","0000-00","0","no battery","V"
"06/11/2023","11:03:54","9","default","547630319","OXY_CH9","7.941","min","136.793","μmol/L","Humid","25.650","deg","146076","µV","26.713","°C","1017.000","hPa","35.9","pmil","0","55.690","deg","20.000","°C","100.000","%a.s.","22.400","deg","20.000","°C","962.000","hPa","0.861","-0.02617","0.00035","0","0","13.56","Humid","35.35","0","78.50","281871.47","SABD0002000014","AAV2.0.0.13","3.0.3.1703","PSt7-10","180509-002","9/13/2019 10:46:52 AM","0000-00","0","no battery","V"
"06/11/2023","11:03:55","9","default","547630319","OXY_CH9","7.958","min","136.793","μmol/L","Humid","25.650","deg","146069","µV","26.713","°C","1017.000","hPa","35.9","pmil","0","55.690","deg","20.000","°C","100.000","%a.s.","22.400","deg","20.000","°C","962.000","hPa","0.861","-0.02617","0.00035","0","0","13.56","Humid","35.35","0","78.50","281865.62","SABD0002000014","AAV2.0.0.13","3.0.3.1703","PSt7-10","180509-002","9/13/2019 10:46:52 AM","0000-00","0","no battery","V"
"06/11/2023","11:03:56","9","default","547630319","OXY_CH9","7.974","min","136.768","μmol/L","Humid","25.650","deg","146056","µV","26.720","°C","1017.000","hPa","35.9","pmil","0","55.690","deg","20.000","°C","100.000","%a.s.","22.400","deg","20.000","°C","962.000","hPa","0.861","-0.02617","0.00035","0","0","13.56","Humid","35.35","0","78.50","281866.82","SABD0002000014","AAV2.0.0.13","3.0.3.1703","PSt7-10","180509-002","9/13/2019 10:46:52 AM","0000-00","0","no battery","V"
"06/11/2023","11:03:57","9","default","547630319","OXY_CH9","7.992","min","136.768","μmol/L","Humid","25.650","deg","146045","µV","26.720","°C","1017.000","hPa","35.9","pmil","0","55.690","deg","20.000","°C","100.000","%a.s.","22.400","deg","20.000","°C","962.000","hPa","0.861","-0.02617","0.00035","0","0","13.56","Humid","35.35","0","78.50","281879.42","SABD0002000014","AAV2.0.0.13","3.0.3.1703","PSt7-10","180509-002","9/13/2019 10:46:52 AM","0000-00","0","no battery","V"
"06/11/2023","11:03:58","9","default","547630319","OXY_CH9","8.009","min","136.827","μmol/L","Humid","25.647","deg","146043","µV","26.713","°C","1017.000","hPa","35.9","pmil","0","55.690","deg","20.000","°C","100.000","%a.s.","22.400","deg","20.000","°C","962.000","hPa","0.861","-0.02617","0.00035","0","0","13.56","Humid","35.35","0","78.50","281878.39","SABD0002000014","AAV2.0.0.13","3.0.3.1703","PSt7-10","180509-002","9/13/2019 10:46:52 AM","0000-00","0","no battery","V"
"06/11/2023","11:03:59","9","default","547630319","OXY_CH9","8.025","min","136.816","μmol/L","Humid","25.648","deg","146032","µV","26.713","°C","1017.000","hPa","35.9","pmil","0","55.690","deg","20.000","°C","100.000","%a.s.","22.400","deg","20.000","°C","962.000","hPa","0.861","-0.02617","0.00035","0","0","13.56","Humid","35.35","0","78.50","281866.46","SABD0002000014","AAV2.0.0.13","3.0.3.1703","PSt7-10","180509-002","9/13/2019 10:46:52 AM","0000-00","0","no battery","V"
"06/11/2023","11:04:00","9","default","547630319","OXY_CH9","8.042","min","136.824","μmol/L","Humid","25.645","deg","146019","µV","26.720","°C","1017.000","hPa","35.9","pmil","0","55.690","deg","20.000","°C","100.000","%a.s.","22.400","deg","20.000","°C","962.000","hPa","0.861","-0.02617","0.00035","0","0","13.56","Humid","35.35","0","78.50","281873.54","SABD0002000014","AAV2.0.0.13","3.0.3.1703","PSt7-10","180509-002","9/13/2019 10:46:52 AM","0000-00","0","no battery","V"
"06/11/2023","11:04:01","9","default","547630319","OXY_CH9","8.058","min","136.882","μmol/L","Humid","25.642","deg","146011","µV","26.713","°C","1017.000","hPa","35.9","pmil","0","55.690","deg","20.000","°C","100.000","%a.s.","22.400","deg","20.000","°C","962.000","hPa","0.861","-0.02617","0.00035","0","0","13.56","Humid","35.35","0","78.50","281864.56","SABD0002000014","AAV2.0.0.13","3.0.3.1703","PSt7-10","180509-002","9/13/2019 10:46:52 AM","0000-00","0","no battery","V"
"06/11/2023","11:04:02","9","default","547630319","OXY_CH9","8.075","min","136.904","μmol/L","Humid","25.640","deg","145992","µV","26.713","°C","1017.000","hPa","35.9","pmil","0","55.690","deg","20.000","°C","100.000","%a.s.","22.400","deg","20.000","°C","962.000","hPa","0.861","-0.02617","0.00035","0","0","13.56","Humid","35.35","0","78.50","281870.97","SABD0002000014","AAV2.0.0.13","3.0.3.1703","PSt7-10","180509-002","9/13/2019 10:46:52 AM","0000-00","0","no battery","V"
"06/11/2023","11:04:03","9","default","547630319","OXY_CH9","8.092","min","136.948","μmol/L","Humid","25.636","deg","145978","µV","26.713","°C","1017.000","hPa","35.9","pmil","0","55.690","deg","20.000","°C","100.000","%a.s.","22.400","deg","20.000","°C","962.000","hPa","0.861","-0.02617","0.00035","0","0","13.56","Humid","35.35","0","78.50","281871.54","SABD0002000014","AAV2.0.0.13","3.0.3.1703","PSt7-10","180509-002","9/13/2019 10:46:52 AM","0000-00","0","no battery","V"
"06/11/2023","11:04:04","9","default","547630319","OXY_CH9","8.108","min","136.912","μmol/L","Humid","25.637","deg","145970","µV","26.720","°C","1017.000","hPa","35.9","pmil","0","55.690","deg","20.000","°C","100.000","%a.s.","22.400","deg","20.000","°C","962.000","hPa","0.861","-0.02617","0.00035","0","0","13.56","Humid","35.35","0","78.50","281866.79","SABD0002000014","AAV2.0.0.13","3.0.3.1703","PSt7-10","180509-002","9/13/2019 10:46:52 AM","0000-00","0","no battery","V"
"06/11/2023","11:04:05","9","default","547630319","OXY_CH9","8.124","min","136.959","μmol/L","Humid","25.635","deg","145966","µV","26.713","°C","1017.000","hPa","35.9","pmil","0","55.690","deg","20.000","°C","100.000","%a.s.","22.400","deg","20.000","°C","962.000","hPa","0.861","-0.02617","0.00035","0","0","13.56","Humid","35.35","0","78.50","281869.27","SABD0002000014","AAV2.0.0.13","3.0.3.1703","PSt7-10","180509-002","9/13/2019 10:46:52 AM","0000-00","0","no battery","V"
"06/11/2023","11:04:06","9","default","547630319","OXY_CH9","8.141","min","136.971","μmol/L","Humid","25.634","deg","145952","µV","26.713","°C","1017.000","hPa","35.9","pmil","0","55.690","deg","20.000","°C","100.000","%a.s.","22.400","deg","20.000","°C","962.000","hPa","0.861","-0.02617","0.00035","0","0","13.56","Humid","35.35","0","78.50","281869.48","SABD0002000014","AAV2.0.0.13","3.0.3.1703","PSt7-10","180509-002","9/13/2019 10:46:52 AM","0000-00","0","no battery","V"
"06/11/2023","11:04:07","9","default","547630319","OXY_CH9","8.158","min","136.959","μmol/L","Humid","25.635","deg","145944","µV","26.713","°C","1017.000","hPa","35.9","pmil","0","55.690","deg","20.000","°C","100.000","%a.s.","22.400","deg","20.000","°C","962.000","hPa","0.861","-0.02617","0.00035","0","0","13.56","Humid","35.35","0","78.50","281860.85","SABD0002000014","AAV2.0.0.13","3.0.3.1703","PSt7-10","180509-002","9/13/2019 10:46:52 AM","0000-00","0","no battery","V"
"06/11/2023","11:04:08","9","default","547630319","OXY_CH9","8.175","min","136.982","μmol/L","Humid","25.633","deg","145922","µV","26.713","°C","1017.000","hPa","35.9","pmil","0","55.690","deg","20.000","°C","100.000","%a.s.","22.400","deg","20.000","°C","962.000","hPa","0.861","-0.02617","0.00035","0","0","13.56","Humid","35.35","0","78.50","281840.79","SABD0002000014","AAV2.0.0.13","3.0.3.1703","PSt7-10","180509-002","9/13/2019 10:46:52 AM","0000-00","0","no battery","V"
"06/11/2023","11:04:09","9","default","547630319","OXY_CH9","8.191","min","137.037","μmol/L","Humid","25.628","deg","145911","µV","26.713","°C","1017.000","hPa","35.9","pmil","0","55.690","deg","20.000","°C","100.000","%a.s.","22.400","deg","20.000","°C","962.000","hPa","0.861","-0.02617","0.00035","0","0","13.56","Humid","35.35","0","78.50","281851.53","SABD0002000014","AAV2.0.0.13","3.0.3.1703","PSt7-10","180509-002","9/13/2019 10:46:52 AM","0000-00","0","no battery","V"
"06/11/2023","11:04:10","9","default","547630319","OXY_CH9","8.208","min","137.059","μmol/L","Humid","25.626","deg","145902","µV","26.713","°C","1017.000","hPa","35.9","pmil","0","55.690","deg","20.000","°C","100.000","%a.s.","22.400","deg","20.000","°C","962.000","hPa","0.861","-0.02617","0.00035","0","0","13.56","Humid","35.35","0","78.50","281843.16","SABD0002000014","AAV2.0.0.13","3.0.3.1703","PSt7-10","180509-002","9/13/2019 10:46:52 AM","0000-00","0","no battery","V"
"06/11/2023","11:04:11","9","default","547630319","OXY_CH9","8.225","min","137.045","μmol/L","Humid","25.625","deg","145891","µV","26.720","°C","1017.000","hPa","35.9","pmil","0","55.690","deg","20.000","°C","100.000","%a.s.","22.400","deg","20.000","°C","962.000","hPa","0.861","-0.02617","0.00035","0","0","13.56","Humid","35.35","0","78.50","281850.71","SABD0002000014","AAV2.0.0.13","3.0.3.1703","PSt7-10","180509-002","9/13/2019 10:46:52 AM","0000-00","0","no battery","V"
"06/11/2023","11:04:12","9","default","547630319","OXY_CH9","8.241","min","137.034","μmol/L","Humid","25.626","deg","145880","µV","26.720","°C","1017.000","hPa","35.9","pmil","0","55.690","deg","20.000","°C","100.000","%a.s.","22.400","deg","20.000","°C","962.000","hPa","0.861","-0.02617","0.00035","0","0","13.56","Humid","35.35","0","78.50","281866.13","SABD0002000014","AAV2.0.0.13","3.0.3.1703","PSt7-10","180509-002","9/13/2019 10:46:52 AM","0000-00","0","no battery","V"
"06/11/2023","11:04:13","9","default","547630319","OXY_CH9","8.258","min","137.126","μmol/L","Humid","25.620","deg","145877","µV","26.713","°C","1017.000","hPa","35.9","pmil","0","55.690","deg","20.000","°C","100.000","%a.s.","22.400","deg","20.000","°C","962.000","hPa","0.861","-0.02617","0.00035","0","0","13.56","Humid","35.35","0","78.50","281850.60","SABD0002000014","AAV2.0.0.13","3.0.3.1703","PSt7-10","180509-002","9/13/2019 10:46:52 AM","0000-00","0","no battery","V"
"06/11/2023","11:04:14","9","default","547630319","OXY_CH9","8.274","min","137.090","μmol/L","Humid","25.621","deg","145859","µV","26.720","°C","1017.000","hPa","35.9","pmil","0","55.690","deg","20.000","°C","100.000","%a.s.","22.400","deg","20.000","°C","962.000","hPa","0.861","-0.02617","0.00035","0","0","13.56","Humid","35.35","0","78.50","281844.02","SABD0002000014","AAV2.0.0.13","3.0.3.1703","PSt7-10","180509-002","9/13/2019 10:46:52 AM","0000-00","0","no battery","V"
"06/11/2023","11:04:15","9","default","547630319","OXY_CH9","8.291","min","137.081","μmol/L","Humid","25.624","deg","145849","µV","26.713","°C","1017.000","hPa","35.9","pmil","0","55.690","deg","20.000","°C","100.000","%a.s.","22.400","deg","20.000","°C","962.000","hPa","0.861","-0.02617","0.00035","0","0","13.56","Humid","35.35","0","78.50","281847.73","SABD0002000014","AAV2.0.0.13","3.0.3.1703","PSt7-10","180509-002","9/13/2019 10:46:52 AM","0000-00","0","no battery","V"
"06/11/2023","11:04:16","9","default","547630319","OXY_CH9","8.308","min","137.126","μmol/L","Humid","25.620","deg","145838","µV","26.713","°C","1017.000","hPa","35.9","pmil","0","55.690","deg","20.000","°C","100.000","%a.s.","22.400","deg","20.000","°C","962.000","hPa","0.861","-0.02617","0.00035","0","0","13.56","Humid","35.35","0","78.50","281840.84","SABD0002000014","AAV2.0.0.13","3.0.3.1703","PSt7-10","180509-002","9/13/2019 10:46:52 AM","0000-00","0","no battery","V"
"06/11/2023","11:04:17","9","default","547630319","OXY_CH9","8.325","min","137.148","μmol/L","Humid","25.618","deg","145828","µV","26.713","°C","1017.000","hPa","35.9","pmil","0","55.690","deg","20.000","°C","100.000","%a.s.","22.400","deg","20.000","°C","962.000","hPa","0.861","-0.02617","0.00035","0","0","13.56","Humid","35.35","0","78.50","281853.45","SABD0002000014","AAV2.0.0.13","3.0.3.1703","PSt7-10","180509-002","9/13/2019 10:46:52 AM","0000-00","0","no battery","V"
"06/11/2023","11:04:18","9","default","547630319","OXY_CH9","8.342","min","137.156","μmol/L","Humid","25.615","deg","145816","µV","26.720","°C","1017.000","hPa","35.9","pmil","0","55.690","deg","20.000","°C","100.000","%a.s.","22.400","deg","20.000","°C","962.000","hPa","0.861","-0.02617","0.00035","0","0","13.56","Humid","35.35","0","78.50","281847.47","SABD0002000014","AAV2.0.0.13","3.0.3.1703","PSt7-10","180509-002","9/13/2019 10:46:52 AM","0000-00","0","no battery","V"
"06/11/2023","11:04:19","9","default","547630319","OXY_CH9","8.358","min","137.179","μmol/L","Humid","25.613","deg","145807","µV","26.720","°C","1017.000","hPa","35.9","pmil","0","55.690","deg","20.000","°C","100.000","%a.s.","22.400","deg","20.000","°C","962.000","hPa","0.861","-0.02617","0.00035","0","0","13.56","Humid","35.35","0","78.50","281846.62","SABD0002000014","AAV2.0.0.13","3.0.3.1703","PSt7-10","180509-002","9/13/2019 10:46:52 AM","0000-00","0","no battery","V"
"06/11/2023","11:04:20","9","default","547630319","OXY_CH9","8.375","min","137.201","μmol/L","Humid","25.611","deg","145794","µV","26.720","°C","1017.000","hPa","35.9","pmil","0","55.690","deg","20.000","°C","100.000","%a.s.","22.400","deg","20.000","°C","962.000","hPa","0.861","-0.02617","0.00035","0","0","13.56","Humid","35.35","0","78.50","281834.33","SABD0002000014","AAV2.0.0.13","3.0.3.1703","PSt7-10","180509-002","9/13/2019 10:46:52 AM","0000-00","0","no battery","V"
"06/11/2023","11:04:21","9","default","547630319","OXY_CH9","8.391","min","137.262","μmol/L","Humid","25.610","deg","145772","µV","26.707","°C","1017.000","hPa","35.9","pmil","0","55.690","deg","20.000","°C","100.000","%a.s.","22.400","deg","20.000","°C","962.000","hPa","0.861","-0.02617","0.00035","0","0","13.56","Humid","35.35","0","78.50","281834.38","SABD0002000014","AAV2.0.0.13","3.0.3.1703","PSt7-10","180509-002","9/13/2019 10:46:52 AM","0000-00","0","no battery","V"
"06/11/2023","11:04:22","9","default","547630319","OXY_CH9","8.408","min","137.295","μmol/L","Humid","25.607","deg","145760","µV","26.707","°C","1017.000","hPa","35.9","pmil","0","55.690","deg","20.000","°C","100.000","%a.s.","22.400","deg","20.000","°C","962.000","hPa","0.861","-0.02617","0.00035","0","0","13.56","Humid","35.35","0","78.50","281847.56","SABD0002000014","AAV2.0.0.13","3.0.3.1703","PSt7-10","180509-002","9/13/2019 10:46:52 AM","0000-00","0","no battery","V"
"06/11/2023","11:04:23","9","default","547630319","OXY_CH9","8.425","min","137.270","μmol/L","Humid","25.607","deg","145761","µV","26.713","°C","1017.000","hPa","35.9","pmil","0","55.690","deg","20.000","°C","100.000","%a.s.","22.400","deg","20.000","°C","962.000","hPa","0.861","-0.02617","0.00035","0","0","13.56","Humid","35.35","0","78.50","281848.44","SABD0002000014","AAV2.0.0.13","3.0.3.1703","PSt7-10","180509-002","9/13/2019 10:46:52 AM","0000-00","0","no battery","V"
"06/11/2023","11:04:24","9","default","547630319","OXY_CH9","8.442","min","137.259","μmol/L","Humid","25.608","deg","145753","µV","26.713","°C","1017.000","hPa","35.9","pmil","0","55.690","deg","20.000","°C","100.000","%a.s.","22.400","deg","20.000","°C","962.000","hPa","0.861","-0.02617","0.00035","0","0","13.56","Humid","35.35","0","78.50","281838.71","SABD0002000014","AAV2.0.0.13","3.0.3.1703","PSt7-10","180509-002","9/13/2019 10:46:52 AM","0000-00","0","no battery","V"
"06/11/2023","11:04:25","9","default","547630319","OXY_CH9","8.458","min","137.304","μmol/L","Humid","25.604","deg","145736","µV","26.713","°C","1017.000","hPa","35.9","pmil","0","55.690","deg","20.000","°C","100.000","%a.s.","22.400","deg","20.000","°C","962.000","hPa","0.861","-0.02617","0.00035","0","0","13.56","Humid","35.35","0","78.50","281833.13","SABD0002000014","AAV2.0.0.13","3.0.3.1703","PSt7-10","180509-002","9/13/2019 10:46:52 AM","0000-00","0","no battery","V"
"06/11/2023","11:04:26","9","default","547630319","OXY_CH9","8.475","min","137.334","μmol/L","Humid","25.599","deg","145726","µV","26.720","°C","1017.000","hPa","35.9","pmil","0","55.690","deg","20.000","°C","100.000","%a.s.","22.400","deg","20.000","°C","962.000","hPa","0.861","-0.02617","0.00035","0","0","13.56","Humid","35.35","0","78.50","281841.50","SABD0002000014","AAV2.0.0.13","3.0.3.1703","PSt7-10","180509-002","9/13/2019 10:46:52 AM","0000-00","0","no battery","V"
"06/11/2023","11:04:27","9","default","547630319","OXY_CH9","8.492","min","137.326","μmol/L","Humid","25.602","deg","145709","µV","26.713","°C","1017.000","hPa","35.9","pmil","0","55.690","deg","20.000","°C","100.000","%a.s.","22.400","deg","20.000","°C","962.000","hPa","0.861","-0.02617","0.00035","0","0","13.56","Humid","35.35","0","78.50","281831.98","SABD0002000014","AAV2.0.0.13","3.0.3.1703","PSt7-10","180509-002","9/13/2019 10:46:52 AM","0000-00","0","no battery","V"
"06/11/2023","11:04:28","9","default","547630319","OXY_CH9","8.508","min","137.393","μmol/L","Humid","25.596","deg","145706","µV","26.713","°C","1017.000","hPa","35.9","pmil","0","55.690","deg","20.000","°C","100.000","%a.s.","22.400","deg","20.000","°C","962.000","hPa","0.861","-0.02617","0.00035","0","0","13.56","Humid","35.35","0","78.50","281836.94","SABD0002000014","AAV2.0.0.13","3.0.3.1703","PSt7-10","180509-002","9/13/2019 10:46:52 AM","0000-00","0","no battery","V"
"06/11/2023","11:04:29","9","default","547630319","OXY_CH9","8.525","min","137.334","μmol/L","Humid","25.599","deg","145704","µV","26.720","°C","1017.000","hPa","35.9","pmil","0","55.690","deg","20.000","°C","100.000","%a.s.","22.400","deg","20.000","°C","962.000","hPa","0.861","-0.02617","0.00035","0","0","13.56","Humid","35.35","0","78.50","281839.76","SABD0002000014","AAV2.0.0.13","3.0.3.1703","PSt7-10","180509-002","9/13/2019 10:46:52 AM","0000-00","0","no battery","V"
"06/11/2023","11:04:30","9","default","547630319","OXY_CH9","8.541","min","137.393","μmol/L","Humid","25.596","deg","145687","µV","26.713","°C","1017.000","hPa","35.9","pmil","0","55.690","deg","20.000","°C","100.000","%a.s.","22.400","deg","20.000","°C","962.000","hPa","0.861","-0.02617","0.00035","0","0","13.56","Humid","35.35","0","78.50","281848.46","SABD0002000014","AAV2.0.0.13","3.0.3.1703","PSt7-10","180509-002","9/13/2019 10:46:52 AM","0000-00","0","no battery","V"
"06/11/2023","11:04:31","9","default","547630319","OXY_CH9","8.558","min","137.451","μmol/L","Humid","25.593","deg","145681","µV","26.707","°C","1017.000","hPa","35.9","pmil","0","55.690","deg","20.000","°C","100.000","%a.s.","22.400","deg","20.000","°C","962.000","hPa","0.861","-0.02617","0.00035","0","0","13.56","Humid","35.35","0","78.50","281833.43","SABD0002000014","AAV2.0.0.13","3.0.3.1703","PSt7-10","180509-002","9/13/2019 10:46:52 AM","0000-00","0","no battery","V"
"06/11/2023","11:04:32","9","default","547630319","OXY_CH9","8.574","min","137.393","μmol/L","Humid","25.596","deg","145670","µV","26.713","°C","1017.000","hPa","35.9","pmil","0","55.690","deg","20.000","°C","100.000","%a.s.","22.400","deg","20.000","°C","962.000","hPa","0.861","-0.02617","0.00035","0","0","13.56","Humid","35.35","0","78.50","281831.39","SABD0002000014","AAV2.0.0.13","3.0.3.1703","PSt7-10","180509-002","9/13/2019 10:46:52 AM","0000-00","0","no battery","V"
"06/11/2023","11:04:33","9","default","547630319","OXY_CH9","8.591","min","137.415","μmol/L","Humid","25.594","deg","145655","µV","26.713","°C","1017.000","hPa","35.9","pmil","0","55.690","deg","20.000","°C","100.000","%a.s.","22.400","deg","20.000","°C","962.000","hPa","0.861","-0.02617","0.00035","0","0","13.56","Humid","35.35","0","78.50","281826.10","SABD0002000014","AAV2.0.0.13","3.0.3.1703","PSt7-10","180509-002","9/13/2019 10:46:52 AM","0000-00","0","no battery","V"
"06/11/2023","11:04:34","9","default","547630319","OXY_CH9","8.608","min","137.462","μmol/L","Humid","25.592","deg","145641","µV","26.707","°C","1017.000","hPa","35.9","pmil","0","55.690","deg","20.000","°C","100.000","%a.s.","22.400","deg","20.000","°C","962.000","hPa","0.861","-0.02617","0.00035","0","0","13.56","Humid","35.35","0","78.50","281827.14","SABD0002000014","AAV2.0.0.13","3.0.3.1703","PSt7-10","180509-002","9/13/2019 10:46:52 AM","0000-00","0","no battery","V"
"06/11/2023","11:04:35","9","default","547630319","OXY_CH9","8.625","min","137.507","μmol/L","Humid","25.588","deg","145629","µV","26.707","°C","1017.000","hPa","35.9","pmil","0","55.690","deg","20.000","°C","100.000","%a.s.","22.400","deg","20.000","°C","962.000","hPa","0.861","-0.02617","0.00035","0","0","13.56","Humid","35.35","0","78.50","281833.56","SABD0002000014","AAV2.0.0.13","3.0.3.1703","PSt7-10","180509-002","9/13/2019 10:46:52 AM","0000-00","0","no battery","V"
"06/11/2023","11:04:36","9","default","547630319","OXY_CH9","8.641","min","137.493","μmol/L","Humid","25.587","deg","145613","µV","26.713","°C","1017.000","hPa","35.9","pmil","0","55.690","deg","20.000","°C","100.000","%a.s.","22.400","deg","20.000","°C","962.000","hPa","0.861","-0.02617","0.00035","0","0","13.56","Humid","35.35","0","78.50","281827.01","SABD0002000014","AAV2.0.0.13","3.0.3.1703","PSt7-10","180509-002","9/13/2019 10:46:52 AM","0000-00","0","no battery","V"
"06/11/2023","11:04:37","9","default","547630319","OXY_CH9","8.658","min","137.515","μmol/L","Humid","25.585","deg","145607","µV","26.713","°C","1017.000","hPa","35.9","pmil","0","55.690","deg","20.000","°C","100.000","%a.s.","22.400","deg","20.000","°C","962.000","hPa","0.861","-0.02617","0.00035","0","0","13.56","Humid","35.35","0","78.50","281825.36","SABD0002000014","AAV2.0.0.13","3.0.3.1703","PSt7-10","180509-002","9/13/2019 10:46:52 AM","0000-00","0","no battery","V"
"06/11/2023","11:04:38","9","default","547630319","OXY_CH9","8.675","min","137.504","μmol/L","Humid","25.586","deg","145592","µV","26.713","°C","1017.000","hPa","35.9","pmil","0","55.690","deg","20.000","°C","100.000","%a.s.","22.400","deg","20.000","°C","962.000","hPa","0.861","-0.02617","0.00035","0","0","13.56","Humid","35.35","0","78.50","281816.73","SABD0002000014","AAV2.0.0.13","3.0.3.1703","PSt7-10","180509-002","9/13/2019 10:46:52 AM","0000-00","0","no battery","V"
"06/11/2023","11:04:39","9","default","547630319","OXY_CH9","8.691","min","137.501","μmol/L","Humid","25.584","deg","145581","µV","26.720","°C","1017.000","hPa","35.9","pmil","0","55.690","deg","20.000","°C","100.000","%a.s.","22.400","deg","20.000","°C","962.000","hPa","0.861","-0.02617","0.00035","0","0","13.56","Humid","35.35","0","78.50","281811.79","SABD0002000014","AAV2.0.0.13","3.0.3.1703","PSt7-10","180509-002","9/13/2019 10:46:52 AM","0000-00","0","no battery","V"
"06/11/2023","11:04:40","9","default","547630319","OXY_CH9","8.708","min","137.548","μmol/L","Humid","25.582","deg","145579","µV","26.713","°C","1017.000","hPa","35.9","pmil","0","55.690","deg","20.000","°C","100.000","%a.s.","22.400","deg","20.000","°C","962.000","hPa","0.861","-0.02617","0.00035","0","0","13.56","Humid","35.35","0","78.50","281829.45","SABD0002000014","AAV2.0.0.13","3.0.3.1703","PSt7-10","180509-002","9/13/2019 10:46:52 AM","0000-00","0","no battery","V"
"06/11/2023","11:04:41","9","default","547630319","OXY_CH9","8.725","min","137.560","μmol/L","Humid","25.581","deg","145563","µV","26.713","°C","1017.000","hPa","35.9","pmil","0","55.690","deg","20.000","°C","100.000","%a.s.","22.400","deg","20.000","°C","962.000","hPa","0.861","-0.02617","0.00035","0","0","13.56","Humid","35.35","0","78.50","281828.86","SABD0002000014","AAV2.0.0.13","3.0.3.1703","PSt7-10","180509-002","9/13/2019 10:46:52 AM","0000-00","0","no battery","V"
"06/11/2023","11:04:42","9","default","547630319","OXY_CH9","8.741","min","137.582","μmol/L","Humid","25.579","deg","145549","µV","26.713","°C","1017.000","hPa","35.9","pmil","0","55.690","deg","20.000","°C","100.000","%a.s.","22.400","deg","20.000","°C","962.000","hPa","0.861","-0.02617","0.00035","0","0","13.56","Humid","35.35","0","78.50","281806.71","SABD0002000014","AAV2.0.0.13","3.0.3.1703","PSt7-10","180509-002","9/13/2019 10:46:52 AM","0000-00","0","no battery","V"
"06/11/2023","11:04:43","9","default","547630319","OXY_CH9","8.758","min","137.660","μmol/L","Humid","25.572","deg","145543","µV","26.713","°C","1017.000","hPa","35.9","pmil","0","55.690","deg","20.000","°C","100.000","%a.s.","22.400","deg","20.000","°C","962.000","hPa","0.861","-0.02617","0.00035","0","0","13.56","Humid","35.35","0","78.50","281809.41","SABD0002000014","AAV2.0.0.13","3.0.3.1703","PSt7-10","180509-002","9/13/2019 10:46:52 AM","0000-00","0","no battery","V"
"06/11/2023","11:04:44","9","default","547630319","OXY_CH9","8.775","min","137.626","μmol/L","Humid","25.575","deg","145539","µV","26.713","°C","1017.000","hPa","35.9","pmil","0","55.690","deg","20.000","°C","100.000","%a.s.","22.400","deg","20.000","°C","962.000","hPa","0.861","-0.02617","0.00035","0","0","13.56","Humid","35.35","0","78.50","281813.11","SABD0002000014","AAV2.0.0.13","3.0.3.1703","PSt7-10","180509-002","9/13/2019 10:46:52 AM","0000-00","0","no battery","V"
"06/11/2023","11:04:45","9","default","547630319","OXY_CH9","8.792","min","137.682","μmol/L","Humid","25.570","deg","145524","µV","26.713","°C","1017.000","hPa","35.9","pmil","0","55.690","deg","20.000","°C","100.000","%a.s.","22.400","deg","20.000","°C","962.000","hPa","0.861","-0.02617","0.00035","0","0","13.56","Humid","35.35","0","78.50","281811.79","SABD0002000014","AAV2.0.0.13","3.0.3.1703","PSt7-10","180509-002","9/13/2019 10:46:52 AM","0000-00","0","no battery","V"
"06/11/2023","11:04:46","9","default","547630319","OXY_CH9","8.808","min","137.707","μmol/L","Humid","25.570","deg","145525","µV","26.707","°C","1017.000","hPa","35.9","pmil","0","55.690","deg","20.000","°C","100.000","%a.s.","22.400","deg","20.000","°C","962.000","hPa","0.861","-0.02617","0.00035","0","0","13.56","Humid","35.35","0","78.50","281817.61","SABD0002000014","AAV2.0.0.13","3.0.3.1703","PSt7-10","180509-002","9/13/2019 10:46:52 AM","0000-00","0","no battery","V"
"06/11/2023","11:04:47","9","default","547630319","OXY_CH9","8.825","min","137.660","μmol/L","Humid","25.572","deg","145511","µV","26.713","°C","1017.000","hPa","35.9","pmil","0","55.690","deg","20.000","°C","100.000","%a.s.","22.400","deg","20.000","°C","962.000","hPa","0.861","-0.02617","0.00035","0","0","13.56","Humid","35.35","0","78.50","281814.71","SABD0002000014","AAV2.0.0.13","3.0.3.1703","PSt7-10","180509-002","9/13/2019 10:46:52 AM","0000-00","0","no battery","V"
"06/11/2023","11:04:48","9","default","547630319","OXY_CH9","8.841","min","137.704","μmol/L","Humid","25.568","deg","145495","µV","26.713","°C","1017.000","hPa","35.9","pmil","0","55.690","deg","20.000","°C","100.000","%a.s.","22.400","deg","20.000","°C","962.000","hPa","0.861","-0.02617","0.00035","0","0","13.56","Humid","35.35","0","78.50","281813.20","SABD0002000014","AAV2.0.0.13","3.0.3.1703","PSt7-10","180509-002","9/13/2019 10:46:52 AM","0000-00","0","no battery","V"
"06/11/2023","11:04:49","9","default","547630319","OXY_CH9","8.858","min","137.704","μmol/L","Humid","25.568","deg","145484","µV","26.713","°C","1017.000","hPa","35.9","pmil","0","55.690","deg","20.000","°C","100.000","%a.s.","22.400","deg","20.000","°C","962.000","hPa","0.861","-0.02617","0.00035","0","0","13.56","Humid","35.35","0","78.50","281804.05","SABD0002000014","AAV2.0.0.13","3.0.3.1703","PSt7-10","180509-002","9/13/2019 10:46:52 AM","0000-00","0","no battery","V"
"06/11/2023","11:04:50","9","default","547630319","OXY_CH9","8.875","min","137.679","μmol/L","Humid","25.568","deg","145473","µV","26.720","°C","1017.000","hPa","35.9","pmil","0","55.690","deg","20.000","°C","100.000","%a.s.","22.400","deg","20.000","°C","962.000","hPa","0.861","-0.02617","0.00035","0","0","13.56","Humid","35.35","0","78.50","281811.56","SABD0002000014","AAV2.0.0.13","3.0.3.1703","PSt7-10","180509-002","9/13/2019 10:46:52 AM","0000-00","0","no battery","V"
"06/11/2023","11:04:51","9","default","547630319","OXY_CH9","8.892","min","137.774","μmol/L","Humid","25.564","deg","145464","µV","26.707","°C","1017.000","hPa","35.9","pmil","0","55.690","deg","20.000","°C","100.000","%a.s.","22.400","deg","20.000","°C","962.000","hPa","0.861","-0.02617","0.00035","0","0","13.56","Humid","35.35","0","78.50","281809.97","SABD0002000014","AAV2.0.0.13","3.0.3.1703","PSt7-10","180509-002","9/13/2019 10:46:52 AM","0000-00","0","no battery","V"
"06/11/2023","11:04:52","9","default","547630319","OXY_CH9","8.908","min","137.735","μmol/L","Humid","25.563","deg","145455","µV","26.720","°C","1017.000","hPa","35.9","pmil","0","55.690","deg","20.000","°C","100.000","%a.s.","22.400","deg","20.000","°C","962.000","hPa","0.861","-0.02617","0.00035","0","0","13.56","Humid","35.35","0","78.50","281802.35","SABD0002000014","AAV2.0.0.13","3.0.3.1703","PSt7-10","180509-002","9/13/2019 10:46:52 AM","0000-00","0","no battery","V"
"06/11/2023","11:04:53","9","default","547630319","OXY_CH9","8.925","min","137.771","μmol/L","Humid","25.562","deg","145446","µV","26.713","°C","1017.000","hPa","35.9","pmil","0","55.690","deg","20.000","°C","100.000","%a.s.","22.400","deg","20.000","°C","962.000","hPa","0.861","-0.02617","0.00035","0","0","13.56","Humid","35.35","0","78.50","281804.80","SABD0002000014","AAV2.0.0.13","3.0.3.1703","PSt7-10","180509-002","9/13/2019 10:46:52 AM","0000-00","0","no battery","V"
"06/11/2023","11:04:54","9","default","547630319","OXY_CH9","8.942","min","137.830","μmol/L","Humid","25.559","deg","145438","µV","26.707","°C","1017.000","hPa","35.9","pmil","0","55.690","deg","20.000","°C","100.000","%a.s.","22.400","deg","20.000","°C","962.000","hPa","0.861","-0.02617","0.00035","0","0","13.56","Humid","35.35","0","78.50","281812.49","SABD0002000014","AAV2.0.0.13","3.0.3.1703","PSt7-10","180509-002","9/13/2019 10:46:52 AM","0000-00","0","no battery","V"
"06/11/2023","11:04:55","9","default","547630319","OXY_CH9","8.958","min","137.780","μmol/L","Humid","25.559","deg","145419","µV","26.720","°C","1017.000","hPa","35.9","pmil","0","55.690","deg","20.000","°C","100.000","%a.s.","22.400","deg","20.000","°C","962.000","hPa","0.861","-0.02617","0.00035","0","0","13.56","Humid","35.35","0","78.50","281800.06","SABD0002000014","AAV2.0.0.13","3.0.3.1703","PSt7-10","180509-002","9/13/2019 10:46:52 AM","0000-00","0","no battery","V"
"06/11/2023","11:04:56","9","default","547630319","OXY_CH9","8.975","min","137.794","μmol/L","Humid","25.560","deg","145407","µV","26.713","°C","1017.000","hPa","35.9","pmil","0","55.690","deg","20.000","°C","100.000","%a.s.","22.400","deg","20.000","°C","962.000","hPa","0.861","-0.02617","0.00035","0","0","13.56","Humid","35.35","0","78.50","281803.06","SABD0002000014","AAV2.0.0.13","3.0.3.1703","PSt7-10","180509-002","9/13/2019 10:46:52 AM","0000-00","0","no battery","V"
"06/11/2023","11:04:57","9","default","547630319","OXY_CH9","8.991","min","137.861","μmol/L","Humid","25.554","deg","145390","µV","26.713","°C","1017.000","hPa","35.9","pmil","0","55.690","deg","20.000","°C","100.000","%a.s.","22.400","deg","20.000","°C","962.000","hPa","0.861","-0.02617","0.00035","0","0","13.56","Humid","35.35","0","78.50","281799.81","SABD0002000014","AAV2.0.0.13","3.0.3.1703","PSt7-10","180509-002","9/13/2019 10:46:52 AM","0000-00","0","no battery","V"
"06/11/2023","11:04:58","9","default","547630319","OXY_CH9","9.009","min","137.838","μmol/L","Humid","25.556","deg","145388","µV","26.713","°C","1017.000","hPa","35.9","pmil","0","55.690","deg","20.000","°C","100.000","%a.s.","22.400","deg","20.000","°C","962.000","hPa","0.861","-0.02617","0.00035","0","0","13.56","Humid","35.35","0","78.50","281805.45","SABD0002000014","AAV2.0.0.13","3.0.3.1703","PSt7-10","180509-002","9/13/2019 10:46:52 AM","0000-00","0","no battery","V"
"06/11/2023","11:04:59","9","default","547630319","OXY_CH9","9.025","min","137.861","μmol/L","Humid","25.554","deg","145374","µV","26.713","°C","1017.000","hPa","35.9","pmil","0","55.690","deg","20.000","°C","100.000","%a.s.","22.400","deg","20.000","°C","962.000","hPa","0.861","-0.02617","0.00035","0","0","13.56","Humid","35.35","0","78.50","281798.50","SABD0002000014","AAV2.0.0.13","3.0.3.1703","PSt7-10","180509-002","9/13/2019 10:46:52 AM","0000-00","0","no battery","V"
"06/11/2023","11:05:00","9","default","547630319","OXY_CH9","9.042","min","137.908","μmol/L","Humid","25.552","deg","145366","µV","26.707","°C","1017.000","hPa","35.9","pmil","0","55.690","deg","20.000","°C","100.000","%a.s.","22.400","deg","20.000","°C","962.000","hPa","0.861","-0.02617","0.00035","0","0","13.56","Humid","35.35","0","78.50","281808.98","SABD0002000014","AAV2.0.0.13","3.0.3.1703","PSt7-10","180509-002","9/13/2019 10:46:52 AM","0000-00","0","no battery","V"
"06/11/2023","11:05:01","9","default","547630319","OXY_CH9","9.058","min","137.928","μmol/L","Humid","25.548","deg","145345","µV","26.713","°C","1017.000","hPa","35.9","pmil","0","55.690","deg","20.000","°C","100.000","%a.s.","22.400","deg","20.000","°C","962.000","hPa","0.861","-0.02617","0.00035","0","0","13.56","Humid","35.35","0","78.50","281803.49","SABD0002000014","AAV2.0.0.13","3.0.3.1703","PSt7-10","180509-002","9/13/2019 10:46:52 AM","0000-00","0","no battery","V"
"06/11/2023","11:05:02","9","default","547630319","OXY_CH9","9.075","min","137.964","μmol/L","Humid","25.547","deg","145339","µV","26.707","°C","1017.000","hPa","35.9","pmil","0","55.690","deg","20.000","°C","100.000","%a.s.","22.400","deg","20.000","°C","962.000","hPa","0.861","-0.02617","0.00035","0","0","13.56","Humid","35.35","0","78.50","281802.35","SABD0002000014","AAV2.0.0.13","3.0.3.1703","PSt7-10","180509-002","9/13/2019 10:46:52 AM","0000-00","0","no battery","V"
"06/11/2023","11:05:03","9","default","547630319","OXY_CH9","9.091","min","138.011","μmol/L","Humid","25.545","deg","145334","µV","26.701","°C","1017.000","hPa","35.9","pmil","0","55.690","deg","20.000","°C","100.000","%a.s.","22.400","deg","20.000","°C","962.000","hPa","0.861","-0.02617","0.00035","0","0","13.56","Humid","35.35","0","78.50","281797.54","SABD0002000014","AAV2.0.0.13","3.0.3.1703","PSt7-10","180509-002","9/13/2019 10:46:52 AM","0000-00","0","no battery","V"
"06/11/2023","11:05:04","9","default","547630319","OXY_CH9","9.108","min","138.009","μmol/L","Humid","25.543","deg","145318","µV","26.707","°C","1017.000","hPa","35.9","pmil","0","55.690","deg","20.000","°C","100.000","%a.s.","22.400","deg","20.000","°C","962.000","hPa","0.861","-0.02617","0.00035","0","0","13.56","Humid","35.35","0","78.50","281801.50","SABD0002000014","AAV2.0.0.13","3.0.3.1703","PSt7-10","180509-002","9/13/2019 10:46:52 AM","0000-00","0","no battery","V"
"06/11/2023","11:05:05","9","default","547630319","OXY_CH9","9.125","min","137.984","μmol/L","Humid","25.543","deg","145304","µV","26.713","°C","1017.000","hPa","35.9","pmil","0","55.690","deg","20.000","°C","100.000","%a.s.","22.400","deg","20.000","°C","962.000","hPa","0.861","-0.02617","0.00035","0","0","13.56","Humid","35.35","0","78.50","281796.21","SABD0002000014","AAV2.0.0.13","3.0.3.1703","PSt7-10","180509-002","9/13/2019 10:46:52 AM","0000-00","0","no battery","V"
"06/11/2023","11:05:06","9","default","547630319","OXY_CH9","9.141","min","138.020","μmol/L","Humid","25.542","deg","145294","µV","26.707","°C","1017.000","hPa","35.9","pmil","0","55.690","deg","20.000","°C","100.000","%a.s.","22.400","deg","20.000","°C","962.000","hPa","0.861","-0.02617","0.00035","0","0","13.56","Humid","35.35","0","78.50","281795.52","SABD0002000014","AAV2.0.0.13","3.0.3.1703","PSt7-10","180509-002","9/13/2019 10:46:52 AM","0000-00","0","no battery","V"
"06/11/2023","11:05:07","9","default","547630319","OXY_CH9","9.158","min","137.987","μmol/L","Humid","25.540","deg","145284","µV","26.720","°C","1016.000","hPa","35.9","pmil","0","55.690","deg","20.000","°C","100.000","%a.s.","22.400","deg","20.000","°C","962.000","hPa","0.861","-0.02617","0.00035","0","0","13.56","Humid","35.35","0","78.50","281792.99","SABD0002000014","AAV2.0.0.13","3.0.3.1703","PSt7-10","180509-002","9/13/2019 10:46:52 AM","0000-00","0","no battery","V"
"06/11/2023","11:05:08","9","default","547630319","OXY_CH9","9.175","min","138.062","μmol/L","Humid","25.536","deg","145281","µV","26.713","°C","1017.000","hPa","35.9","pmil","0","55.690","deg","20.000","°C","100.000","%a.s.","22.400","deg","20.000","°C","962.000","hPa","0.861","-0.02617","0.00035","0","0","13.56","Humid","35.35","0","78.50","281803.31","SABD0002000014","AAV2.0.0.13","3.0.3.1703","PSt7-10","180509-002","9/13/2019 10:46:52 AM","0000-00","0","no battery","V"
"06/11/2023","11:05:09","9","default","547630319","OXY_CH9","9.191","min","138.060","μmol/L","Humid","25.538","deg","145268","µV","26.707","°C","1016.000","hPa","35.9","pmil","0","55.690","deg","20.000","°C","100.000","%a.s.","22.400","deg","20.000","°C","962.000","hPa","0.861","-0.02617","0.00035","0","0","13.56","Humid","35.35","0","78.50","281798.88","SABD0002000014","AAV2.0.0.13","3.0.3.1703","PSt7-10","180509-002","9/13/2019 10:46:52 AM","0000-00","0","no battery","V"
"06/11/2023","11:05:10","9","default","547630319","OXY_CH9","9.209","min","138.073","μmol/L","Humid","25.535","deg","145252","µV","26.713","°C","1017.000","hPa","35.9","pmil","0","55.690","deg","20.000","°C","100.000","%a.s.","22.400","deg","20.000","°C","962.000","hPa","0.861","-0.02617","0.00035","0","0","13.56","Humid","35.35","0","78.50","281806.84","SABD0002000014","AAV2.0.0.13","3.0.3.1703","PSt7-10","180509-002","9/13/2019 10:46:52 AM","0000-00","0","no battery","V"
"06/11/2023","11:05:11","9","default","547630319","OXY_CH9","9.225","min","138.102","μmol/L","Humid","25.532","deg","145240","µV","26.713","°C","1016.000","hPa","35.9","pmil","0","55.690","deg","20.000","°C","100.000","%a.s.","22.400","deg","20.000","°C","962.000","hPa","0.861","-0.02617","0.00035","0","0","13.56","Humid","35.35","0","78.50","281781.35","SABD0002000014","AAV2.0.0.13","3.0.3.1703","PSt7-10","180509-002","9/13/2019 10:46:52 AM","0000-00","0","no battery","V"
"06/11/2023","11:05:12","9","default","547630319","OXY_CH9","9.242","min","138.121","μmol/L","Humid","25.533","deg","145235","µV","26.707","°C","1017.000","hPa","35.9","pmil","0","55.690","deg","20.000","°C","100.000","%a.s.","22.400","deg","20.000","°C","962.000","hPa","0.861","-0.02617","0.00035","0","0","13.56","Humid","35.35","0","78.50","281788.93","SABD0002000014","AAV2.0.0.13","3.0.3.1703","PSt7-10","180509-002","9/13/2019 10:46:52 AM","0000-00","0","no battery","V"
"06/11/2023","11:05:13","9","default","547630319","OXY_CH9","9.258","min","138.121","μmol/L","Humid","25.533","deg","145227","µV","26.707","°C","1017.000","hPa","35.9","pmil","0","55.690","deg","20.000","°C","100.000","%a.s.","22.400","deg","20.000","°C","962.000","hPa","0.861","-0.02617","0.00035","0","0","13.56","Humid","35.35","0","78.50","281785.03","SABD0002000014","AAV2.0.0.13","3.0.3.1703","PSt7-10","180509-002","9/13/2019 10:46:52 AM","0000-00","0","no battery","V"
"06/11/2023","11:05:14","9","default","547630319","OXY_CH9","9.275","min","138.154","μmol/L","Humid","25.530","deg","145210","µV","26.707","°C","1017.000","hPa","35.9","pmil","0","55.690","deg","20.000","°C","100.000","%a.s.","22.400","deg","20.000","°C","962.000","hPa","0.861","-0.02617","0.00035","0","0","13.56","Humid","35.35","0","78.50","281788.49","SABD0002000014","AAV2.0.0.13","3.0.3.1703","PSt7-10","180509-002","9/13/2019 10:46:52 AM","0000-00","0","no battery","V"
"06/11/2023","11:05:15","9","default","547630319","OXY_CH9","9.291","min","138.165","μmol/L","Humid","25.529","deg","145204","µV","26.707","°C","1017.000","hPa","35.9","pmil","0","55.690","deg","20.000","°C","100.000","%a.s.","22.400","deg","20.000","°C","962.000","hPa","0.861","-0.02617","0.00035","0","0","13.56","Humid","35.35","0","78.50","281785.40","SABD0002000014","AAV2.0.0.13","3.0.3.1703","PSt7-10","180509-002","9/13/2019 10:46:52 AM","0000-00","0","no battery","V"
"06/11/2023","11:05:16","9","default","547630319","OXY_CH9","9.308","min","138.165","μmol/L","Humid","25.529","deg","145200","µV","26.707","°C","1017.000","hPa","35.9","pmil","0","55.690","deg","20.000","°C","100.000","%a.s.","22.400","deg","20.000","°C","962.000","hPa","0.861","-0.02617","0.00035","0","0","13.56","Humid","35.35","0","78.50","281789.14","SABD0002000014","AAV2.0.0.13","3.0.3.1703","PSt7-10","180509-002","9/13/2019 10:46:52 AM","0000-00","0","no battery","V"
"06/11/2023","11:05:17","9","default","547630319","OXY_CH9","9.325","min","138.174","μmol/L","Humid","25.526","deg","145180","µV","26.713","°C","1017.000","hPa","35.9","pmil","0","55.690","deg","20.000","°C","100.000","%a.s.","22.400","deg","20.000","°C","962.000","hPa","0.861","-0.02617","0.00035","0","0","13.56","Humid","35.35","0","78.50","281777.22","SABD0002000014","AAV2.0.0.13","3.0.3.1703","PSt7-10","180509-002","9/13/2019 10:46:52 AM","0000-00","0","no battery","V"
"06/11/2023","11:05:18","9","default","547630319","OXY_CH9","9.341","min","138.221","μmol/L","Humid","25.524","deg","145179","µV","26.707","°C","1017.000","hPa","35.9","pmil","0","55.690","deg","20.000","°C","100.000","%a.s.","22.400","deg","20.000","°C","962.000","hPa","0.861","-0.02617","0.00035","0","0","13.56","Humid","35.35","0","78.50","281792.67","SABD0002000014","AAV2.0.0.13","3.0.3.1703","PSt7-10","180509-002","9/13/2019 10:46:52 AM","0000-00","0","no battery","V"
"06/11/2023","11:05:19","9","default","547630319","OXY_CH9","9.358","min","138.233","μmol/L","Humid","25.523","deg","145169","µV","26.707","°C","1017.000","hPa","35.9","pmil","0","55.690","deg","20.000","°C","100.000","%a.s.","22.400","deg","20.000","°C","962.000","hPa","0.861","-0.02617","0.00035","0","0","13.56","Humid","35.35","0","78.50","281800.91","SABD0002000014","AAV2.0.0.13","3.0.3.1703","PSt7-10","180509-002","9/13/2019 10:46:52 AM","0000-00","0","no battery","V"
"06/11/2023","11:05:20","9","default","547630319","OXY_CH9","9.374","min","138.207","μmol/L","Humid","25.523","deg","145164","µV","26.713","°C","1017.000","hPa","35.9","pmil","0","55.690","deg","20.000","°C","100.000","%a.s.","22.400","deg","20.000","°C","962.000","hPa","0.861","-0.02617","0.00035","0","0","13.56","Humid","35.35","0","78.50","281780.78","SABD0002000014","AAV2.0.0.13","3.0.3.1703","PSt7-10","180509-002","9/13/2019 10:46:52 AM","0000-00","0","no battery","V"
"06/11/2023","11:05:21","9","default","547630319","OXY_CH9","9.391","min","138.252","μmol/L","Humid","25.519","deg","145150","µV","26.713","°C","1017.000","hPa","35.9","pmil","0","55.690","deg","20.000","°C","100.000","%a.s.","22.400","deg","20.000","°C","962.000","hPa","0.861","-0.02617","0.00035","0","0","13.56","Humid","35.35","0","78.50","281782.63","SABD0002000014","AAV2.0.0.13","3.0.3.1703","PSt7-10","180509-002","9/13/2019 10:46:52 AM","0000-00","0","no battery","V"
"06/11/2023","11:05:22","9","default","547630319","OXY_CH9","9.408","min","138.345","μmol/L","Humid","25.513","deg","145128","µV","26.707","°C","1017.000","hPa","35.9","pmil","0","55.690","deg","20.000","°C","100.000","%a.s.","22.400","deg","20.000","°C","962.000","hPa","0.861","-0.02617","0.00035","0","0","13.56","Humid","35.35","0","78.50","281787.89","SABD0002000014","AAV2.0.0.13","3.0.3.1703","PSt7-10","180509-002","9/13/2019 10:46:52 AM","0000-00","0","no battery","V"
"06/11/2023","11:05:23","9","default","547630319","OXY_CH9","9.424","min","138.300","μmol/L","Humid","25.517","deg","145117","µV","26.707","°C","1017.000","hPa","35.9","pmil","0","55.690","deg","20.000","°C","100.000","%a.s.","22.400","deg","20.000","°C","962.000","hPa","0.861","-0.02617","0.00035","0","0","13.56","Humid","35.35","0","78.50","281774.03","SABD0002000014","AAV2.0.0.13","3.0.3.1703","PSt7-10","180509-002","9/13/2019 10:46:52 AM","0000-00","0","no battery","V"
"06/11/2023","11:05:24","9","default","547630319","OXY_CH9","9.442","min","138.347","μmol/L","Humid","25.515","deg","145113","µV","26.701","°C","1017.000","hPa","35.9","pmil","0","55.690","deg","20.000","°C","100.000","%a.s.","22.400","deg","20.000","°C","962.000","hPa","0.861","-0.02617","0.00035","0","0","13.56","Humid","35.35","0","78.50","281780.24","SABD0002000014","AAV2.0.0.13","3.0.3.1703","PSt7-10","180509-002","9/13/2019 10:46:52 AM","0000-00","0","no battery","V"
"06/11/2023","11:05:25","9","default","547630319","OXY_CH9","9.458","min","138.345","μmol/L","Humid","25.513","deg","145099","µV","26.707","°C","1017.000","hPa","35.9","pmil","0","55.690","deg","20.000","°C","100.000","%a.s.","22.400","deg","20.000","°C","962.000","hPa","0.861","-0.02617","0.00035","0","0","13.56","Humid","35.35","0","78.50","281775.81","SABD0002000014","AAV2.0.0.13","3.0.3.1703","PSt7-10","180509-002","9/13/2019 10:46:52 AM","0000-00","0","no battery","V"
"06/11/2023","11:05:26","9","default","547630319","OXY_CH9","9.475","min","138.353","μmol/L","Humid","25.510","deg","145090","µV","26.713","°C","1017.000","hPa","35.9","pmil","0","55.690","deg","20.000","°C","100.000","%a.s.","22.400","deg","20.000","°C","962.000","hPa","0.861","-0.02617","0.00035","0","0","13.56","Humid","35.35","0","78.50","281776.41","SABD0002000014","AAV2.0.0.13","3.0.3.1703","PSt7-10","180509-002","9/13/2019 10:46:52 AM","0000-00","0","no battery","V"
"06/11/2023","11:05:27","9","default","547630319","OXY_CH9","9.492","min","138.353","μmol/L","Humid","25.510","deg","145083","µV","26.713","°C","1017.000","hPa","35.9","pmil","0","55.690","deg","20.000","°C","100.000","%a.s.","22.400","deg","20.000","°C","962.000","hPa","0.861","-0.02617","0.00035","0","0","13.56","Humid","35.35","0","78.50","281775.10","SABD0002000014","AAV2.0.0.13","3.0.3.1703","PSt7-10","180509-002","9/13/2019 10:46:52 AM","0000-00","0","no battery","V"
"06/11/2023","11:05:28","9","default","547630319","OXY_CH9","9.509","min","138.404","μmol/L","Humid","25.505","deg","145071","µV","26.713","°C","1016.000","hPa","35.9","pmil","0","55.690","deg","20.000","°C","100.000","%a.s.","22.400","deg","20.000","°C","962.000","hPa","0.861","-0.02617","0.00035","0","0","13.56","Humid","35.35","0","78.50","281785.59","SABD0002000014","AAV2.0.0.13","3.0.3.1703","PSt7-10","180509-002","9/13/2019 10:46:52 AM","0000-00","0","no battery","V"
"06/11/2023","11:05:29","9","default","547630319","OXY_CH9","9.525","min","138.423","μmol/L","Humid","25.506","deg","145056","µV","26.707","°C","1017.000","hPa","35.9","pmil","0","55.690","deg","20.000","°C","100.000","%a.s.","22.400","deg","20.000","°C","962.000","hPa","0.861","-0.02617","0.00035","0","0","13.56","Humid","35.35","0","78.50","281778.85","SABD0002000014","AAV2.0.0.13","3.0.3.1703","PSt7-10","180509-002","9/13/2019 10:46:52 AM","0000-00","0","no battery","V"
"06/11/2023","11:05:30","9","default","547630319","OXY_CH9","9.542","min","138.448","μmol/L","Humid","25.506","deg","145047","µV","26.701","°C","1017.000","hPa","35.9","pmil","0","55.690","deg","20.000","°C","100.000","%a.s.","22.400","deg","20.000","°C","962.000","hPa","0.861","-0.02617","0.00035","0","0","13.56","Humid","35.35","0","78.50","281774.17","SABD0002000014","AAV2.0.0.13","3.0.3.1703","PSt7-10","180509-002","9/13/2019 10:46:52 AM","0000-00","0","no battery","V"
"06/11/2023","11:05:31","9","default","547630319","OXY_CH9","9.558","min","138.416","μmol/L","Humid","25.504","deg","145033","µV","26.713","°C","1016.000","hPa","35.9","pmil","0","55.690","deg","20.000","°C","100.000","%a.s.","22.400","deg","20.000","°C","962.000","hPa","0.861","-0.02617","0.00035","0","0","13.56","Humid","35.35","0","78.50","281771.73","SABD0002000014","AAV2.0.0.13","3.0.3.1703","PSt7-10","180509-002","9/13/2019 10:46:52 AM","0000-00","0","no battery","V"
"06/11/2023","11:05:32","9","default","547630319","OXY_CH9","9.575","min","138.432","μmol/L","Humid","25.503","deg","145038","µV","26.713","°C","1017.000","hPa","35.9","pmil","0","55.690","deg","20.000","°C","100.000","%a.s.","22.400","deg","20.000","°C","962.000","hPa","0.861","-0.02617","0.00035","0","0","13.56","Humid","35.35","0","78.50","281775.59","SABD0002000014","AAV2.0.0.13","3.0.3.1703","PSt7-10","180509-002","9/13/2019 10:46:52 AM","0000-00","0","no battery","V"
"06/11/2023","11:05:33","9","default","547630319","OXY_CH9","9.592","min","138.443","μmol/L","Humid","25.502","deg","145021","µV","26.713","°C","1017.000","hPa","35.9","pmil","0","55.690","deg","20.000","°C","100.000","%a.s.","22.400","deg","20.000","°C","962.000","hPa","0.861","-0.02617","0.00035","0","0","13.56","Humid","35.35","0","78.50","281766.93","SABD0002000014","AAV2.0.0.13","3.0.3.1703","PSt7-10","180509-002","9/13/2019 10:46:52 AM","0000-00","0","no battery","V"
"06/11/2023","11:05:34","9","default","547630319","OXY_CH9","9.608","min","138.491","μmol/L","Humid","25.500","deg","144996","µV","26.707","°C","1017.000","hPa","35.9","pmil","0","55.690","deg","20.000","°C","100.000","%a.s.","22.400","deg","20.000","°C","962.000","hPa","0.861","-0.02617","0.00035","0","0","13.56","Humid","35.35","0","78.50","281759.53","SABD0002000014","AAV2.0.0.13","3.0.3.1703","PSt7-10","180509-002","9/13/2019 10:46:52 AM","0000-00","0","no battery","V"
"06/11/2023","11:05:35","9","default","547630319","OXY_CH9","9.625","min","138.465","μmol/L","Humid","25.500","deg","144991","µV","26.713","°C","1017.000","hPa","35.9","pmil","0","55.690","deg","20.000","°C","100.000","%a.s.","22.400","deg","20.000","°C","962.000","hPa","0.861","-0.02617","0.00035","0","0","13.56","Humid","35.35","0","78.50","281776.99","SABD0002000014","AAV2.0.0.13","3.0.3.1703","PSt7-10","180509-002","9/13/2019 10:46:52 AM","0000-00","0","no battery","V"
"06/11/2023","11:05:36","9","default","547630319","OXY_CH9","9.641","min","138.502","μmol/L","Humid","25.499","deg","144974","µV","26.707","°C","1017.000","hPa","35.9","pmil","0","55.690","deg","20.000","°C","100.000","%a.s.","22.400","deg","20.000","°C","962.000","hPa","0.861","-0.02617","0.00035","0","0","13.56","Humid","35.35","0","78.50","281762.20","SABD0002000014","AAV2.0.0.13","3.0.3.1703","PSt7-10","180509-002","9/13/2019 10:46:52 AM","0000-00","0","no battery","V"
"06/11/2023","11:05:37","9","default","547630319","OXY_CH9","9.658","min","138.547","μmol/L","Humid","25.495","deg","144971","µV","26.707","°C","1017.000","hPa","35.9","pmil","0","55.690","deg","20.000","°C","100.000","%a.s.","22.400","deg","20.000","°C","962.000","hPa","0.861","-0.02617","0.00035","0","0","13.56","Humid","35.35","0","78.50","281766.78","SABD0002000014","AAV2.0.0.13","3.0.3.1703","PSt7-10","180509-002","9/13/2019 10:46:52 AM","0000-00","0","no battery","V"
"06/11/2023","11:05:38","9","default","547630319","OXY_CH9","9.675","min","138.569","μmol/L","Humid","25.493","deg","144954","µV","26.707","°C","1017.000","hPa","35.9","pmil","0","55.690","deg","20.000","°C","100.000","%a.s.","22.400","deg","20.000","°C","962.000","hPa","0.861","-0.02617","0.00035","0","0","13.56","Humid","35.35","0","78.50","281764.47","SABD0002000014","AAV2.0.0.13","3.0.3.1703","PSt7-10","180509-002","9/13/2019 10:46:52 AM","0000-00","0","no battery","V"
"06/11/2023","11:05:39","9","default","547630319","OXY_CH9","9.692","min","138.558","μmol/L","Humid","25.494","deg","144956","µV","26.707","°C","1017.000","hPa","35.9","pmil","0","55.690","deg","20.000","°C","100.000","%a.s.","22.400","deg","20.000","°C","962.000","hPa","0.861","-0.02617","0.00035","0","0","13.56","Humid","35.35","0","78.50","281760.04","SABD0002000014","AAV2.0.0.13","3.0.3.1703","PSt7-10","180509-002","9/13/2019 10:46:52 AM","0000-00","0","no battery","V"
"06/11/2023","11:05:40","9","default","547630319","OXY_CH9","9.708","min","138.569","μmol/L","Humid","25.493","deg","144952","µV","26.707","°C","1017.000","hPa","35.9","pmil","0","55.690","deg","20.000","°C","100.000","%a.s.","22.400","deg","20.000","°C","962.000","hPa","0.861","-0.02617","0.00035","0","0","13.56","Humid","35.35","0","78.50","281756.35","SABD0002000014","AAV2.0.0.13","3.0.3.1703","PSt7-10","180509-002","9/13/2019 10:46:52 AM","0000-00","0","no battery","V"
"06/11/2023","11:05:41","9","default","547630319","OXY_CH9","9.725","min","138.592","μmol/L","Humid","25.491","deg","144939","µV","26.707","°C","1017.000","hPa","35.9","pmil","0","55.690","deg","20.000","°C","100.000","%a.s.","22.400","deg","20.000","°C","962.000","hPa","0.861","-0.02617","0.00035","0","0","13.56","Humid","35.35","0","78.50","281760.20","SABD0002000014","AAV2.0.0.13","3.0.3.1703","PSt7-10","180509-002","9/13/2019 10:46:52 AM","0000-00","0","no battery","V"
"06/11/2023","11:05:42","9","default","547630319","OXY_CH9","9.742","min","138.578","μmol/L","Humid","25.490","deg","144931","µV","26.713","°C","1017.000","hPa","35.9","pmil","0","55.690","deg","20.000","°C","100.000","%a.s.","22.400","deg","20.000","°C","962.000","hPa","0.861","-0.02617","0.00035","0","0","13.56","Humid","35.35","0","78.50","281765.08","SABD0002000014","AAV2.0.0.13","3.0.3.1703","PSt7-10","180509-002","9/13/2019 10:46:52 AM","0000-00","0","no battery","V"
"06/11/2023","11:05:43","9","default","547630319","OXY_CH9","9.758","min","138.600","μmol/L","Humid","25.488","deg","144909","µV","26.713","°C","1017.000","hPa","35.9","pmil","0","55.690","deg","20.000","°C","100.000","%a.s.","22.400","deg","20.000","°C","962.000","hPa","0.861","-0.02617","0.00035","0","0","13.56","Humid","35.35","0","78.50","281754.80","SABD0002000014","AAV2.0.0.13","3.0.3.1703","PSt7-10","180509-002","9/13/2019 10:46:52 AM","0000-00","0","no battery","V"
"06/11/2023","11:05:44","9","default","547630319","OXY_CH9","9.775","min","138.707","μmol/L","Humid","25.483","deg","144903","µV","26.701","°C","1017.000","hPa","35.9","pmil","0","55.690","deg","20.000","°C","100.000","%a.s.","22.400","deg","20.000","°C","962.000","hPa","0.861","-0.02617","0.00035","0","0","13.56","Humid","35.35","0","78.50","281745.72","SABD0002000014","AAV2.0.0.13","3.0.3.1703","PSt7-10","180509-002","9/13/2019 10:46:52 AM","0000-00","0","no battery","V"
"06/11/2023","11:05:45","9","default","547630319","OXY_CH9","9.791","min","138.682","μmol/L","Humid","25.483","deg","144883","µV","26.707","°C","1017.000","hPa","35.9","pmil","0","55.690","deg","20.000","°C","100.000","%a.s.","22.400","deg","20.000","°C","962.000","hPa","0.861","-0.02617","0.00035","0","0","13.56","Humid","35.35","0","78.50","281753.23","SABD0002000014","AAV2.0.0.13","3.0.3.1703","PSt7-10","180509-002","9/13/2019 10:46:52 AM","0000-00","0","no battery","V"
"06/11/2023","11:05:46","9","default","547630319","OXY_CH9","9.808","min","138.741","μmol/L","Humid","25.480","deg","144892","µV","26.701","°C","1017.000","hPa","35.9","pmil","0","55.690","deg","20.000","°C","100.000","%a.s.","22.400","deg","20.000","°C","962.000","hPa","0.861","-0.02617","0.00035","0","0","13.56","Humid","35.35","0","78.50","281753.10","SABD0002000014","AAV2.0.0.13","3.0.3.1703","PSt7-10","180509-002","9/13/2019 10:46:52 AM","0000-00","0","no battery","V"
"06/11/2023","11:05:47","9","default","547630319","OXY_CH9","9.825","min","138.679","μmol/L","Humid","25.481","deg","144876","µV","26.713","°C","1017.000","hPa","35.9","pmil","0","55.690","deg","20.000","°C","100.000","%a.s.","22.400","deg","20.000","°C","962.000","hPa","0.861","-0.02617","0.00035","0","0","13.56","Humid","35.35","0","78.50","281760.30","SABD0002000014","AAV2.0.0.13","3.0.3.1703","PSt7-10","180509-002","9/13/2019 10:46:52 AM","0000-00","0","no battery","V"
"06/11/2023","11:05:48","9","default","547630319","OXY_CH9","9.842","min","138.738","μmol/L","Humid","25.478","deg","144865","µV","26.707","°C","1017.000","hPa","35.9","pmil","0","55.690","deg","20.000","°C","100.000","%a.s.","22.400","deg","20.000","°C","962.000","hPa","0.861","-0.02617","0.00035","0","0","13.56","Humid","35.35","0","78.50","281756.02","SABD0002000014","AAV2.0.0.13","3.0.3.1703","PSt7-10","180509-002","9/13/2019 10:46:52 AM","0000-00","0","no battery","V"
"06/11/2023","11:05:49","9","default","547630319","OXY_CH9","9.858","min","138.735","μmol/L","Humid","25.476","deg","144847","µV","26.713","°C","1017.000","hPa","35.9","pmil","0","55.690","deg","20.000","°C","100.000","%a.s.","22.400","deg","20.000","°C","962.000","hPa","0.861","-0.02617","0.00035","0","0","13.56","Humid","35.35","0","78.50","281744.27","SABD0002000014","AAV2.0.0.13","3.0.3.1703","PSt7-10","180509-002","9/13/2019 10:46:52 AM","0000-00","0","no battery","V"
"06/11/2023","11:05:50","9","default","547630319","OXY_CH9","9.875","min","138.744","μmol/L","Humid","25.477","deg","144835","µV","26.707","°C","1016.000","hPa","35.9","pmil","0","55.690","deg","20.000","°C","100.000","%a.s.","22.400","deg","20.000","°C","962.000","hPa","0.861","-0.02617","0.00035","0","0","13.56","Humid","35.35","0","78.50","281758.35","SABD0002000014","AAV2.0.0.13","3.0.3.1703","PSt7-10","180509-002","9/13/2019 10:46:52 AM","0000-00","0","no battery","V"
"06/11/2023","11:05:51","9","default","547630319","OXY_CH9","9.891","min","138.767","μmol/L","Humid","25.475","deg","144825","µV","26.707","°C","1016.000","hPa","35.9","pmil","0","55.690","deg","20.000","°C","100.000","%a.s.","22.400","deg","20.000","°C","962.000","hPa","0.861","-0.02617","0.00035","0","0","13.56","Humid","35.35","0","78.50","281748.03","SABD0002000014","AAV2.0.0.13","3.0.3.1703","PSt7-10","180509-002","9/13/2019 10:46:52 AM","0000-00","0","no battery","V"
"06/11/2023","11:05:52","9","default","547630319","OXY_CH9","9.908","min","138.791","μmol/L","Humid","25.471","deg","144814","µV","26.713","°C","1017.000","hPa","35.9","pmil","0","55.690","deg","20.000","°C","100.000","%a.s.","22.400","deg","20.000","°C","962.000","hPa","0.861","-0.02617","0.00035","0","0","13.56","Humid","35.35","0","78.50","281746.26","SABD0002000014","AAV2.0.0.13","3.0.3.1703","PSt7-10","180509-002","9/13/2019 10:46:52 AM","0000-00","0","no battery","V"
"06/11/2023","11:05:53","9","default","547630319","OXY_CH9","9.924","min","138.805","μmol/L","Humid","25.472","deg","144801","µV","26.707","°C","1017.000","hPa","35.9","pmil","0","55.690","deg","20.000","°C","100.000","%a.s.","22.400","deg","20.000","°C","962.000","hPa","0.861","-0.02617","0.00035","0","0","13.56","Humid","35.35","0","78.50","281762.85","SABD0002000014","AAV2.0.0.13","3.0.3.1703","PSt7-10","180509-002","9/13/2019 10:46:52 AM","0000-00","0","no battery","V"
"06/11/2023","11:05:54","9","default","547630319","OXY_CH9","9.941","min","138.848","μmol/L","Humid","25.470","deg","144790","µV","26.701","°C","1016.000","hPa","35.9","pmil","0","55.690","deg","20.000","°C","100.000","%a.s.","22.400","deg","20.000","°C","962.000","hPa","0.861","-0.02617","0.00035","0","0","13.56","Humid","35.35","0","78.50","281740.33","SABD0002000014","AAV2.0.0.13","3.0.3.1703","PSt7-10","180509-002","9/13/2019 10:46:52 AM","0000-00","0","no battery","V"
"06/11/2023","11:05:55","9","default","547630319","OXY_CH9","9.958","min","138.791","μmol/L","Humid","25.471","deg","144789","µV","26.713","°C","1017.000","hPa","35.9","pmil","0","55.690","deg","20.000","°C","100.000","%a.s.","22.400","deg","20.000","°C","962.000","hPa","0.861","-0.02617","0.00035","0","0","13.56","Humid","35.35","0","78.50","281751.93","SABD0002000014","AAV2.0.0.13","3.0.3.1703","PSt7-10","180509-002","9/13/2019 10:46:52 AM","0000-00","0","no battery","V"
"06/11/2023","11:05:56","9","default","547630319","OXY_CH9","9.975","min","138.850","μmol/L","Humid","25.468","deg","144773","µV","26.707","°C","1017.000","hPa","35.9","pmil","0","55.690","deg","20.000","°C","100.000","%a.s.","22.400","deg","20.000","°C","962.000","hPa","0.861","-0.02617","0.00035","0","0","13.56","Humid","35.35","0","78.50","281746.11","SABD0002000014","AAV2.0.0.13","3.0.3.1703","PSt7-10","180509-002","9/13/2019 10:46:52 AM","0000-00","0","no battery","V"
"06/11/2023","11:05:57","9","default","547630319","OXY_CH9","9.991","min","138.873","μmol/L","Humid","25.466","deg","144773","µV","26.707","°C","1017.000","hPa","35.9","pmil","0","55.690","deg","20.000","°C","100.000","%a.s.","22.400","deg","20.000","°C","962.000","hPa","0.861","-0.02617","0.00035","0","0","13.56","Humid","35.35","0","78.50","281751.02","SABD0002000014","AAV2.0.0.13","3.0.3.1703","PSt7-10","180509-002","9/13/2019 10:46:52 AM","0000-00","0","no battery","V"
"06/11/2023","11:05:58","9","default","547630319","OXY_CH9","10.008","min","138.881","μmol/L","Humid","25.463","deg","144756","µV","26.713","°C","1017.000","hPa","35.9","pmil","0","55.690","deg","20.000","°C","100.000","%a.s.","22.400","deg","20.000","°C","962.000","hPa","0.861","-0.02617","0.00035","0","0","13.56","Humid","35.35","0","78.50","281748.48","SABD0002000014","AAV2.0.0.13","3.0.3.1703","PSt7-10","180509-002","9/13/2019 10:46:52 AM","0000-00","0","no battery","V"
"06/11/2023","11:05:59","9","default","547630319","OXY_CH9","10.024","min","138.895","μmol/L","Humid","25.464","deg","144743","µV","26.707","°C","1017.000","hPa","35.9","pmil","0","55.690","deg","20.000","°C","100.000","%a.s.","22.400","deg","20.000","°C","962.000","hPa","0.861","-0.02617","0.00035","0","0","13.56","Humid","35.35","0","78.50","281739.62","SABD0002000014","AAV2.0.0.13","3.0.3.1703","PSt7-10","180509-002","9/13/2019 10:46:52 AM","0000-00","0","no battery","V"
"06/11/2023","11:06:00","9","default","547630319","OXY_CH9","10.041","min","138.943","μmol/L","Humid","25.462","deg","144735","µV","26.701","°C","1017.000","hPa","35.9","pmil","0","55.690","deg","20.000","°C","100.000","%a.s.","22.400","deg","20.000","°C","962.000","hPa","0.861","-0.02617","0.00035","0","0","13.56","Humid","35.35","0","78.50","281744.21","SABD0002000014","AAV2.0.0.13","3.0.3.1703","PSt7-10","180509-002","9/13/2019 10:46:52 AM","0000-00","0","no battery","V"
"06/11/2023","11:06:01","9","default","547630319","OXY_CH9","10.058","min","138.904","μmol/L","Humid","25.461","deg","144723","µV","26.713","°C","1017.000","hPa","35.9","pmil","0","55.690","deg","20.000","°C","100.000","%a.s.","22.400","deg","20.000","°C","962.000","hPa","0.861","-0.02617","0.00035","0","0","13.56","Humid","35.35","0","78.50","281743.57","SABD0002000014","AAV2.0.0.13","3.0.3.1703","PSt7-10","180509-002","9/13/2019 10:46:52 AM","0000-00","0","no battery","V"
"06/11/2023","11:06:02","9","default","547630319","OXY_CH9","10.075","min","138.974","μmol/L","Humid","25.457","deg","144713","µV","26.707","°C","1017.000","hPa","35.9","pmil","0","55.690","deg","20.000","°C","100.000","%a.s.","22.400","deg","20.000","°C","962.000","hPa","0.861","-0.02617","0.00035","0","0","13.56","Humid","35.35","0","78.50","281748.46","SABD0002000014","AAV2.0.0.13","3.0.3.1703","PSt7-10","180509-002","9/13/2019 10:46:52 AM","0000-00","0","no battery","V"
"06/11/2023","11:06:03","9","default","547630319","OXY_CH9","10.091","min","139.011","μmol/L","Humid","25.456","deg","144701","µV","26.701","°C","1017.000","hPa","35.9","pmil","0","55.690","deg","20.000","°C","100.000","%a.s.","22.400","deg","20.000","°C","962.000","hPa","0.861","-0.02617","0.00035","0","0","13.56","Humid","35.35","0","78.50","281742.38","SABD0002000014","AAV2.0.0.13","3.0.3.1703","PSt7-10","180509-002","9/13/2019 10:46:52 AM","0000-00","0","no battery","V"
"06/11/2023","11:06:04","9","default","547630319","OXY_CH9","10.108","min","138.960","μmol/L","Humid","25.456","deg","144687","µV","26.713","°C","1017.000","hPa","35.9","pmil","0","55.690","deg","20.000","°C","100.000","%a.s.","22.400","deg","20.000","°C","962.000","hPa","0.861","-0.02617","0.00035","0","0","13.56","Humid","35.35","0","78.50","281730.84","SABD0002000014","AAV2.0.0.13","3.0.3.1703","PSt7-10","180509-002","9/13/2019 10:46:52 AM","0000-00","0","no battery","V"
"06/11/2023","11:06:05","9","default","547630319","OXY_CH9","10.125","min","138.974","μmol/L","Humid","25.457","deg","144682","µV","26.707","°C","1017.000","hPa","35.9","pmil","0","55.690","deg","20.000","°C","100.000","%a.s.","22.400","deg","20.000","°C","962.000","hPa","0.861","-0.02617","0.00035","0","0","13.56","Humid","35.35","0","78.50","281723.74","SABD0002000014","AAV2.0.0.13","3.0.3.1703","PSt7-10","180509-002","9/13/2019 10:46:52 AM","0000-00","0","no battery","V"
"06/11/2023","11:06:06","9","default","547630319","OXY_CH9","10.142","min","139.045","μmol/L","Humid","25.453","deg","144670","µV","26.701","°C","1017.000","hPa","35.9","pmil","0","55.690","deg","20.000","°C","100.000","%a.s.","22.400","deg","20.000","°C","962.000","hPa","0.861","-0.02617","0.00035","0","0","13.56","Humid","35.35","0","78.50","281734.95","SABD0002000014","AAV2.0.0.13","3.0.3.1703","PSt7-10","180509-002","9/13/2019 10:46:52 AM","0000-00","0","no battery","V"
"06/11/2023","11:06:07","9","default","547630319","OXY_CH9","10.158","min","139.031","μmol/L","Humid","25.452","deg","144663","µV","26.707","°C","1017.000","hPa","35.9","pmil","0","55.690","deg","20.000","°C","100.000","%a.s.","22.400","deg","20.000","°C","962.000","hPa","0.861","-0.02617","0.00035","0","0","13.56","Humid","35.35","0","78.50","281735.06","SABD0002000014","AAV2.0.0.13","3.0.3.1703","PSt7-10","180509-002","9/13/2019 10:46:52 AM","0000-00","0","no battery","V"
"06/11/2023","11:06:08","9","default","547630319","OXY_CH9","10.175","min","139.045","μmol/L","Humid","25.453","deg","144653","µV","26.701","°C","1017.000","hPa","35.9","pmil","0","55.690","deg","20.000","°C","100.000","%a.s.","22.400","deg","20.000","°C","962.000","hPa","0.861","-0.02617","0.00035","0","0","13.56","Humid","35.35","0","78.50","281742.14","SABD0002000014","AAV2.0.0.13","3.0.3.1703","PSt7-10","180509-002","9/13/2019 10:46:52 AM","0000-00","0","no battery","V"
"06/11/2023","11:06:09","9","default","547630319","OXY_CH9","10.191","min","139.076","μmol/L","Humid","25.448","deg","144635","µV","26.707","°C","1017.000","hPa","35.9","pmil","0","55.690","deg","20.000","°C","100.000","%a.s.","22.400","deg","20.000","°C","962.000","hPa","0.861","-0.02617","0.00035","0","0","13.56","Humid","35.35","0","78.50","281735.50","SABD0002000014","AAV2.0.0.13","3.0.3.1703","PSt7-10","180509-002","9/13/2019 10:46:52 AM","0000-00","0","no battery","V"
"06/11/2023","11:06:10","9","default","547630319","OXY_CH9","10.208","min","139.124","μmol/L","Humid","25.446","deg","144629","µV","26.701","°C","1017.000","hPa","35.9","pmil","0","55.690","deg","20.000","°C","100.000","%a.s.","22.400","deg","20.000","°C","962.000","hPa","0.861","-0.02617","0.00035","0","0","13.56","Humid","35.35","0","78.50","281733.01","SABD0002000014","AAV2.0.0.13","3.0.3.1703","PSt7-10","180509-002","9/13/2019 10:46:52 AM","0000-00","0","no battery","V"
"06/11/2023","11:06:11","9","default","547630319","OXY_CH9","10.224","min","139.143","μmol/L","Humid","25.442","deg","144607","µV","26.707","°C","1017.000","hPa","35.9","pmil","0","55.690","deg","20.000","°C","100.000","%a.s.","22.400","deg","20.000","°C","962.000","hPa","0.861","-0.02617","0.00035","0","0","13.56","Humid","35.35","0","78.50","281724.48","SABD0002000014","AAV2.0.0.13","3.0.3.1703","PSt7-10","180509-002","9/13/2019 10:46:52 AM","0000-00","0","no battery","V"
"06/11/2023","11:06:12","9","default","547630319","OXY_CH9","10.242","min","139.132","μmol/L","Humid","25.443","deg","144606","µV","26.707","°C","1017.000","hPa","35.9","pmil","0","55.690","deg","20.000","°C","100.000","%a.s.","22.400","deg","20.000","°C","962.000","hPa","0.861","-0.02617","0.00035","0","0","13.56","Humid","35.35","0","78.50","281725.62","SABD0002000014","AAV2.0.0.13","3.0.3.1703","PSt7-10","180509-002","9/13/2019 10:46:52 AM","0000-00","0","no battery","V"
"06/11/2023","11:06:13","9","default","547630319","OXY_CH9","10.259","min","139.150","μmol/L","Humid","25.441","deg","144592","µV","26.707","°C","1016.000","hPa","35.9","pmil","0","55.690","deg","20.000","°C","100.000","%a.s.","22.400","deg","20.000","°C","962.000","hPa","0.861","-0.02617","0.00035","0","0","13.56","Humid","35.35","0","78.50","281722.44","SABD0002000014","AAV2.0.0.13","3.0.3.1703","PSt7-10","180509-002","9/13/2019 10:46:52 AM","0000-00","0","no battery","V"
"06/11/2023","11:06:14","9","default","547630319","OXY_CH9","10.275","min","139.177","μmol/L","Humid","25.439","deg","144575","µV","26.707","°C","1017.000","hPa","35.9","pmil","0","55.690","deg","20.000","°C","100.000","%a.s.","22.400","deg","20.000","°C","962.000","hPa","0.861","-0.02617","0.00035","0","0","13.56","Humid","35.35","0","78.50","281720.93","SABD0002000014","AAV2.0.0.13","3.0.3.1703","PSt7-10","180509-002","9/13/2019 10:46:52 AM","0000-00","0","no battery","V"
"06/11/2023","11:06:15","9","default","547630319","OXY_CH9","10.292","min","139.177","μmol/L","Humid","25.439","deg","144576","µV","26.707","°C","1017.000","hPa","35.9","pmil","0","55.690","deg","20.000","°C","100.000","%a.s.","22.400","deg","20.000","°C","962.000","hPa","0.861","-0.02617","0.00035","0","0","13.56","Humid","35.35","0","78.50","281728.92","SABD0002000014","AAV2.0.0.13","3.0.3.1703","PSt7-10","180509-002","9/13/2019 10:46:52 AM","0000-00","0","no battery","V"
"06/11/2023","11:06:16","9","default","547630319","OXY_CH9","10.308","min","139.189","μmol/L","Humid","25.438","deg","144560","µV","26.707","°C","1017.000","hPa","35.9","pmil","0","55.690","deg","20.000","°C","100.000","%a.s.","22.400","deg","20.000","°C","962.000","hPa","0.861","-0.02617","0.00035","0","0","13.56","Humid","35.35","0","78.50","281726.43","SABD0002000014","AAV2.0.0.13","3.0.3.1703","PSt7-10","180509-002","9/13/2019 10:46:52 AM","0000-00","0","no battery","V"
"06/11/2023","11:06:17","9","default","547630319","OXY_CH9","10.325","min","139.270","μmol/L","Humid","25.433","deg","144549","µV","26.701","°C","1017.000","hPa","35.9","pmil","0","55.690","deg","20.000","°C","100.000","%a.s.","22.400","deg","20.000","°C","962.000","hPa","0.861","-0.02617","0.00035","0","0","13.56","Humid","35.35","0","78.50","281718.34","SABD0002000014","AAV2.0.0.13","3.0.3.1703","PSt7-10","180509-002","9/13/2019 10:46:52 AM","0000-00","0","no battery","V"
"06/11/2023","11:06:18","9","default","547630319","OXY_CH9","10.341","min","139.245","μmol/L","Humid","25.433","deg","144543","µV","26.707","°C","1017.000","hPa","35.9","pmil","0","55.690","deg","20.000","°C","100.000","%a.s.","22.400","deg","20.000","°C","962.000","hPa","0.861","-0.02617","0.00035","0","0","13.56","Humid","35.35","0","78.50","281721.03","SABD0002000014","AAV2.0.0.13","3.0.3.1703","PSt7-10","180509-002","9/13/2019 10:46:52 AM","0000-00","0","no battery","V"
"06/11/2023","11:06:19","9","default","547630319","OXY_CH9","10.358","min","139.231","μmol/L","Humid","25.432","deg","144529","µV","26.713","°C","1017.000","hPa","35.9","pmil","0","55.690","deg","20.000","°C","100.000","%a.s.","22.400","deg","20.000","°C","962.000","hPa","0.861","-0.02617","0.00035","0","0","13.56","Humid","35.35","0","78.50","281721.48","SABD0002000014","AAV2.0.0.13","3.0.3.1703","PSt7-10","180509-002","9/13/2019 10:46:52 AM","0000-00","0","no battery","V"
"06/11/2023","11:06:20","9","default","547630319","OXY_CH9","10.375","min","139.288","μmol/L","Humid","25.431","deg","144530","µV","26.701","°C","1016.000","hPa","35.9","pmil","0","55.690","deg","20.000","°C","100.000","%a.s.","22.400","deg","20.000","°C","962.000","hPa","0.861","-0.02617","0.00035","0","0","13.56","Humid","35.35","0","78.50","281714.53","SABD0002000014","AAV2.0.0.13","3.0.3.1703","PSt7-10","180509-002","9/13/2019 10:46:52 AM","0000-00","0","no battery","V"
"06/11/2023","11:06:21","9","default","547630319","OXY_CH9","10.391","min","139.302","μmol/L","Humid","25.428","deg","144508","µV","26.707","°C","1017.000","hPa","35.9","pmil","0","55.690","deg","20.000","°C","100.000","%a.s.","22.400","deg","20.000","°C","962.000","hPa","0.861","-0.02617","0.00035","0","0","13.56","Humid","35.35","0","78.50","281711.48","SABD0002000014","AAV2.0.0.13","3.0.3.1703","PSt7-10","180509-002","9/13/2019 10:46:52 AM","0000-00","0","no battery","V"
"06/11/2023","11:06:22","9","default","547630319","OXY_CH9","10.408","min","139.322","μmol/L","Humid","25.428","deg","144501","µV","26.701","°C","1016.000","hPa","35.9","pmil","0","55.690","deg","20.000","°C","100.000","%a.s.","22.400","deg","20.000","°C","962.000","hPa","0.861","-0.02617","0.00035","0","0","13.56","Humid","35.35","0","78.50","281717.37","SABD0002000014","AAV2.0.0.13","3.0.3.1703","PSt7-10","180509-002","9/13/2019 10:46:52 AM","0000-00","0","no battery","V"
"06/11/2023","11:06:23","9","default","547630319","OXY_CH9","10.425","min","139.336","μmol/L","Humid","25.425","deg","144492","µV","26.707","°C","1017.000","hPa","35.9","pmil","0","55.690","deg","20.000","°C","100.000","%a.s.","22.400","deg","20.000","°C","962.000","hPa","0.861","-0.02617","0.00035","0","0","13.56","Humid","35.35","0","78.50","281723.90","SABD0002000014","AAV2.0.0.13","3.0.3.1703","PSt7-10","180509-002","9/13/2019 10:46:52 AM","0000-00","0","no battery","V"
"06/11/2023","11:06:24","9","default","547630319","OXY_CH9","10.441","min","139.361","μmol/L","Humid","25.425","deg","144486","µV","26.701","°C","1017.000","hPa","35.9","pmil","0","55.690","deg","20.000","°C","100.000","%a.s.","22.400","deg","20.000","°C","962.000","hPa","0.861","-0.02617","0.00035","0","0","13.56","Humid","35.35","0","78.50","281716.04","SABD0002000014","AAV2.0.0.13","3.0.3.1703","PSt7-10","180509-002","9/13/2019 10:46:52 AM","0000-00","0","no battery","V"
"06/11/2023","11:06:25","9","default","547630319","OXY_CH9","10.458","min","139.308","μmol/L","Humid","25.427","deg","144467","µV","26.707","°C","1016.000","hPa","35.9","pmil","0","55.690","deg","20.000","°C","100.000","%a.s.","22.400","deg","20.000","°C","962.000","hPa","0.861","-0.02617","0.00035","0","0","13.56","Humid","35.35","0","78.50","281708.93","SABD0002000014","AAV2.0.0.13","3.0.3.1703","PSt7-10","180509-002","9/13/2019 10:46:52 AM","0000-00","0","no battery","V"
"06/11/2023","11:06:26","9","default","547630319","OXY_CH9","10.475","min","139.358","μmol/L","Humid","25.423","deg","144458","µV","26.707","°C","1017.000","hPa","35.9","pmil","0","55.690","deg","20.000","°C","100.000","%a.s.","22.400","deg","20.000","°C","962.000","hPa","0.861","-0.02617","0.00035","0","0","13.56","Humid","35.35","0","78.50","281724.61","SABD0002000014","AAV2.0.0.13","3.0.3.1703","PSt7-10","180509-002","9/13/2019 10:46:52 AM","0000-00","0","no battery","V"
"06/11/2023","11:06:27","9","default","547630319","OXY_CH9","10.491","min","139.449","μmol/L","Humid","25.419","deg","144443","µV","26.695","°C","1016.000","hPa","35.9","pmil","0","55.690","deg","20.000","°C","100.000","%a.s.","22.400","deg","20.000","°C","962.000","hPa","0.861","-0.02617","0.00035","0","0","13.56","Humid","35.35","0","78.50","281714.78","SABD0002000014","AAV2.0.0.13","3.0.3.1703","PSt7-10","180509-002","9/13/2019 10:46:52 AM","0000-00","0","no battery","V"
"06/11/2023","11:06:28","9","default","547630319","OXY_CH9","10.509","min","139.421","μmol/L","Humid","25.417","deg","144436","µV","26.707","°C","1016.000","hPa","35.9","pmil","0","55.690","deg","20.000","°C","100.000","%a.s.","22.400","deg","20.000","°C","962.000","hPa","0.861","-0.02617","0.00035","0","0","13.56","Humid","35.35","0","78.50","281720.45","SABD0002000014","AAV2.0.0.13","3.0.3.1703","PSt7-10","180509-002","9/13/2019 10:46:52 AM","0000-00","0","no battery","V"
"06/11/2023","11:06:29","9","default","547630319","OXY_CH9","10.525","min","139.472","μmol/L","Humid","25.417","deg","144425","µV","26.695","°C","1016.000","hPa","35.9","pmil","0","55.690","deg","20.000","°C","100.000","%a.s.","22.400","deg","20.000","°C","962.000","hPa","0.861","-0.02617","0.00035","0","0","13.56","Humid","35.35","0","78.50","281705.87","SABD0002000014","AAV2.0.0.13","3.0.3.1703","PSt7-10","180509-002","9/13/2019 10:46:52 AM","0000-00","0","no battery","V"
"06/11/2023","11:06:30","9","default","547630319","OXY_CH9","10.541","min","139.421","μmol/L","Humid","25.417","deg","144416","µV","26.707","°C","1016.000","hPa","35.9","pmil","0","55.690","deg","20.000","°C","100.000","%a.s.","22.400","deg","20.000","°C","962.000","hPa","0.861","-0.02617","0.00035","0","0","13.56","Humid","35.35","0","78.50","281704.77","SABD0002000014","AAV2.0.0.13","3.0.3.1703","PSt7-10","180509-002","9/13/2019 10:46:52 AM","0000-00","0","no battery","V"
"06/11/2023","11:06:31","9","default","547630319","OXY_CH9","10.558","min","139.519","μmol/L","Humid","25.411","deg","144401","µV","26.701","°C","1017.000","hPa","35.9","pmil","0","55.690","deg","20.000","°C","100.000","%a.s.","22.400","deg","20.000","°C","962.000","hPa","0.861","-0.02617","0.00035","0","0","13.56","Humid","35.35","0","78.50","281707.72","SABD0002000014","AAV2.0.0.13","3.0.3.1703","PSt7-10","180509-002","9/13/2019 10:46:52 AM","0000-00","0","no battery","V"
"06/11/2023","11:06:32","9","default","547630319","OXY_CH9","10.575","min","139.466","μmol/L","Humid","25.413","deg","144393","µV","26.707","°C","1016.000","hPa","35.9","pmil","0","55.690","deg","20.000","°C","100.000","%a.s.","22.400","deg","20.000","°C","962.000","hPa","0.861","-0.02617","0.00035","0","0","13.56","Humid","35.35","0","78.50","281716.65","SABD0002000014","AAV2.0.0.13","3.0.3.1703","PSt7-10","180509-002","9/13/2019 10:46:52 AM","0000-00","0","no battery","V"
"06/11/2023","11:06:33","9","default","547630319","OXY_CH9","10.591","min","139.508","μmol/L","Humid","25.412","deg","144382","µV","26.701","°C","1017.000","hPa","35.9","pmil","0","55.690","deg","20.000","°C","100.000","%a.s.","22.400","deg","20.000","°C","962.000","hPa","0.861","-0.02617","0.00035","0","0","13.56","Humid","35.35","0","78.50","281707.09","SABD0002000014","AAV2.0.0.13","3.0.3.1703","PSt7-10","180509-002","9/13/2019 10:46:52 AM","0000-00","0","no battery","V"
"06/11/2023","11:06:34","9","default","547630319","OXY_CH9","10.608","min","139.517","μmol/L","Humid","25.409","deg","144368","µV","26.707","°C","1017.000","hPa","35.9","pmil","0","55.690","deg","20.000","°C","100.000","%a.s.","22.400","deg","20.000","°C","962.000","hPa","0.861","-0.02617","0.00035","0","0","13.56","Humid","35.35","0","78.50","281698.81","SABD0002000014","AAV2.0.0.13","3.0.3.1703","PSt7-10","180509-002","9/13/2019 10:46:52 AM","0000-00","0","no battery","V"
"06/11/2023","11:06:35","9","default","547630319","OXY_CH9","10.625","min","139.545","μmol/L","Humid","25.411","deg","144352","µV","26.695","°C","1017.000","hPa","35.9","pmil","0","55.690","deg","20.000","°C","100.000","%a.s.","22.400","deg","20.000","°C","962.000","hPa","0.861","-0.02617","0.00035","0","0","13.56","Humid","35.35","0","78.50","281701.49","SABD0002000014","AAV2.0.0.13","3.0.3.1703","PSt7-10","180509-002","9/13/2019 10:46:52 AM","0000-00","0","no battery","V"
"06/11/2023","11:06:36","9","default","547630319","OXY_CH9","10.641","min","139.562","μmol/L","Humid","25.405","deg","144337","µV","26.707","°C","1017.000","hPa","35.9","pmil","0","55.690","deg","20.000","°C","100.000","%a.s.","22.400","deg","20.000","°C","962.000","hPa","0.861","-0.02617","0.00035","0","0","13.56","Humid","35.35","0","78.50","281700.19","SABD0002000014","AAV2.0.0.13","3.0.3.1703","PSt7-10","180509-002","9/13/2019 10:46:52 AM","0000-00","0","no battery","V"
"06/11/2023","11:06:37","9","default","547630319","OXY_CH9","10.658","min","139.546","μmol/L","Humid","25.406","deg","144338","µV","26.707","°C","1016.000","hPa","35.9","pmil","0","55.690","deg","20.000","°C","100.000","%a.s.","22.400","deg","20.000","°C","962.000","hPa","0.861","-0.02617","0.00035","0","0","13.56","Humid","35.35","0","78.50","281712.51","SABD0002000014","AAV2.0.0.13","3.0.3.1703","PSt7-10","180509-002","9/13/2019 10:46:52 AM","0000-00","0","no battery","V"
"06/11/2023","11:06:38","9","default","547630319","OXY_CH9","10.674","min","139.571","μmol/L","Humid","25.406","deg","144313","µV","26.701","°C","1016.000","hPa","35.9","pmil","0","55.690","deg","20.000","°C","100.000","%a.s.","22.400","deg","20.000","°C","962.000","hPa","0.861","-0.02617","0.00035","0","0","13.56","Humid","35.35","0","78.50","281700.99","SABD0002000014","AAV2.0.0.13","3.0.3.1703","PSt7-10","180509-002","9/13/2019 10:46:52 AM","0000-00","0","no battery","V"
"06/11/2023","11:06:39","9","default","547630319","OXY_CH9","10.691","min","139.562","μmol/L","Humid","25.405","deg","144314","µV","26.707","°C","1017.000","hPa","35.9","pmil","0","55.690","deg","20.000","°C","100.000","%a.s.","22.400","deg","20.000","°C","962.000","hPa","0.861","-0.02617","0.00035","0","0","13.56","Humid","35.35","0","78.50","281702.69","SABD0002000014","AAV2.0.0.13","3.0.3.1703","PSt7-10","180509-002","9/13/2019 10:46:52 AM","0000-00","0","no battery","V"
"06/11/2023","11:06:40","9","default","547630319","OXY_CH9","10.708","min","139.607","μmol/L","Humid","25.401","deg","144308","µV","26.707","°C","1017.000","hPa","35.9","pmil","0","55.690","deg","20.000","°C","100.000","%a.s.","22.400","deg","20.000","°C","962.000","hPa","0.861","-0.02617","0.00035","0","0","13.56","Humid","35.35","0","78.50","281703.63","SABD0002000014","AAV2.0.0.13","3.0.3.1703","PSt7-10","180509-002","9/13/2019 10:46:52 AM","0000-00","0","no battery","V"
"06/11/2023","11:06:41","9","default","547630319","OXY_CH9","10.725","min","139.667","μmol/L","Humid","25.398","deg","144293","µV","26.701","°C","1017.000","hPa","35.9","pmil","0","55.690","deg","20.000","°C","100.000","%a.s.","22.400","deg","20.000","°C","962.000","hPa","0.861","-0.02617","0.00035","0","0","13.56","Humid","35.35","0","78.50","281700.33","SABD0002000014","AAV2.0.0.13","3.0.3.1703","PSt7-10","180509-002","9/13/2019 10:46:52 AM","0000-00","0","no battery","V"
"06/11/2023","11:06:42","9","default","547630319","OXY_CH9","10.742","min","139.630","μmol/L","Humid","25.399","deg","144279","µV","26.707","°C","1017.000","hPa","35.9","pmil","0","55.690","deg","20.000","°C","100.000","%a.s.","22.400","deg","20.000","°C","962.000","hPa","0.861","-0.02617","0.00035","0","0","13.56","Humid","35.35","0","78.50","281698.69","SABD0002000014","AAV2.0.0.13","3.0.3.1703","PSt7-10","180509-002","9/13/2019 10:46:52 AM","0000-00","0","no battery","V"
"06/11/2023","11:06:43","9","default","547630319","OXY_CH9","10.758","min","139.689","μmol/L","Humid","25.396","deg","144268","µV","26.701","°C","1017.000","hPa","35.9","pmil","0","55.690","deg","20.000","°C","100.000","%a.s.","22.400","deg","20.000","°C","962.000","hPa","0.861","-0.02617","0.00035","0","0","13.56","Humid","35.35","0","78.50","281700.29","SABD0002000014","AAV2.0.0.13","3.0.3.1703","PSt7-10","180509-002","9/13/2019 10:46:52 AM","0000-00","0","no battery","V"
"06/11/2023","11:06:44","9","default","547630319","OXY_CH9","10.775","min","139.721","μmol/L","Humid","25.391","deg","144261","µV","26.707","°C","1017.000","hPa","35.9","pmil","0","55.690","deg","20.000","°C","100.000","%a.s.","22.400","deg","20.000","°C","962.000","hPa","0.861","-0.02617","0.00035","0","0","13.56","Humid","35.35","0","78.50","281705.35","SABD0002000014","AAV2.0.0.13","3.0.3.1703","PSt7-10","180509-002","9/13/2019 10:46:52 AM","0000-00","0","no battery","V"
"06/11/2023","11:06:45","9","default","547630319","OXY_CH9","10.792","min","139.752","μmol/L","Humid","25.390","deg","144243","µV","26.701","°C","1016.000","hPa","35.9","pmil","0","55.690","deg","20.000","°C","100.000","%a.s.","22.400","deg","20.000","°C","962.000","hPa","0.861","-0.02617","0.00035","0","0","13.56","Humid","35.35","0","78.50","281697.87","SABD0002000014","AAV2.0.0.13","3.0.3.1703","PSt7-10","180509-002","9/13/2019 10:46:52 AM","0000-00","0","no battery","V"
"06/11/2023","11:06:46","9","default","547630319","OXY_CH9","10.808","min","139.794","μmol/L","Humid","25.389","deg","144236","µV","26.695","°C","1017.000","hPa","35.9","pmil","0","55.690","deg","20.000","°C","100.000","%a.s.","22.400","deg","20.000","°C","962.000","hPa","0.861","-0.02617","0.00035","0","0","13.56","Humid","35.35","0","78.50","281693.92","SABD0002000014","AAV2.0.0.13","3.0.3.1703","PSt7-10","180509-002","9/13/2019 10:46:52 AM","0000-00","0","no battery","V"
"06/11/2023","11:06:47","9","default","547630319","OXY_CH9","10.825","min","139.732","μmol/L","Humid","25.390","deg","144227","µV","26.707","°C","1017.000","hPa","35.9","pmil","0","55.690","deg","20.000","°C","100.000","%a.s.","22.400","deg","20.000","°C","962.000","hPa","0.861","-0.02617","0.00035","0","0","13.56","Humid","35.35","0","78.50","281700.64","SABD0002000014","AAV2.0.0.13","3.0.3.1703","PSt7-10","180509-002","9/13/2019 10:46:52 AM","0000-00","0","no battery","V"
"06/11/2023","11:06:48","9","default","547630319","OXY_CH9","10.842","min","139.803","μmol/L","Humid","25.386","deg","144214","µV","26.701","°C","1017.000","hPa","35.9","pmil","0","55.690","deg","20.000","°C","100.000","%a.s.","22.400","deg","20.000","°C","962.000","hPa","0.861","-0.02617","0.00035","0","0","13.56","Humid","35.35","0","78.50","281696.89","SABD0002000014","AAV2.0.0.13","3.0.3.1703","PSt7-10","180509-002","9/13/2019 10:46:52 AM","0000-00","0","no battery","V"
"06/11/2023","11:06:49","9","default","547630319","OXY_CH9","10.858","min","139.789","μmol/L","Humid","25.385","deg","144200","µV","26.707","°C","1017.000","hPa","35.9","pmil","0","55.690","deg","20.000","°C","100.000","%a.s.","22.400","deg","20.000","°C","962.000","hPa","0.861","-0.02617","0.00035","0","0","13.56","Humid","35.35","0","78.50","281690.33","SABD0002000014","AAV2.0.0.13","3.0.3.1703","PSt7-10","180509-002","9/13/2019 10:46:52 AM","0000-00","0","no battery","V"
"06/11/2023","11:06:50","9","default","547630319","OXY_CH9","10.875","min","139.807","μmol/L","Humid","25.383","deg","144197","µV","26.707","°C","1016.000","hPa","35.9","pmil","0","55.690","deg","20.000","°C","100.000","%a.s.","22.400","deg","20.000","°C","962.000","hPa","0.861","-0.02617","0.00035","0","0","13.56","Humid","35.35","0","78.50","281703.73","SABD0002000014","AAV2.0.0.13","3.0.3.1703","PSt7-10","180509-002","9/13/2019 10:46:52 AM","0000-00","0","no battery","V"
"06/11/2023","11:06:51","9","default","547630319","OXY_CH9","10.891","min","139.846","μmol/L","Humid","25.380","deg","144182","µV","26.707","°C","1017.000","hPa","35.9","pmil","0","55.690","deg","20.000","°C","100.000","%a.s.","22.400","deg","20.000","°C","962.000","hPa","0.861","-0.02617","0.00035","0","0","13.56","Humid","35.35","0","78.50","281694.69","SABD0002000014","AAV2.0.0.13","3.0.3.1703","PSt7-10","180509-002","9/13/2019 10:46:52 AM","0000-00","0","no battery","V"
"06/11/2023","11:06:52","9","default","547630319","OXY_CH9","10.909","min","139.863","μmol/L","Humid","25.378","deg","144171","µV","26.707","°C","1016.000","hPa","35.9","pmil","0","55.690","deg","20.000","°C","100.000","%a.s.","22.400","deg","20.000","°C","962.000","hPa","0.861","-0.02617","0.00035","0","0","13.56","Humid","35.35","0","78.50","281687.35","SABD0002000014","AAV2.0.0.13","3.0.3.1703","PSt7-10","180509-002","9/13/2019 10:46:52 AM","0000-00","0","no battery","V"
"06/11/2023","11:06:53","9","default","547630319","OXY_CH9","10.925","min","139.857","μmol/L","Humid","25.379","deg","144158","µV","26.707","°C","1017.000","hPa","35.9","pmil","0","55.690","deg","20.000","°C","100.000","%a.s.","22.400","deg","20.000","°C","962.000","hPa","0.861","-0.02617","0.00035","0","0","13.56","Humid","35.35","0","78.50","281695.05","SABD0002000014","AAV2.0.0.13","3.0.3.1703","PSt7-10","180509-002","9/13/2019 10:46:52 AM","0000-00","0","no battery","V"
"06/11/2023","11:06:54","9","default","547630319","OXY_CH9","10.941","min","139.894","μmol/L","Humid","25.378","deg","144155","µV","26.701","°C","1017.000","hPa","35.9","pmil","0","55.690","deg","20.000","°C","100.000","%a.s.","22.400","deg","20.000","°C","962.000","hPa","0.861","-0.02617","0.00035","0","0","13.56","Humid","35.35","0","78.50","281696.04","SABD0002000014","AAV2.0.0.13","3.0.3.1703","PSt7-10","180509-002","9/13/2019 10:46:52 AM","0000-00","0","no battery","V"
"06/11/2023","11:06:55","9","default","547630319","OXY_CH9","10.958","min","139.934","μmol/L","Humid","25.374","deg","144137","µV","26.701","°C","1016.000","hPa","35.9","pmil","0","55.690","deg","20.000","°C","100.000","%a.s.","22.400","deg","20.000","°C","962.000","hPa","0.861","-0.02617","0.00035","0","0","13.56","Humid","35.35","0","78.50","281688.76","SABD0002000014","AAV2.0.0.13","3.0.3.1703","PSt7-10","180509-002","9/13/2019 10:46:52 AM","0000-00","0","no battery","V"
"06/11/2023","11:06:56","9","default","547630319","OXY_CH9","10.975","min","139.934","μmol/L","Humid","25.374","deg","144133","µV","26.701","°C","1016.000","hPa","35.9","pmil","0","55.690","deg","20.000","°C","100.000","%a.s.","22.400","deg","20.000","°C","962.000","hPa","0.861","-0.02617","0.00035","0","0","13.56","Humid","35.35","0","78.50","281688.53","SABD0002000014","AAV2.0.0.13","3.0.3.1703","PSt7-10","180509-002","9/13/2019 10:46:52 AM","0000-00","0","no battery","V"
"06/11/2023","11:06:57","9","default","547630319","OXY_CH9","10.991","min","139.948","μmol/L","Humid","25.371","deg","144126","µV","26.707","°C","1017.000","hPa","35.9","pmil","0","55.690","deg","20.000","°C","100.000","%a.s.","22.400","deg","20.000","°C","962.000","hPa","0.861","-0.02617","0.00035","0","0","13.56","Humid","35.35","0","78.50","281684.44","SABD0002000014","AAV2.0.0.13","3.0.3.1703","PSt7-10","180509-002","9/13/2019 10:46:52 AM","0000-00","0","no battery","V"
"06/11/2023","11:06:58","9","default","547630319","OXY_CH9","11.008","min","139.982","μmol/L","Humid","25.368","deg","144112","µV","26.707","°C","1017.000","hPa","35.9","pmil","0","55.690","deg","20.000","°C","100.000","%a.s.","22.400","deg","20.000","°C","962.000","hPa","0.861","-0.02617","0.00035","0","0","13.56","Humid","35.35","0","78.50","281675.58","SABD0002000014","AAV2.0.0.13","3.0.3.1703","PSt7-10","180509-002","9/13/2019 10:46:52 AM","0000-00","0","no battery","V"
"06/11/2023","11:06:59","9","default","547630319","OXY_CH9","11.025","min","140.007","μmol/L","Humid","25.368","deg","144103","µV","26.701","°C","1017.000","hPa","35.9","pmil","0","55.690","deg","20.000","°C","100.000","%a.s.","22.400","deg","20.000","°C","962.000","hPa","0.861","-0.02617","0.00035","0","0","13.56","Humid","35.35","0","78.50","281681.51","SABD0002000014","AAV2.0.0.13","3.0.3.1703","PSt7-10","180509-002","9/13/2019 10:46:52 AM","0000-00","0","no battery","V"
"06/11/2023","11:07:00","9","default","547630319","OXY_CH9","11.041","min","139.988","μmol/L","Humid","25.367","deg","144075","µV","26.707","°C","1016.000","hPa","35.9","pmil","0","55.690","deg","20.000","°C","100.000","%a.s.","22.400","deg","20.000","°C","962.000","hPa","0.861","-0.02617","0.00035","0","0","13.56","Humid","35.35","0","78.50","281664.94","SABD0002000014","AAV2.0.0.13","3.0.3.1703","PSt7-10","180509-002","9/13/2019 10:46:52 AM","0000-00","0","no battery","V"
"06/11/2023","11:07:01","9","default","547630319","OXY_CH9","11.058","min","140.005","μmol/L","Humid","25.366","deg","144078","µV","26.707","°C","1017.000","hPa","35.9","pmil","0","55.690","deg","20.000","°C","100.000","%a.s.","22.400","deg","20.000","°C","962.000","hPa","0.861","-0.02617","0.00035","0","0","13.56","Humid","35.35","0","78.50","281676.50","SABD0002000014","AAV2.0.0.13","3.0.3.1703","PSt7-10","180509-002","9/13/2019 10:46:52 AM","0000-00","0","no battery","V"
"06/11/2023","11:07:02","9","default","547630319","OXY_CH9","11.075","min","140.016","μmol/L","Humid","25.365","deg","144059","µV","26.707","°C","1017.000","hPa","35.9","pmil","0","55.690","deg","20.000","°C","100.000","%a.s.","22.400","deg","20.000","°C","962.000","hPa","0.861","-0.02617","0.00035","0","0","13.56","Humid","35.35","0","78.50","281669.00","SABD0002000014","AAV2.0.0.13","3.0.3.1703","PSt7-10","180509-002","9/13/2019 10:46:52 AM","0000-00","0","no battery","V"
"06/11/2023","11:07:03","9","default","547630319","OXY_CH9","11.092","min","140.050","μmol/L","Humid","25.362","deg","144052","µV","26.707","°C","1017.000","hPa","35.9","pmil","0","55.690","deg","20.000","°C","100.000","%a.s.","22.400","deg","20.000","°C","962.000","hPa","0.861","-0.02617","0.00035","0","0","13.56","Humid","35.35","0","78.50","281674.20","SABD0002000014","AAV2.0.0.13","3.0.3.1703","PSt7-10","180509-002","9/13/2019 10:46:52 AM","0000-00","0","no battery","V"
"06/11/2023","11:07:04","9","default","547630319","OXY_CH9","11.108","min","140.064","μmol/L","Humid","25.363","deg","144049","µV","26.701","°C","1017.000","hPa","35.9","pmil","0","55.690","deg","20.000","°C","100.000","%a.s.","22.400","deg","20.000","°C","962.000","hPa","0.861","-0.02617","0.00035","0","0","13.56","Humid","35.35","0","78.50","281681.43","SABD0002000014","AAV2.0.0.13","3.0.3.1703","PSt7-10","180509-002","9/13/2019 10:46:52 AM","0000-00","0","no battery","V"
"06/11/2023","11:07:05","9","default","547630319","OXY_CH9","11.124","min","140.093","μmol/L","Humid","25.360","deg","144030","µV","26.701","°C","1016.000","hPa","35.9","pmil","0","55.690","deg","20.000","°C","100.000","%a.s.","22.400","deg","20.000","°C","962.000","hPa","0.861","-0.02617","0.00035","0","0","13.56","Humid","35.35","0","78.50","281673.04","SABD0002000014","AAV2.0.0.13","3.0.3.1703","PSt7-10","180509-002","9/13/2019 10:46:52 AM","0000-00","0","no battery","V"
"06/11/2023","11:07:06","9","default","547630319","OXY_CH9","11.141","min","140.110","μmol/L","Humid","25.359","deg","144019","µV","26.701","°C","1017.000","hPa","35.9","pmil","0","55.690","deg","20.000","°C","100.000","%a.s.","22.400","deg","20.000","°C","962.000","hPa","0.861","-0.02617","0.00035","0","0","13.56","Humid","35.35","0","78.50","281670.80","SABD0002000014","AAV2.0.0.13","3.0.3.1703","PSt7-10","180509-002","9/13/2019 10:46:52 AM","0000-00","0","no battery","V"
"06/11/2023","11:07:07","9","default","547630319","OXY_CH9","11.158","min","140.107","μmol/L","Humid","25.357","deg","144012","µV","26.707","°C","1017.000","hPa","35.9","pmil","0","55.690","deg","20.000","°C","100.000","%a.s.","22.400","deg","20.000","°C","962.000","hPa","0.861","-0.02617","0.00035","0","0","13.56","Humid","35.35","0","78.50","281666.42","SABD0002000014","AAV2.0.0.13","3.0.3.1703","PSt7-10","180509-002","9/13/2019 10:46:52 AM","0000-00","0","no battery","V"
"06/11/2023","11:07:08","9","default","547630319","OXY_CH9","11.174","min","140.181","μmol/L","Humid","25.355","deg","144002","µV","26.695","°C","1017.000","hPa","35.9","pmil","0","55.690","deg","20.000","°C","100.000","%a.s.","22.400","deg","20.000","°C","962.000","hPa","0.861","-0.02617","0.00035","0","0","13.56","Humid","35.35","0","78.50","281675.31","SABD0002000014","AAV2.0.0.13","3.0.3.1703","PSt7-10","180509-002","9/13/2019 10:46:52 AM","0000-00","0","no battery","V"
"06/11/2023","11:07:09","9","default","547630319","OXY_CH9","11.191","min","140.164","μmol/L","Humid","25.352","deg","143976","µV","26.707","°C","1017.000","hPa","35.9","pmil","0","55.690","deg","20.000","°C","100.000","%a.s.","22.400","deg","20.000","°C","962.000","hPa","0.861","-0.02617","0.00035","0","0","13.56","Humid","35.35","0","78.50","281662.24","SABD0002000014","AAV2.0.0.13","3.0.3.1703","PSt7-10","180509-002","9/13/2019 10:46:52 AM","0000-00","0","no battery","V"
"06/11/2023","11:07:10","9","default","547630319","OXY_CH9","11.208","min","140.164","μmol/L","Humid","25.352","deg","143981","µV","26.707","°C","1017.000","hPa","35.9","pmil","0","55.690","deg","20.000","°C","100.000","%a.s.","22.400","deg","20.000","°C","962.000","hPa","0.861","-0.02617","0.00035","0","0","13.56","Humid","35.35","0","78.50","281675.46","SABD0002000014","AAV2.0.0.13","3.0.3.1703","PSt7-10","180509-002","9/13/2019 10:46:52 AM","0000-00","0","no battery","V"
"06/11/2023","11:07:11","9","default","547630319","OXY_CH9","11.225","min","140.182","μmol/L","Humid","25.350","deg","143962","µV","26.707","°C","1016.000","hPa","35.9","pmil","0","55.690","deg","20.000","°C","100.000","%a.s.","22.400","deg","20.000","°C","962.000","hPa","0.861","-0.02617","0.00035","0","0","13.56","Humid","35.35","0","78.50","281665.08","SABD0002000014","AAV2.0.0.13","3.0.3.1703","PSt7-10","180509-002","9/13/2019 10:46:52 AM","0000-00","0","no battery","V"
"06/11/2023","11:07:12","9","default","547630319","OXY_CH9","11.242","min","140.209","μmol/L","Humid","25.348","deg","143955","µV","26.707","°C","1017.000","hPa","35.9","pmil","0","55.690","deg","20.000","°C","100.000","%a.s.","22.400","deg","20.000","°C","962.000","hPa","0.861","-0.02617","0.00035","0","0","13.56","Humid","35.35","0","78.50","281673.78","SABD0002000014","AAV2.0.0.13","3.0.3.1703","PSt7-10","180509-002","9/13/2019 10:46:52 AM","0000-00","0","no battery","V"
"06/11/2023","11:07:13","9","default","547630319","OXY_CH9","11.258","min","140.219","μmol/L","Humid","25.349","deg","143946","µV","26.701","°C","1016.000","hPa","35.9","pmil","0","55.690","deg","20.000","°C","100.000","%a.s.","22.400","deg","20.000","°C","962.000","hPa","0.861","-0.02617","0.00035","0","0","13.56","Humid","35.35","0","78.50","281657.17","SABD0002000014","AAV2.0.0.13","3.0.3.1703","PSt7-10","180509-002","9/13/2019 10:46:52 AM","0000-00","0","no battery","V"
"06/11/2023","11:07:14","9","default","547630319","OXY_CH9","11.275","min","140.250","μmol/L","Humid","25.344","deg","143928","µV","26.707","°C","1016.000","hPa","35.9","pmil","0","55.690","deg","20.000","°C","100.000","%a.s.","22.400","deg","20.000","°C","962.000","hPa","0.861","-0.02617","0.00035","0","0","13.56","Humid","35.35","0","78.50","281670.50","SABD0002000014","AAV2.0.0.13","3.0.3.1703","PSt7-10","180509-002","9/13/2019 10:46:52 AM","0000-00","0","no battery","V"
"06/11/2023","11:07:15","9","default","547630319","OXY_CH9","11.291","min","140.310","μmol/L","Humid","25.341","deg","143922","µV","26.701","°C","1016.000","hPa","35.9","pmil","0","55.690","deg","20.000","°C","100.000","%a.s.","22.400","deg","20.000","°C","962.000","hPa","0.861","-0.02617","0.00035","0","0","13.56","Humid","35.35","0","78.50","281671.86","SABD0002000014","AAV2.0.0.13","3.0.3.1703","PSt7-10","180509-002","9/13/2019 10:46:52 AM","0000-00","0","no battery","V"
"06/11/2023","11:07:16","9","default","547630319","OXY_CH9","11.308","min","140.281","μmol/L","Humid","25.344","deg","143909","µV","26.701","°C","1017.000","hPa","35.9","pmil","0","55.690","deg","20.000","°C","100.000","%a.s.","22.400","deg","20.000","°C","962.000","hPa","0.861","-0.02617","0.00035","0","0","13.56","Humid","35.35","0","78.50","281670.64","SABD0002000014","AAV2.0.0.13","3.0.3.1703","PSt7-10","180509-002","9/13/2019 10:46:52 AM","0000-00","0","no battery","V"
"06/11/2023","11:07:17","9","default","547630319","OXY_CH9","11.325","min","140.338","μmol/L","Humid","25.339","deg","143898","µV","26.701","°C","1017.000","hPa","35.9","pmil","0","55.690","deg","20.000","°C","100.000","%a.s.","22.400","deg","20.000","°C","962.000","hPa","0.861","-0.02617","0.00035","0","0","13.56","Humid","35.35","0","78.50","281662.40","SABD0002000014","AAV2.0.0.13","3.0.3.1703","PSt7-10","180509-002","9/13/2019 10:46:52 AM","0000-00","0","no battery","V"
"06/11/2023","11:07:18","9","default","547630319","OXY_CH9","11.342","min","140.333","μmol/L","Humid","25.339","deg","143894","µV","26.701","°C","1016.000","hPa","35.9","pmil","0","55.690","deg","20.000","°C","100.000","%a.s.","22.400","deg","20.000","°C","962.000","hPa","0.861","-0.02617","0.00035","0","0","13.56","Humid","35.35","0","78.50","281656.38","SABD0002000014","AAV2.0.0.13","3.0.3.1703","PSt7-10","180509-002","9/13/2019 10:46:52 AM","0000-00","0","no battery","V"
"06/11/2023","11:07:19","9","default","547630319","OXY_CH9","11.358","min","140.335","μmol/L","Humid","25.337","deg","143879","µV","26.707","°C","1017.000","hPa","35.9","pmil","0","55.690","deg","20.000","°C","100.000","%a.s.","22.400","deg","20.000","°C","962.000","hPa","0.861","-0.02617","0.00035","0","0","13.56","Humid","35.35","0","78.50","281657.23","SABD0002000014","AAV2.0.0.13","3.0.3.1703","PSt7-10","180509-002","9/13/2019 10:46:52 AM","0000-00","0","no battery","V"
"06/11/2023","11:07:20","9","default","547630319","OXY_CH9","11.375","min","140.409","μmol/L","Humid","25.335","deg","143867","µV","26.695","°C","1017.000","hPa","35.9","pmil","0","55.690","deg","20.000","°C","100.000","%a.s.","22.400","deg","20.000","°C","962.000","hPa","0.861","-0.02617","0.00035","0","0","13.56","Humid","35.35","0","78.50","281665.75","SABD0002000014","AAV2.0.0.13","3.0.3.1703","PSt7-10","180509-002","9/13/2019 10:46:52 AM","0000-00","0","no battery","V"
"06/11/2023","11:07:21","9","default","547630319","OXY_CH9","11.391","min","140.330","μmol/L","Humid","25.337","deg","143856","µV","26.707","°C","1016.000","hPa","35.9","pmil","0","55.690","deg","20.000","°C","100.000","%a.s.","22.400","deg","20.000","°C","962.000","hPa","0.861","-0.02617","0.00035","0","0","13.56","Humid","35.35","0","78.50","281660.97","SABD0002000014","AAV2.0.0.13","3.0.3.1703","PSt7-10","180509-002","9/13/2019 10:46:52 AM","0000-00","0","no battery","V"
"06/11/2023","11:07:22","9","default","547630319","OXY_CH9","11.408","min","140.401","μmol/L","Humid","25.333","deg","143859","µV","26.701","°C","1016.000","hPa","35.9","pmil","0","55.690","deg","20.000","°C","100.000","%a.s.","22.400","deg","20.000","°C","962.000","hPa","0.861","-0.02617","0.00035","0","0","13.56","Humid","35.35","0","78.50","281658.25","SABD0002000014","AAV2.0.0.13","3.0.3.1703","PSt7-10","180509-002","9/13/2019 10:46:52 AM","0000-00","0","no battery","V"
"06/11/2023","11:07:23","9","default","547630319","OXY_CH9","11.424","min","140.395","μmol/L","Humid","25.334","deg","143839","µV","26.701","°C","1017.000","hPa","35.9","pmil","0","55.690","deg","20.000","°C","100.000","%a.s.","22.400","deg","20.000","°C","962.000","hPa","0.861","-0.02617","0.00035","0","0","13.56","Humid","35.35","0","78.50","281651.55","SABD0002000014","AAV2.0.0.13","3.0.3.1703","PSt7-10","180509-002","9/13/2019 10:46:52 AM","0000-00","0","no battery","V"
"06/11/2023","11:07:24","9","default","547630319","OXY_CH9","11.441","min","140.403","μmol/L","Humid","25.331","deg","143824","µV","26.707","°C","1017.000","hPa","35.9","pmil","0","55.690","deg","20.000","°C","100.000","%a.s.","22.400","deg","20.000","°C","962.000","hPa","0.861","-0.02617","0.00035","0","0","13.56","Humid","35.35","0","78.50","281649.00","SABD0002000014","AAV2.0.0.13","3.0.3.1703","PSt7-10","180509-002","9/13/2019 10:46:52 AM","0000-00","0","no battery","V"
"06/11/2023","11:07:25","9","default","547630319","OXY_CH9","11.458","min","140.463","μmol/L","Humid","25.328","deg","143831","µV","26.701","°C","1017.000","hPa","35.9","pmil","0","55.690","deg","20.000","°C","100.000","%a.s.","22.400","deg","20.000","°C","962.000","hPa","0.861","-0.02617","0.00035","0","0","13.56","Humid","35.35","0","78.50","281655.96","SABD0002000014","AAV2.0.0.13","3.0.3.1703","PSt7-10","180509-002","9/13/2019 10:46:52 AM","0000-00","0","no battery","V"
"06/11/2023","11:07:26","9","default","547630319","OXY_CH9","11.475","min","140.463","μmol/L","Humid","25.328","deg","143806","µV","26.701","°C","1017.000","hPa","35.9","pmil","0","55.690","deg","20.000","°C","100.000","%a.s.","22.400","deg","20.000","°C","962.000","hPa","0.861","-0.02617","0.00035","0","0","13.56","Humid","35.35","0","78.50","281664.54","SABD0002000014","AAV2.0.0.13","3.0.3.1703","PSt7-10","180509-002","9/13/2019 10:46:52 AM","0000-00","0","no battery","V"
"06/11/2023","11:07:27","9","default","547630319","OXY_CH9","11.492","min","140.474","μmol/L","Humid","25.327","deg","143805","µV","26.701","°C","1017.000","hPa","35.9","pmil","0","55.690","deg","20.000","°C","100.000","%a.s.","22.400","deg","20.000","°C","962.000","hPa","0.861","-0.02617","0.00035","0","0","13.56","Humid","35.35","0","78.50","281660.37","SABD0002000014","AAV2.0.0.13","3.0.3.1703","PSt7-10","180509-002","9/13/2019 10:46:52 AM","0000-00","0","no battery","V"
"06/11/2023","11:07:28","9","default","547630319","OXY_CH9","11.508","min","140.500","μmol/L","Humid","25.327","deg","143784","µV","26.695","°C","1017.000","hPa","35.9","pmil","0","55.690","deg","20.000","°C","100.000","%a.s.","22.400","deg","20.000","°C","962.000","hPa","0.861","-0.02617","0.00035","0","0","13.56","Humid","35.35","0","78.50","281649.73","SABD0002000014","AAV2.0.0.13","3.0.3.1703","PSt7-10","180509-002","9/13/2019 10:46:52 AM","0000-00","0","no battery","V"
"06/11/2023","11:07:29","9","default","547630319","OXY_CH9","11.525","min","140.529","μmol/L","Humid","25.320","deg","143782","µV","26.707","°C","1017.000","hPa","35.9","pmil","0","55.690","deg","20.000","°C","100.000","%a.s.","22.400","deg","20.000","°C","962.000","hPa","0.861","-0.02617","0.00035","0","0","13.56","Humid","35.35","0","78.50","281659.48","SABD0002000014","AAV2.0.0.13","3.0.3.1703","PSt7-10","180509-002","9/13/2019 10:46:52 AM","0000-00","0","no battery","V"
"06/11/2023","11:07:30","9","default","547630319","OXY_CH9","11.542","min","140.532","μmol/L","Humid","25.322","deg","143776","µV","26.701","°C","1017.000","hPa","35.9","pmil","0","55.690","deg","20.000","°C","100.000","%a.s.","22.400","deg","20.000","°C","962.000","hPa","0.861","-0.02617","0.00035","0","0","13.56","Humid","35.35","0","78.50","281650.63","SABD0002000014","AAV2.0.0.13","3.0.3.1703","PSt7-10","180509-002","9/13/2019 10:46:52 AM","0000-00","0","no battery","V"
"06/11/2023","11:07:31","9","default","547630319","OXY_CH9","11.558","min","140.569","μmol/L","Humid","25.321","deg","143758","µV","26.695","°C","1017.000","hPa","35.9","pmil","0","55.690","deg","20.000","°C","100.000","%a.s.","22.400","deg","20.000","°C","962.000","hPa","0.861","-0.02617","0.00035","0","0","13.56","Humid","35.35","0","78.50","281655.38","SABD0002000014","AAV2.0.0.13","3.0.3.1703","PSt7-10","180509-002","9/13/2019 10:46:52 AM","0000-00","0","no battery","V"
"06/11/2023","11:07:32","9","default","547630319","OXY_CH9","11.575","min","140.554","μmol/L","Humid","25.320","deg","143749","µV","26.701","°C","1017.000","hPa","35.9","pmil","0","55.690","deg","20.000","°C","100.000","%a.s.","22.400","deg","20.000","°C","962.000","hPa","0.861","-0.02617","0.00035","0","0","13.56","Humid","35.35","0","78.50","281659.71","SABD0002000014","AAV2.0.0.13","3.0.3.1703","PSt7-10","180509-002","9/13/2019 10:46:52 AM","0000-00","0","no battery","V"
"06/11/2023","11:07:33","9","default","547630319","OXY_CH9","11.592","min","140.517","μmol/L","Humid","25.321","deg","143745","µV","26.707","°C","1017.000","hPa","35.9","pmil","0","55.690","deg","20.000","°C","100.000","%a.s.","22.400","deg","20.000","°C","962.000","hPa","0.861","-0.02617","0.00035","0","0","13.56","Humid","35.35","0","78.50","281659.33","SABD0002000014","AAV2.0.0.13","3.0.3.1703","PSt7-10","180509-002","9/13/2019 10:46:52 AM","0000-00","0","no battery","V"
"06/11/2023","11:07:34","9","default","547630319","OXY_CH9","11.608","min","140.566","μmol/L","Humid","25.319","deg","143735","µV","26.701","°C","1017.000","hPa","35.9","pmil","0","55.690","deg","20.000","°C","100.000","%a.s.","22.400","deg","20.000","°C","962.000","hPa","0.861","-0.02617","0.00035","0","0","13.56","Humid","35.35","0","78.50","281649.87","SABD0002000014","AAV2.0.0.13","3.0.3.1703","PSt7-10","180509-002","9/13/2019 10:46:52 AM","0000-00","0","no battery","V"
"06/11/2023","11:07:35","9","default","547630319","OXY_CH9","11.625","min","140.595","μmol/L","Humid","25.316","deg","143722","µV","26.701","°C","1016.000","hPa","35.9","pmil","0","55.690","deg","20.000","°C","100.000","%a.s.","22.400","deg","20.000","°C","962.000","hPa","0.861","-0.02617","0.00035","0","0","13.56","Humid","35.35","0","78.50","281651.62","SABD0002000014","AAV2.0.0.13","3.0.3.1703","PSt7-10","180509-002","9/13/2019 10:46:52 AM","0000-00","0","no battery","V"
"06/11/2023","11:07:36","9","default","547630319","OXY_CH9","11.642","min","140.641","μmol/L","Humid","25.312","deg","143729","µV","26.701","°C","1016.000","hPa","35.9","pmil","0","55.690","deg","20.000","°C","100.000","%a.s.","22.400","deg","20.000","°C","962.000","hPa","0.861","-0.02617","0.00035","0","0","13.56","Humid","35.35","0","78.50","281664.32","SABD0002000014","AAV2.0.0.13","3.0.3.1703","PSt7-10","180509-002","9/13/2019 10:46:52 AM","0000-00","0","no battery","V"
"06/11/2023","11:07:37","9","default","547630319","OXY_CH9","11.658","min","140.629","μmol/L","Humid","25.313","deg","143708","µV","26.701","°C","1016.000","hPa","35.9","pmil","0","55.690","deg","20.000","°C","100.000","%a.s.","22.400","deg","20.000","°C","962.000","hPa","0.861","-0.02617","0.00035","0","0","13.56","Humid","35.35","0","78.50","281644.38","SABD0002000014","AAV2.0.0.13","3.0.3.1703","PSt7-10","180509-002","9/13/2019 10:46:52 AM","0000-00","0","no battery","V"
"06/11/2023","11:07:38","9","default","547630319","OXY_CH9","11.675","min","140.641","μmol/L","Humid","25.312","deg","143695","µV","26.701","°C","1016.000","hPa","35.9","pmil","0","55.690","deg","20.000","°C","100.000","%a.s.","22.400","deg","20.000","°C","962.000","hPa","0.861","-0.02617","0.00035","0","0","13.56","Humid","35.35","0","78.50","281658.08","SABD0002000014","AAV2.0.0.13","3.0.3.1703","PSt7-10","180509-002","9/13/2019 10:46:52 AM","0000-00","0","no battery","V"
"06/11/2023","11:07:39","9","default","547630319","OXY_CH9","11.691","min","140.694","μmol/L","Humid","25.310","deg","143688","µV","26.695","°C","1017.000","hPa","35.9","pmil","0","55.690","deg","20.000","°C","100.000","%a.s.","22.400","deg","20.000","°C","962.000","hPa","0.861","-0.02617","0.00035","0","0","13.56","Humid","35.35","0","78.50","281655.79","SABD0002000014","AAV2.0.0.13","3.0.3.1703","PSt7-10","180509-002","9/13/2019 10:46:52 AM","0000-00","0","no battery","V"
"06/11/2023","11:07:40","9","default","547630319","OXY_CH9","11.708","min","140.701","μmol/L","Humid","25.309","deg","143669","µV","26.695","°C","1016.000","hPa","35.9","pmil","0","55.690","deg","20.000","°C","100.000","%a.s.","22.400","deg","20.000","°C","962.000","hPa","0.861","-0.02617","0.00035","0","0","13.56","Humid","35.35","0","78.50","281649.78","SABD0002000014","AAV2.0.0.13","3.0.3.1703","PSt7-10","180509-002","9/13/2019 10:46:52 AM","0000-00","0","no battery","V"
"06/11/2023","11:07:41","9","default","547630319","OXY_CH9","11.725","min","140.672","μmol/L","Humid","25.307","deg","143664","µV","26.707","°C","1016.000","hPa","35.9","pmil","0","55.690","deg","20.000","°C","100.000","%a.s.","22.400","deg","20.000","°C","962.000","hPa","0.861","-0.02617","0.00035","0","0","13.56","Humid","35.35","0","78.50","281644.13","SABD0002000014","AAV2.0.0.13","3.0.3.1703","PSt7-10","180509-002","9/13/2019 10:46:52 AM","0000-00","0","no battery","V"
"06/11/2023","11:07:42","9","default","547630319","OXY_CH9","11.741","min","140.714","μmol/L","Humid","25.306","deg","143644","µV","26.701","°C","1017.000","hPa","35.9","pmil","0","55.690","deg","20.000","°C","100.000","%a.s.","22.400","deg","20.000","°C","962.000","hPa","0.861","-0.02617","0.00035","0","0","13.56","Humid","35.35","0","78.50","281635.65","SABD0002000014","AAV2.0.0.13","3.0.3.1703","PSt7-10","180509-002","9/13/2019 10:46:52 AM","0000-00","0","no battery","V"
"06/11/2023","11:07:43","9","default","547630319","OXY_CH9","11.758","min","140.760","μmol/L","Humid","25.302","deg","143636","µV","26.701","°C","1017.000","hPa","35.9","pmil","0","55.690","deg","20.000","°C","100.000","%a.s.","22.400","deg","20.000","°C","962.000","hPa","0.861","-0.02617","0.00035","0","0","13.56","Humid","35.35","0","78.50","281641.83","SABD0002000014","AAV2.0.0.13","3.0.3.1703","PSt7-10","180509-002","9/13/2019 10:46:52 AM","0000-00","0","no battery","V"
"06/11/2023","11:07:44","9","default","547630319","OXY_CH9","11.775","min","140.804","μmol/L","Humid","25.300","deg","143627","µV","26.695","°C","1016.000","hPa","35.9","pmil","0","55.690","deg","20.000","°C","100.000","%a.s.","22.400","deg","20.000","°C","962.000","hPa","0.861","-0.02617","0.00035","0","0","13.56","Humid","35.35","0","78.50","281638.00","SABD0002000014","AAV2.0.0.13","3.0.3.1703","PSt7-10","180509-002","9/13/2019 10:46:52 AM","0000-00","0","no battery","V"
"06/11/2023","11:07:45","9","default","547630319","OXY_CH9","11.791","min","140.790","μmol/L","Humid","25.299","deg","143616","µV","26.701","°C","1016.000","hPa","35.9","pmil","0","55.690","deg","20.000","°C","100.000","%a.s.","22.400","deg","20.000","°C","962.000","hPa","0.861","-0.02617","0.00035","0","0","13.56","Humid","35.35","0","78.50","281647.27","SABD0002000014","AAV2.0.0.13","3.0.3.1703","PSt7-10","180509-002","9/13/2019 10:46:52 AM","0000-00","0","no battery","V"
"06/11/2023","11:07:46","9","default","547630319","OXY_CH9","11.808","min","140.817","μmol/L","Humid","25.297","deg","143610","µV","26.701","°C","1017.000","hPa","35.9","pmil","0","55.690","deg","20.000","°C","100.000","%a.s.","22.400","deg","20.000","°C","962.000","hPa","0.861","-0.02617","0.00035","0","0","13.56","Humid","35.35","0","78.50","281649.40","SABD0002000014","AAV2.0.0.13","3.0.3.1703","PSt7-10","180509-002","9/13/2019 10:46:52 AM","0000-00","0","no battery","V"
"06/11/2023","11:07:47","9","default","547630319","OXY_CH9","11.825","min","140.792","μmol/L","Humid","25.297","deg","143595","µV","26.707","°C","1017.000","hPa","35.9","pmil","0","55.690","deg","20.000","°C","100.000","%a.s.","22.400","deg","20.000","°C","962.000","hPa","0.861","-0.02617","0.00035","0","0","13.56","Humid","35.35","0","78.50","281638.35","SABD0002000014","AAV2.0.0.13","3.0.3.1703","PSt7-10","180509-002","9/13/2019 10:46:52 AM","0000-00","0","no battery","V"
"06/11/2023","11:07:48","9","default","547630319","OXY_CH9","11.841","min","140.840","μmol/L","Humid","25.295","deg","143578","µV","26.701","°C","1017.000","hPa","35.9","pmil","0","55.690","deg","20.000","°C","100.000","%a.s.","22.400","deg","20.000","°C","962.000","hPa","0.861","-0.02617","0.00035","0","0","13.56","Humid","35.35","0","78.50","281632.06","SABD0002000014","AAV2.0.0.13","3.0.3.1703","PSt7-10","180509-002","9/13/2019 10:46:52 AM","0000-00","0","no battery","V"
"06/11/2023","11:07:49","9","default","547630319","OXY_CH9","11.858","min","140.870","μmol/L","Humid","25.292","deg","143576","µV","26.701","°C","1016.000","hPa","35.9","pmil","0","55.690","deg","20.000","°C","100.000","%a.s.","22.400","deg","20.000","°C","962.000","hPa","0.861","-0.02617","0.00035","0","0","13.56","Humid","35.35","0","78.50","281640.59","SABD0002000014","AAV2.0.0.13","3.0.3.1703","PSt7-10","180509-002","9/13/2019 10:46:52 AM","0000-00","0","no battery","V"
"06/11/2023","11:07:50","9","default","547630319","OXY_CH9","11.874","min","140.918","μmol/L","Humid","25.290","deg","143558","µV","26.695","°C","1016.000","hPa","35.9","pmil","0","55.690","deg","20.000","°C","100.000","%a.s.","22.400","deg","20.000","°C","962.000","hPa","0.861","-0.02617","0.00035","0","0","13.56","Humid","35.35","0","78.50","281634.09","SABD0002000014","AAV2.0.0.13","3.0.3.1703","PSt7-10","180509-002","9/13/2019 10:46:52 AM","0000-00","0","no battery","V"
"06/11/2023","11:07:51","9","default","547630319","OXY_CH9","11.891","min","140.844","μmol/L","Humid","25.292","deg","143554","µV","26.707","°C","1016.000","hPa","35.9","pmil","0","55.690","deg","20.000","°C","100.000","%a.s.","22.400","deg","20.000","°C","962.000","hPa","0.861","-0.02617","0.00035","0","0","13.56","Humid","35.35","0","78.50","281632.29","SABD0002000014","AAV2.0.0.13","3.0.3.1703","PSt7-10","180509-002","9/13/2019 10:46:52 AM","0000-00","0","no battery","V"
"06/11/2023","11:07:52","9","default","547630319","OXY_CH9","11.908","min","140.886","μmol/L","Humid","25.291","deg","143541","µV","26.701","°C","1017.000","hPa","35.9","pmil","0","55.690","deg","20.000","°C","100.000","%a.s.","22.400","deg","20.000","°C","962.000","hPa","0.861","-0.02617","0.00035","0","0","13.56","Humid","35.35","0","78.50","281634.41","SABD0002000014","AAV2.0.0.13","3.0.3.1703","PSt7-10","180509-002","9/13/2019 10:46:52 AM","0000-00","0","no battery","V"
"06/11/2023","11:07:53","9","default","547630319","OXY_CH9","11.925","min","140.955","μmol/L","Humid","25.285","deg","143532","µV","26.701","°C","1017.000","hPa","35.9","pmil","0","55.690","deg","20.000","°C","100.000","%a.s.","22.400","deg","20.000","°C","962.000","hPa","0.861","-0.02617","0.00035","0","0","13.56","Humid","35.35","0","78.50","281625.66","SABD0002000014","AAV2.0.0.13","3.0.3.1703","PSt7-10","180509-002","9/13/2019 10:46:52 AM","0000-00","0","no battery","V"
"06/11/2023","11:07:54","9","default","547630319","OXY_CH9","11.941","min","140.969","μmol/L","Humid","25.286","deg","143522","µV","26.695","°C","1017.000","hPa","35.9","pmil","0","55.690","deg","20.000","°C","100.000","%a.s.","22.400","deg","20.000","°C","962.000","hPa","0.861","-0.02617","0.00035","0","0","13.56","Humid","35.35","0","78.50","281616.89","SABD0002000014","AAV2.0.0.13","3.0.3.1703","PSt7-10","180509-002","9/13/2019 10:46:52 AM","0000-00","0","no battery","V"
"06/11/2023","11:07:55","9","default","547630319","OXY_CH9","11.958","min","140.950","μmol/L","Humid","25.285","deg","143518","µV","26.701","°C","1016.000","hPa","35.9","pmil","0","55.690","deg","20.000","°C","100.000","%a.s.","22.400","deg","20.000","°C","962.000","hPa","0.861","-0.02617","0.00035","0","0","13.56","Humid","35.35","0","78.50","281628.01","SABD0002000014","AAV2.0.0.13","3.0.3.1703","PSt7-10","180509-002","9/13/2019 10:46:52 AM","0000-00","0","no battery","V"
"06/11/2023","11:07:56","9","default","547630319","OXY_CH9","11.975","min","140.992","μmol/L","Humid","25.284","deg","143504","µV","26.695","°C","1017.000","hPa","35.9","pmil","0","55.690","deg","20.000","°C","100.000","%a.s.","22.400","deg","20.000","°C","962.000","hPa","0.861","-0.02617","0.00035","0","0","13.56","Humid","35.35","0","78.50","281626.77","SABD0002000014","AAV2.0.0.13","3.0.3.1703","PSt7-10","180509-002","9/13/2019 10:46:52 AM","0000-00","0","no battery","V"
"06/11/2023","11:07:57","9","default","547630319","OXY_CH9","11.991","min","140.984","μmol/L","Humid","25.282","deg","143490","µV","26.701","°C","1016.000","hPa","35.9","pmil","0","55.690","deg","20.000","°C","100.000","%a.s.","22.400","deg","20.000","°C","962.000","hPa","0.861","-0.02617","0.00035","0","0","13.56","Humid","35.35","0","78.50","281627.42","SABD0002000014","AAV2.0.0.13","3.0.3.1703","PSt7-10","180509-002","9/13/2019 10:46:52 AM","0000-00","0","no battery","V"
"06/11/2023","11:07:58","9","default","547630319","OXY_CH9","12.008","min","140.989","μmol/L","Humid","25.282","deg","143485","µV","26.701","°C","1017.000","hPa","35.9","pmil","0","55.690","deg","20.000","°C","100.000","%a.s.","22.400","deg","20.000","°C","962.000","hPa","0.861","-0.02617","0.00035","0","0","13.56","Humid","35.35","0","78.50","281621.75","SABD0002000014","AAV2.0.0.13","3.0.3.1703","PSt7-10","180509-002","9/13/2019 10:46:52 AM","0000-00","0","no battery","V"
"06/11/2023","11:07:59","9","default","547630319","OXY_CH9","12.025","min","141.012","μmol/L","Humid","25.280","deg","143473","µV","26.701","°C","1017.000","hPa","35.9","pmil","0","55.690","deg","20.000","°C","100.000","%a.s.","22.400","deg","20.000","°C","962.000","hPa","0.861","-0.02617","0.00035","0","0","13.56","Humid","35.35","0","78.50","281621.38","SABD0002000014","AAV2.0.0.13","3.0.3.1703","PSt7-10","180509-002","9/13/2019 10:46:52 AM","0000-00","0","no battery","V"
"06/11/2023","11:08:00","9","default","547630319","OXY_CH9","12.042","min","141.009","μmol/L","Humid","25.278","deg","143464","µV","26.707","°C","1017.000","hPa","35.9","pmil","0","55.690","deg","20.000","°C","100.000","%a.s.","22.400","deg","20.000","°C","962.000","hPa","0.861","-0.02617","0.00035","0","0","13.56","Humid","35.35","0","78.50","281623.65","SABD0002000014","AAV2.0.0.13","3.0.3.1703","PSt7-10","180509-002","9/13/2019 10:46:52 AM","0000-00","0","no battery","V"
"06/11/2023","11:08:01","9","default","547630319","OXY_CH9","12.058","min","141.002","μmol/L","Humid","25.276","deg","143455","µV","26.713","°C","1016.000","hPa","35.9","pmil","0","55.690","deg","20.000","°C","100.000","%a.s.","22.400","deg","20.000","°C","962.000","hPa","0.861","-0.02617","0.00035","0","0","13.56","Humid","35.35","0","78.50","281619.55","SABD0002000014","AAV2.0.0.13","3.0.3.1703","PSt7-10","180509-002","9/13/2019 10:46:52 AM","0000-00","0","no battery","V"
"06/11/2023","11:08:02","9","default","547630319","OXY_CH9","12.075","min","141.044","μmol/L","Humid","25.275","deg","143440","µV","26.707","°C","1017.000","hPa","35.9","pmil","0","55.690","deg","20.000","°C","100.000","%a.s.","22.400","deg","20.000","°C","962.000","hPa","0.861","-0.02617","0.00035","0","0","13.56","Humid","35.35","0","78.50","281629.56","SABD0002000014","AAV2.0.0.13","3.0.3.1703","PSt7-10","180509-002","9/13/2019 10:46:52 AM","0000-00","0","no battery","V"
"06/11/2023","11:08:03","9","default","547630319","OXY_CH9","12.091","min","141.055","μmol/L","Humid","25.274","deg","143435","µV","26.707","°C","1017.000","hPa","35.9","pmil","0","55.690","deg","20.000","°C","100.000","%a.s.","22.400","deg","20.000","°C","962.000","hPa","0.861","-0.02617","0.00035","0","0","13.56","Humid","35.35","0","78.50","281622.85","SABD0002000014","AAV2.0.0.13","3.0.3.1703","PSt7-10","180509-002","9/13/2019 10:46:52 AM","0000-00","0","no battery","V"
"06/11/2023","11:08:04","9","default","547630319","OXY_CH9","12.108","min","141.073","μmol/L","Humid","25.272","deg","143426","µV","26.707","°C","1016.000","hPa","35.9","pmil","0","55.690","deg","20.000","°C","100.000","%a.s.","22.400","deg","20.000","°C","962.000","hPa","0.861","-0.02617","0.00035","0","0","13.56","Humid","35.35","0","78.50","281622.14","SABD0002000014","AAV2.0.0.13","3.0.3.1703","PSt7-10","180509-002","9/13/2019 10:46:52 AM","0000-00","0","no battery","V"
"06/11/2023","11:08:05","9","default","547630319","OXY_CH9","12.125","min","141.099","μmol/L","Humid","25.272","deg","143405","µV","26.701","°C","1016.000","hPa","35.9","pmil","0","55.690","deg","20.000","°C","100.000","%a.s.","22.400","deg","20.000","°C","962.000","hPa","0.861","-0.02617","0.00035","0","0","13.56","Humid","35.35","0","78.50","281625.67","SABD0002000014","AAV2.0.0.13","3.0.3.1703","PSt7-10","180509-002","9/13/2019 10:46:52 AM","0000-00","0","no battery","V"
"06/11/2023","11:08:06","9","default","547630319","OXY_CH9","12.142","min","141.150","μmol/L","Humid","25.268","deg","143391","µV","26.701","°C","1017.000","hPa","35.9","pmil","0","55.690","deg","20.000","°C","100.000","%a.s.","22.400","deg","20.000","°C","962.000","hPa","0.861","-0.02617","0.00035","0","0","13.56","Humid","35.35","0","78.50","281619.84","SABD0002000014","AAV2.0.0.13","3.0.3.1703","PSt7-10","180509-002","9/13/2019 10:46:52 AM","0000-00","0","no battery","V"
"06/11/2023","11:08:07","9","default","547630319","OXY_CH9","12.158","min","141.145","μmol/L","Humid","25.268","deg","143384","µV","26.701","°C","1016.000","hPa","35.9","pmil","0","55.690","deg","20.000","°C","100.000","%a.s.","22.400","deg","20.000","°C","962.000","hPa","0.861","-0.02617","0.00035","0","0","13.56","Humid","35.35","0","78.50","281618.40","SABD0002000014","AAV2.0.0.13","3.0.3.1703","PSt7-10","180509-002","9/13/2019 10:46:52 AM","0000-00","0","no battery","V"
"06/11/2023","11:08:08","9","default","547630319","OXY_CH9","12.175","min","141.225","μmol/L","Humid","25.261","deg","143383","µV","26.701","°C","1016.000","hPa","35.9","pmil","0","55.690","deg","20.000","°C","100.000","%a.s.","22.400","deg","20.000","°C","962.000","hPa","0.861","-0.02617","0.00035","0","0","13.56","Humid","35.35","0","78.50","281613.66","SABD0002000014","AAV2.0.0.13","3.0.3.1703","PSt7-10","180509-002","9/13/2019 10:46:52 AM","0000-00","0","no battery","V"
"06/11/2023","11:08:09","9","default","547630319","OXY_CH9","12.192","min","141.173","μmol/L","Humid","25.266","deg","143373","µV","26.701","°C","1017.000","hPa","35.9","pmil","0","55.690","deg","20.000","°C","100.000","%a.s.","22.400","deg","20.000","°C","962.000","hPa","0.861","-0.02617","0.00035","0","0","13.56","Humid","35.35","0","78.50","281618.42","SABD0002000014","AAV2.0.0.13","3.0.3.1703","PSt7-10","180509-002","9/13/2019 10:46:52 AM","0000-00","0","no battery","V"
"06/11/2023","11:08:10","9","default","547630319","OXY_CH9","12.208","min","141.253","μmol/L","Humid","25.259","deg","143353","µV","26.701","°C","1017.000","hPa","35.9","pmil","0","55.690","deg","20.000","°C","100.000","%a.s.","22.400","deg","20.000","°C","962.000","hPa","0.861","-0.02617","0.00035","0","0","13.56","Humid","35.35","0","78.50","281610.35","SABD0002000014","AAV2.0.0.13","3.0.3.1703","PSt7-10","180509-002","9/13/2019 10:46:52 AM","0000-00","0","no battery","V"
"06/11/2023","11:08:11","9","default","547630319","OXY_CH9","12.225","min","141.182","μmol/L","Humid","25.263","deg","143341","µV","26.707","°C","1017.000","hPa","35.9","pmil","0","55.690","deg","20.000","°C","100.000","%a.s.","22.400","deg","20.000","°C","962.000","hPa","0.861","-0.02617","0.00035","0","0","13.56","Humid","35.35","0","78.50","281616.64","SABD0002000014","AAV2.0.0.13","3.0.3.1703","PSt7-10","180509-002","9/13/2019 10:46:52 AM","0000-00","0","no battery","V"
"06/11/2023","11:08:12","9","default","547630319","OXY_CH9","12.241","min","141.265","μmol/L","Humid","25.258","deg","143339","µV","26.701","°C","1017.000","hPa","35.9","pmil","0","55.690","deg","20.000","°C","100.000","%a.s.","22.400","deg","20.000","°C","962.000","hPa","0.861","-0.02617","0.00035","0","0","13.56","Humid","35.35","0","78.50","281605.54","SABD0002000014","AAV2.0.0.13","3.0.3.1703","PSt7-10","180509-002","9/13/2019 10:46:52 AM","0000-00","0","no battery","V"
"06/11/2023","11:08:13","9","default","547630319","OXY_CH9","12.258","min","141.230","μmol/L","Humid","25.261","deg","143325","µV","26.701","°C","1017.000","hPa","35.9","pmil","0","55.690","deg","20.000","°C","100.000","%a.s.","22.400","deg","20.000","°C","962.000","hPa","0.861","-0.02617","0.00035","0","0","13.56","Humid","35.35","0","78.50","281615.92","SABD0002000014","AAV2.0.0.13","3.0.3.1703","PSt7-10","180509-002","9/13/2019 10:46:52 AM","0000-00","0","no battery","V"
"06/11/2023","11:08:14","9","default","547630319","OXY_CH9","12.275","min","141.253","μmol/L","Humid","25.259","deg","143318","µV","26.701","°C","1017.000","hPa","35.9","pmil","0","55.690","deg","20.000","°C","100.000","%a.s.","22.400","deg","20.000","°C","962.000","hPa","0.861","-0.02617","0.00035","0","0","13.56","Humid","35.35","0","78.50","281615.80","SABD0002000014","AAV2.0.0.13","3.0.3.1703","PSt7-10","180509-002","9/13/2019 10:46:52 AM","0000-00","0","no battery","V"
"06/11/2023","11:08:15","9","default","547630319","OXY_CH9","12.291","min","141.339","μmol/L","Humid","25.256","deg","143310","µV","26.689","°C","1017.000","hPa","35.9","pmil","0","55.690","deg","20.000","°C","100.000","%a.s.","22.400","deg","20.000","°C","962.000","hPa","0.861","-0.02617","0.00035","0","0","13.56","Humid","35.35","0","78.50","281607.48","SABD0002000014","AAV2.0.0.13","3.0.3.1703","PSt7-10","180509-002","9/13/2019 10:46:52 AM","0000-00","0","no battery","V"
"06/11/2023","11:08:16","9","default","547630319","OXY_CH9","12.308","min","141.248","μmol/L","Humid","25.259","deg","143292","µV","26.701","°C","1016.000","hPa","35.9","pmil","0","55.690","deg","20.000","°C","100.000","%a.s.","22.400","deg","20.000","°C","962.000","hPa","0.861","-0.02617","0.00035","0","0","13.56","Humid","35.35","0","78.50","281599.41","SABD0002000014","AAV2.0.0.13","3.0.3.1703","PSt7-10","180509-002","9/13/2019 10:46:52 AM","0000-00","0","no battery","V"
"06/11/2023","11:08:17","9","default","547630319","OXY_CH9","12.325","min","141.354","μmol/L","Humid","25.252","deg","143287","µV","26.695","°C","1016.000","hPa","35.9","pmil","0","55.690","deg","20.000","°C","100.000","%a.s.","22.400","deg","20.000","°C","962.000","hPa","0.861","-0.02617","0.00035","0","0","13.56","Humid","35.35","0","78.50","281612.66","SABD0002000014","AAV2.0.0.13","3.0.3.1703","PSt7-10","180509-002","9/13/2019 10:46:52 AM","0000-00","0","no battery","V"
"06/11/2023","11:08:18","9","default","547630319","OXY_CH9","12.342","min","141.380","μmol/L","Humid","25.252","deg","143283","µV","26.689","°C","1016.000","hPa","35.9","pmil","0","55.690","deg","20.000","°C","100.000","%a.s.","22.400","deg","20.000","°C","962.000","hPa","0.861","-0.02617","0.00035","0","0","13.56","Humid","35.35","0","78.50","281612.50","SABD0002000014","AAV2.0.0.13","3.0.3.1703","PSt7-10","180509-002","9/13/2019 10:46:52 AM","0000-00","0","no battery","V"
"06/11/2023","11:08:19","9","default","547630319","OXY_CH9","12.358","min","141.363","μmol/L","Humid","25.249","deg","143262","µV","26.701","°C","1016.000","hPa","35.9","pmil","0","55.690","deg","20.000","°C","100.000","%a.s.","22.400","deg","20.000","°C","962.000","hPa","0.861","-0.02617","0.00035","0","0","13.56","Humid","35.35","0","78.50","281601.92","SABD0002000014","AAV2.0.0.13","3.0.3.1703","PSt7-10","180509-002","9/13/2019 10:46:52 AM","0000-00","0","no battery","V"
"06/11/2023","11:08:20","9","default","547630319","OXY_CH9","12.374","min","141.389","μmol/L","Humid","25.249","deg","143252","µV","26.695","°C","1016.000","hPa","35.9","pmil","0","55.690","deg","20.000","°C","100.000","%a.s.","22.400","deg","20.000","°C","962.000","hPa","0.861","-0.02617","0.00035","0","0","13.56","Humid","35.35","0","78.50","281602.47","SABD0002000014","AAV2.0.0.13","3.0.3.1703","PSt7-10","180509-002","9/13/2019 10:46:52 AM","0000-00","0","no battery","V"
"06/11/2023","11:08:21","9","default","547630319","OXY_CH9","12.391","min","141.449","μmol/L","Humid","25.242","deg","143249","µV","26.701","°C","1017.000","hPa","35.9","pmil","0","55.690","deg","20.000","°C","100.000","%a.s.","22.400","deg","20.000","°C","962.000","hPa","0.861","-0.02617","0.00035","0","0","13.56","Humid","35.35","0","78.50","281600.98","SABD0002000014","AAV2.0.0.13","3.0.3.1703","PSt7-10","180509-002","9/13/2019 10:46:52 AM","0000-00","0","no battery","V"
"06/11/2023","11:08:22","9","default","547630319","OXY_CH9","12.409","min","141.421","μmol/L","Humid","25.244","deg","143242","µV","26.701","°C","1016.000","hPa","35.9","pmil","0","55.690","deg","20.000","°C","100.000","%a.s.","22.400","deg","20.000","°C","962.000","hPa","0.861","-0.02617","0.00035","0","0","13.56","Humid","35.35","0","78.50","281609.08","SABD0002000014","AAV2.0.0.13","3.0.3.1703","PSt7-10","180509-002","9/13/2019 10:46:52 AM","0000-00","0","no battery","V"
"06/11/2023","11:08:23","9","default","547630319","OXY_CH9","12.425","min","141.486","μmol/L","Humid","25.241","deg","143231","µV","26.695","°C","1017.000","hPa","35.9","pmil","0","55.690","deg","20.000","°C","100.000","%a.s.","22.400","deg","20.000","°C","962.000","hPa","0.861","-0.02617","0.00035","0","0","13.56","Humid","35.35","0","78.50","281612.93","SABD0002000014","AAV2.0.0.13","3.0.3.1703","PSt7-10","180509-002","9/13/2019 10:46:52 AM","0000-00","0","no battery","V"
"06/11/2023","11:08:24","9","default","547630319","OXY_CH9","12.442","min","141.446","μmol/L","Humid","25.240","deg","143212","µV","26.707","°C","1017.000","hPa","35.9","pmil","0","55.690","deg","20.000","°C","100.000","%a.s.","22.400","deg","20.000","°C","962.000","hPa","0.861","-0.02617","0.00035","0","0","13.56","Humid","35.35","0","78.50","281601.63","SABD0002000014","AAV2.0.0.13","3.0.3.1703","PSt7-10","180509-002","9/13/2019 10:46:52 AM","0000-00","0","no battery","V"
"06/11/2023","11:08:25","9","default","547630319","OXY_CH9","12.458","min","141.497","μmol/L","Humid","25.240","deg","143207","µV","26.695","°C","1017.000","hPa","35.9","pmil","0","55.690","deg","20.000","°C","100.000","%a.s.","22.400","deg","20.000","°C","962.000","hPa","0.861","-0.02617","0.00035","0","0","13.56","Humid","35.35","0","78.50","281604.15","SABD0002000014","AAV2.0.0.13","3.0.3.1703","PSt7-10","180509-002","9/13/2019 10:46:52 AM","0000-00","0","no battery","V"
"06/11/2023","11:08:26","9","default","547630319","OXY_CH9","12.475","min","141.483","μmol/L","Humid","25.239","deg","143192","µV","26.701","°C","1017.000","hPa","35.9","pmil","0","55.690","deg","20.000","°C","100.000","%a.s.","22.400","deg","20.000","°C","962.000","hPa","0.861","-0.02617","0.00035","0","0","13.56","Humid","35.35","0","78.50","281597.58","SABD0002000014","AAV2.0.0.13","3.0.3.1703","PSt7-10","180509-002","9/13/2019 10:46:52 AM","0000-00","0","no battery","V"
"06/11/2023","11:08:27","9","default","547630319","OXY_CH9","12.492","min","141.506","μmol/L","Humid","25.237","deg","143178","µV","26.701","°C","1017.000","hPa","35.9","pmil","0","55.690","deg","20.000","°C","100.000","%a.s.","22.400","deg","20.000","°C","962.000","hPa","0.861","-0.02617","0.00035","0","0","13.56","Humid","35.35","0","78.50","281591.82","SABD0002000014","AAV2.0.0.13","3.0.3.1703","PSt7-10","180509-002","9/13/2019 10:46:52 AM","0000-00","0","no battery","V"
"06/11/2023","11:08:28","9","default","547630319","OXY_CH9","12.508","min","141.487","μmol/L","Humid","25.236","deg","143167","µV","26.707","°C","1016.000","hPa","35.9","pmil","0","55.690","deg","20.000","°C","100.000","%a.s.","22.400","deg","20.000","°C","962.000","hPa","0.861","-0.02617","0.00035","0","0","13.56","Humid","35.35","0","78.50","281583.94","SABD0002000014","AAV2.0.0.13","3.0.3.1703","PSt7-10","180509-002","9/13/2019 10:46:52 AM","0000-00","0","no battery","V"
"06/11/2023","11:08:29","9","default","547630319","OXY_CH9","12.525","min","141.570","μmol/L","Humid","25.231","deg","143157","µV","26.701","°C","1016.000","hPa","35.9","pmil","0","55.690","deg","20.000","°C","100.000","%a.s.","22.400","deg","20.000","°C","962.000","hPa","0.861","-0.02617","0.00035","0","0","13.56","Humid","35.35","0","78.50","281597.06","SABD0002000014","AAV2.0.0.13","3.0.3.1703","PSt7-10","180509-002","9/13/2019 10:46:52 AM","0000-00","0","no battery","V"
"06/11/2023","11:08:30","9","default","547630319","OXY_CH9","12.541","min","141.541","μmol/L","Humid","25.234","deg","143142","µV","26.701","°C","1017.000","hPa","35.9","pmil","0","55.690","deg","20.000","°C","100.000","%a.s.","22.400","deg","20.000","°C","962.000","hPa","0.861","-0.02617","0.00035","0","0","13.56","Humid","35.35","0","78.50","281594.51","SABD0002000014","AAV2.0.0.13","3.0.3.1703","PSt7-10","180509-002","9/13/2019 10:46:52 AM","0000-00","0","no battery","V"
"06/11/2023","11:08:31","9","default","547630319","OXY_CH9","12.558","min","141.624","μmol/L","Humid","25.229","deg","143132","µV","26.695","°C","1017.000","hPa","35.9","pmil","0","55.690","deg","20.000","°C","100.000","%a.s.","22.400","deg","20.000","°C","962.000","hPa","0.861","-0.02617","0.00035","0","0","13.56","Humid","35.35","0","78.50","281591.39","SABD0002000014","AAV2.0.0.13","3.0.3.1703","PSt7-10","180509-002","9/13/2019 10:46:52 AM","0000-00","0","no battery","V"
"06/11/2023","11:08:32","9","default","547630319","OXY_CH9","12.575","min","141.570","μmol/L","Humid","25.231","deg","143129","µV","26.701","°C","1016.000","hPa","35.9","pmil","0","55.690","deg","20.000","°C","100.000","%a.s.","22.400","deg","20.000","°C","962.000","hPa","0.861","-0.02617","0.00035","0","0","13.56","Humid","35.35","0","78.50","281598.18","SABD0002000014","AAV2.0.0.13","3.0.3.1703","PSt7-10","180509-002","9/13/2019 10:46:52 AM","0000-00","0","no battery","V"
"06/11/2023","11:08:33","9","default","547630319","OXY_CH9","12.592","min","141.654","μmol/L","Humid","25.226","deg","143112","µV","26.695","°C","1016.000","hPa","35.9","pmil","0","55.690","deg","20.000","°C","100.000","%a.s.","22.400","deg","20.000","°C","962.000","hPa","0.861","-0.02617","0.00035","0","0","13.56","Humid","35.35","0","78.50","281586.23","SABD0002000014","AAV2.0.0.13","3.0.3.1703","PSt7-10","180509-002","9/13/2019 10:46:52 AM","0000-00","0","no battery","V"
"06/11/2023","11:08:34","9","default","547630319","OXY_CH9","12.608","min","141.556","μmol/L","Humid","25.230","deg","143102","µV","26.707","°C","1016.000","hPa","35.9","pmil","0","55.690","deg","20.000","°C","100.000","%a.s.","22.400","deg","20.000","°C","962.000","hPa","0.861","-0.02617","0.00035","0","0","13.56","Humid","35.35","0","78.50","281597.08","SABD0002000014","AAV2.0.0.13","3.0.3.1703","PSt7-10","180509-002","9/13/2019 10:46:52 AM","0000-00","0","no battery","V"
"06/11/2023","11:08:35","9","default","547630319","OXY_CH9","12.625","min","141.665","μmol/L","Humid","25.225","deg","143093","µV","26.695","°C","1016.000","hPa","35.9","pmil","0","55.690","deg","20.000","°C","100.000","%a.s.","22.400","deg","20.000","°C","962.000","hPa","0.861","-0.02617","0.00035","0","0","13.56","Humid","35.35","0","78.50","281584.80","SABD0002000014","AAV2.0.0.13","3.0.3.1703","PSt7-10","180509-002","9/13/2019 10:46:52 AM","0000-00","0","no battery","V"
"06/11/2023","11:08:36","9","default","547630319","OXY_CH9","12.642","min","141.697","μmol/L","Humid","25.220","deg","143086","µV","26.701","°C","1016.000","hPa","35.9","pmil","0","55.690","deg","20.000","°C","100.000","%a.s.","22.400","deg","20.000","°C","962.000","hPa","0.861","-0.02617","0.00035","0","0","13.56","Humid","35.35","0","78.50","281603.36","SABD0002000014","AAV2.0.0.13","3.0.3.1703","PSt7-10","180509-002","9/13/2019 10:46:52 AM","0000-00","0","no battery","V"
"06/11/2023","11:08:37","9","default","547630319","OXY_CH9","12.658","min","141.688","μmol/L","Humid","25.223","deg","143072","µV","26.695","°C","1016.000","hPa","35.9","pmil","0","55.690","deg","20.000","°C","100.000","%a.s.","22.400","deg","20.000","°C","962.000","hPa","0.861","-0.02617","0.00035","0","0","13.56","Humid","35.35","0","78.50","281591.39","SABD0002000014","AAV2.0.0.13","3.0.3.1703","PSt7-10","180509-002","9/13/2019 10:46:52 AM","0000-00","0","no battery","V"
"06/11/2023","11:08:38","9","default","547630319","OXY_CH9","12.675","min","141.702","μmol/L","Humid","25.220","deg","143064","µV","26.701","°C","1017.000","hPa","35.9","pmil","0","55.690","deg","20.000","°C","100.000","%a.s.","22.400","deg","20.000","°C","962.000","hPa","0.861","-0.02617","0.00035","0","0","13.56","Humid","35.35","0","78.50","281595.67","SABD0002000014","AAV2.0.0.13","3.0.3.1703","PSt7-10","180509-002","9/13/2019 10:46:52 AM","0000-00","0","no battery","V"
"06/11/2023","11:08:39","9","default","547630319","OXY_CH9","12.692","min","141.714","μmol/L","Humid","25.219","deg","143059","µV","26.701","°C","1017.000","hPa","35.9","pmil","0","55.690","deg","20.000","°C","100.000","%a.s.","22.400","deg","20.000","°C","962.000","hPa","0.861","-0.02617","0.00035","0","0","13.56","Humid","35.35","0","78.50","281589.34","SABD0002000014","AAV2.0.0.13","3.0.3.1703","PSt7-10","180509-002","9/13/2019 10:46:52 AM","0000-00","0","no battery","V"
"06/11/2023","11:08:40","9","default","547630319","OXY_CH9","12.708","min","141.792","μmol/L","Humid","25.214","deg","143043","µV","26.695","°C","1016.000","hPa","35.9","pmil","0","55.690","deg","20.000","°C","100.000","%a.s.","22.400","deg","20.000","°C","962.000","hPa","0.861","-0.02617","0.00035","0","0","13.56","Humid","35.35","0","78.50","281592.71","SABD0002000014","AAV2.0.0.13","3.0.3.1703","PSt7-10","180509-002","9/13/2019 10:46:52 AM","0000-00","0","no battery","V"
"06/11/2023","11:08:41","9","default","547630319","OXY_CH9","12.725","min","141.771","μmol/L","Humid","25.214","deg","143032","µV","26.701","°C","1017.000","hPa","35.9","pmil","0","55.690","deg","20.000","°C","100.000","%a.s.","22.400","deg","20.000","°C","962.000","hPa","0.861","-0.02617","0.00035","0","0","13.56","Humid","35.35","0","78.50","281599.94","SABD0002000014","AAV2.0.0.13","3.0.3.1703","PSt7-10","180509-002","9/13/2019 10:46:52 AM","0000-00","0","no battery","V"
"06/11/2023","11:08:42","9","default","547630319","OXY_CH9","12.742","min","141.766","μmol/L","Humid","25.214","deg","143029","µV","26.701","°C","1016.000","hPa","35.9","pmil","0","55.690","deg","20.000","°C","100.000","%a.s.","22.400","deg","20.000","°C","962.000","hPa","0.861","-0.02617","0.00035","0","0","13.56","Humid","35.35","0","78.50","281594.65","SABD0002000014","AAV2.0.0.13","3.0.3.1703","PSt7-10","180509-002","9/13/2019 10:46:52 AM","0000-00","0","no battery","V"
"06/11/2023","11:08:43","9","default","547630319","OXY_CH9","12.758","min","141.797","μmol/L","Humid","25.214","deg","143016","µV","26.695","°C","1017.000","hPa","35.9","pmil","0","55.690","deg","20.000","°C","100.000","%a.s.","22.400","deg","20.000","°C","962.000","hPa","0.861","-0.02617","0.00035","0","0","13.56","Humid","35.35","0","78.50","281590.15","SABD0002000014","AAV2.0.0.13","3.0.3.1703","PSt7-10","180509-002","9/13/2019 10:46:52 AM","0000-00","0","no battery","V"
"06/11/2023","11:08:44","9","default","547630319","OXY_CH9","12.775","min","141.827","μmol/L","Humid","25.211","deg","142992","µV","26.695","°C","1016.000","hPa","35.9","pmil","0","55.690","deg","20.000","°C","100.000","%a.s.","22.400","deg","20.000","°C","962.000","hPa","0.861","-0.02617","0.00035","0","0","13.56","Humid","35.35","0","78.50","281584.87","SABD0002000014","AAV2.0.0.13","3.0.3.1703","PSt7-10","180509-002","9/13/2019 10:46:52 AM","0000-00","0","no battery","V"
"06/11/2023","11:08:45","9","default","547630319","OXY_CH9","12.791","min","141.859","μmol/L","Humid","25.206","deg","142985","µV","26.701","°C","1016.000","hPa","35.9","pmil","0","55.690","deg","20.000","°C","100.000","%a.s.","22.400","deg","20.000","°C","962.000","hPa","0.861","-0.02617","0.00035","0","0","13.56","Humid","35.35","0","78.50","281578.16","SABD0002000014","AAV2.0.0.13","3.0.3.1703","PSt7-10","180509-002","9/13/2019 10:46:52 AM","0000-00","0","no battery","V"
"06/11/2023","11:08:46","9","default","547630319","OXY_CH9","12.808","min","141.873","μmol/L","Humid","25.207","deg","142975","µV","26.695","°C","1016.000","hPa","35.9","pmil","0","55.690","deg","20.000","°C","100.000","%a.s.","22.400","deg","20.000","°C","962.000","hPa","0.861","-0.02617","0.00035","0","0","13.56","Humid","35.35","0","78.50","281578.98","SABD0002000014","AAV2.0.0.13","3.0.3.1703","PSt7-10","180509-002","9/13/2019 10:46:52 AM","0000-00","0","no battery","V"
"06/11/2023","11:08:47","9","default","547630319","OXY_CH9","12.824","min","141.852","μmol/L","Humid","25.207","deg","142966","µV","26.701","°C","1017.000","hPa","35.9","pmil","0","55.690","deg","20.000","°C","100.000","%a.s.","22.400","deg","20.000","°C","962.000","hPa","0.861","-0.02617","0.00035","0","0","13.56","Humid","35.35","0","78.50","281578.44","SABD0002000014","AAV2.0.0.13","3.0.3.1703","PSt7-10","180509-002","9/13/2019 10:46:52 AM","0000-00","0","no battery","V"
"06/11/2023","11:08:48","9","default","547630319","OXY_CH9","12.842","min","141.931","μmol/L","Humid","25.202","deg","142957","µV","26.695","°C","1016.000","hPa","35.9","pmil","0","55.690","deg","20.000","°C","100.000","%a.s.","22.400","deg","20.000","°C","962.000","hPa","0.861","-0.02617","0.00035","0","0","13.56","Humid","35.35","0","78.50","281576.34","SABD0002000014","AAV2.0.0.13","3.0.3.1703","PSt7-10","180509-002","9/13/2019 10:46:52 AM","0000-00","0","no battery","V"
"06/11/2023","11:08:49","9","default","547630319","OXY_CH9","12.858","min","141.942","μmol/L","Humid","25.201","deg","142944","µV","26.695","°C","1016.000","hPa","35.9","pmil","0","55.690","deg","20.000","°C","100.000","%a.s.","22.400","deg","20.000","°C","962.000","hPa","0.861","-0.02617","0.00035","0","0","13.56","Humid","35.35","0","78.50","281589.28","SABD0002000014","AAV2.0.0.13","3.0.3.1703","PSt7-10","180509-002","9/13/2019 10:46:52 AM","0000-00","0","no battery","V"
"06/11/2023","11:08:50","9","default","547630319","OXY_CH9","12.875","min","141.945","μmol/L","Humid","25.199","deg","142933","µV","26.701","°C","1017.000","hPa","35.9","pmil","0","55.690","deg","20.000","°C","100.000","%a.s.","22.400","deg","20.000","°C","962.000","hPa","0.861","-0.02617","0.00035","0","0","13.56","Humid","35.35","0","78.50","281581.63","SABD0002000014","AAV2.0.0.13","3.0.3.1703","PSt7-10","180509-002","9/13/2019 10:46:52 AM","0000-00","0","no battery","V"
"06/11/2023","11:08:51","9","default","547630319","OXY_CH9","12.891","min","141.928","μmol/L","Humid","25.200","deg","142921","µV","26.701","°C","1016.000","hPa","35.9","pmil","0","55.690","deg","20.000","°C","100.000","%a.s.","22.400","deg","20.000","°C","962.000","hPa","0.861","-0.02617","0.00035","0","0","13.56","Humid","35.35","0","78.50","281578.37","SABD0002000014","AAV2.0.0.13","3.0.3.1703","PSt7-10","180509-002","9/13/2019 10:46:52 AM","0000-00","0","no battery","V"
"06/11/2023","11:08:52","9","default","547630319","OXY_CH9","12.908","min","141.951","μmol/L","Humid","25.198","deg","142922","µV","26.701","°C","1016.000","hPa","35.9","pmil","0","55.690","deg","20.000","°C","100.000","%a.s.","22.400","deg","20.000","°C","962.000","hPa","0.861","-0.02617","0.00035","0","0","13.56","Humid","35.35","0","78.50","281585.63","SABD0002000014","AAV2.0.0.13","3.0.3.1703","PSt7-10","180509-002","9/13/2019 10:46:52 AM","0000-00","0","no battery","V"
"06/11/2023","11:08:53","9","default","547630319","OXY_CH9","12.925","min","141.956","μmol/L","Humid","25.198","deg","142910","µV","26.701","°C","1017.000","hPa","35.9","pmil","0","55.690","deg","20.000","°C","100.000","%a.s.","22.400","deg","20.000","°C","962.000","hPa","0.861","-0.02617","0.00035","0","0","13.56","Humid","35.35","0","78.50","281581.54","SABD0002000014","AAV2.0.0.13","3.0.3.1703","PSt7-10","180509-002","9/13/2019 10:46:52 AM","0000-00","0","no battery","V"
"06/11/2023","11:08:54","9","default","547630319","OXY_CH9","12.942","min","141.970","μmol/L","Humid","25.199","deg","142894","µV","26.695","°C","1017.000","hPa","35.9","pmil","0","55.690","deg","20.000","°C","100.000","%a.s.","22.400","deg","20.000","°C","962.000","hPa","0.861","-0.02617","0.00035","0","0","13.56","Humid","35.35","0","78.50","281577.83","SABD0002000014","AAV2.0.0.13","3.0.3.1703","PSt7-10","180509-002","9/13/2019 10:46:52 AM","0000-00","0","no battery","V"
"06/11/2023","11:08:55","9","default","547630319","OXY_CH9","12.959","min","142.032","μmol/L","Humid","25.191","deg","142886","µV","26.701","°C","1016.000","hPa","35.9","pmil","0","55.690","deg","20.000","°C","100.000","%a.s.","22.400","deg","20.000","°C","962.000","hPa","0.861","-0.02617","0.00035","0","0","13.56","Humid","35.35","0","78.50","281578.75","SABD0002000014","AAV2.0.0.13","3.0.3.1703","PSt7-10","180509-002","9/13/2019 10:46:52 AM","0000-00","0","no battery","V"
"06/11/2023","11:08:56","9","default","547630319","OXY_CH9","12.975","min","142.055","μmol/L","Humid","25.189","deg","142863","µV","26.701","°C","1016.000","hPa","35.9","pmil","0","55.690","deg","20.000","°C","100.000","%a.s.","22.400","deg","20.000","°C","962.000","hPa","0.861","-0.02617","0.00035","0","0","13.56","Humid","35.35","0","78.50","281574.54","SABD0002000014","AAV2.0.0.13","3.0.3.1703","PSt7-10","180509-002","9/13/2019 10:46:52 AM","0000-00","0","no battery","V"
"06/11/2023","11:08:57","9","default","547630319","OXY_CH9","12.991","min","142.060","μmol/L","Humid","25.189","deg","142863","µV","26.701","°C","1017.000","hPa","35.9","pmil","0","55.690","deg","20.000","°C","100.000","%a.s.","22.400","deg","20.000","°C","962.000","hPa","0.861","-0.02617","0.00035","0","0","13.56","Humid","35.35","0","78.50","281570.19","SABD0002000014","AAV2.0.0.13","3.0.3.1703","PSt7-10","180509-002","9/13/2019 10:46:52 AM","0000-00","0","no battery","V"
"06/11/2023","11:08:58","9","default","547630319","OXY_CH9","13.008","min","142.023","μmol/L","Humid","25.190","deg","142851","µV","26.707","°C","1017.000","hPa","35.9","pmil","0","55.690","deg","20.000","°C","100.000","%a.s.","22.400","deg","20.000","°C","962.000","hPa","0.861","-0.02617","0.00035","0","0","13.56","Humid","35.35","0","78.50","281581.98","SABD0002000014","AAV2.0.0.13","3.0.3.1703","PSt7-10","180509-002","9/13/2019 10:46:52 AM","0000-00","0","no battery","V"
"06/11/2023","11:08:59","9","default","547630319","OXY_CH9","13.024","min","142.107","μmol/L","Humid","25.185","deg","142840","µV","26.701","°C","1017.000","hPa","35.9","pmil","0","55.690","deg","20.000","°C","100.000","%a.s.","22.400","deg","20.000","°C","962.000","hPa","0.861","-0.02617","0.00035","0","0","13.56","Humid","35.35","0","78.50","281571.56","SABD0002000014","AAV2.0.0.13","3.0.3.1703","PSt7-10","180509-002","9/13/2019 10:46:52 AM","0000-00","0","no battery","V"
"06/11/2023","11:09:00","9","default","547630319","OXY_CH9","13.042","min","142.067","μmol/L","Humid","25.188","deg","142828","µV","26.701","°C","1016.000","hPa","35.9","pmil","0","55.690","deg","20.000","°C","100.000","%a.s.","22.400","deg","20.000","°C","962.000","hPa","0.861","-0.02617","0.00035","0","0","13.56","Humid","35.35","0","78.50","281581.32","SABD0002000014","AAV2.0.0.13","3.0.3.1703","PSt7-10","180509-002","9/13/2019 10:46:52 AM","0000-00","0","no battery","V"
"06/11/2023","11:09:01","9","default","547630319","OXY_CH9","13.058","min","142.113","μmol/L","Humid","25.184","deg","142822","µV","26.701","°C","1016.000","hPa","35.9","pmil","0","55.690","deg","20.000","°C","100.000","%a.s.","22.400","deg","20.000","°C","962.000","hPa","0.861","-0.02617","0.00035","0","0","13.56","Humid","35.35","0","78.50","281578.40","SABD0002000014","AAV2.0.0.13","3.0.3.1703","PSt7-10","180509-002","9/13/2019 10:46:52 AM","0000-00","0","no battery","V"
"06/11/2023","11:09:02","9","default","547630319","OXY_CH9","13.075","min","142.125","μmol/L","Humid","25.183","deg","142815","µV","26.701","°C","1016.000","hPa","35.9","pmil","0","55.690","deg","20.000","°C","100.000","%a.s.","22.400","deg","20.000","°C","962.000","hPa","0.861","-0.02617","0.00035","0","0","13.56","Humid","35.35","0","78.50","281569.43","SABD0002000014","AAV2.0.0.13","3.0.3.1703","PSt7-10","180509-002","9/13/2019 10:46:52 AM","0000-00","0","no battery","V"
"06/11/2023","11:09:03","9","default","547630319","OXY_CH9","13.092","min","142.130","μmol/L","Humid","25.183","deg","142810","µV","26.701","°C","1017.000","hPa","35.9","pmil","0","55.690","deg","20.000","°C","100.000","%a.s.","22.400","deg","20.000","°C","962.000","hPa","0.861","-0.02617","0.00035","0","0","13.56","Humid","35.35","0","78.50","281588.05","SABD0002000014","AAV2.0.0.13","3.0.3.1703","PSt7-10","180509-002","9/13/2019 10:46:52 AM","0000-00","0","no battery","V"
"06/11/2023","11:09:04","9","default","547630319","OXY_CH9","13.108","min","142.174","μmol/L","Humid","25.181","deg","142786","µV","26.695","°C","1016.000","hPa","35.9","pmil","0","55.690","deg","20.000","°C","100.000","%a.s.","22.400","deg","20.000","°C","962.000","hPa","0.861","-0.02617","0.00035","0","0","13.56","Humid","35.35","0","78.50","281567.94","SABD0002000014","AAV2.0.0.13","3.0.3.1703","PSt7-10","180509-002","9/13/2019 10:46:52 AM","0000-00","0","no battery","V"
"06/11/2023","11:09:05","9","default","547630319","OXY_CH9","13.125","min","142.206","μmol/L","Humid","25.176","deg","142779","µV","26.701","°C","1016.000","hPa","35.9","pmil","0","55.690","deg","20.000","°C","100.000","%a.s.","22.400","deg","20.000","°C","962.000","hPa","0.861","-0.02617","0.00035","0","0","13.56","Humid","35.35","0","78.50","281572.60","SABD0002000014","AAV2.0.0.13","3.0.3.1703","PSt7-10","180509-002","9/13/2019 10:46:52 AM","0000-00","0","no battery","V"
"06/11/2023","11:09:06","9","default","547630319","OXY_CH9","13.142","min","142.194","μmol/L","Humid","25.177","deg","142774","µV","26.701","°C","1016.000","hPa","35.9","pmil","0","55.690","deg","20.000","°C","100.000","%a.s.","22.400","deg","20.000","°C","962.000","hPa","0.861","-0.02617","0.00035","0","0","13.56","Humid","35.35","0","78.50","281573.30","SABD0002000014","AAV2.0.0.13","3.0.3.1703","PSt7-10","180509-002","9/13/2019 10:46:52 AM","0000-00","0","no battery","V"
"06/11/2023","11:09:07","9","default","547630319","OXY_CH9","13.158","min","142.211","μmol/L","Humid","25.176","deg","142756","µV","26.701","°C","1017.000","hPa","35.9","pmil","0","55.690","deg","20.000","°C","100.000","%a.s.","22.400","deg","20.000","°C","962.000","hPa","0.861","-0.02617","0.00035","0","0","13.56","Humid","35.35","0","78.50","281560.49","SABD0002000014","AAV2.0.0.13","3.0.3.1703","PSt7-10","180509-002","9/13/2019 10:46:52 AM","0000-00","0","no battery","V"
"06/11/2023","11:09:08","9","default","547630319","OXY_CH9","13.175","min","142.245","μmol/L","Humid","25.173","deg","142735","µV","26.701","°C","1017.000","hPa","35.9","pmil","0","55.690","deg","20.000","°C","100.000","%a.s.","22.400","deg","20.000","°C","962.000","hPa","0.861","-0.02617","0.00035","0","0","13.56","Humid","35.35","0","78.50","281553.36","SABD0002000014","AAV2.0.0.13","3.0.3.1703","PSt7-10","180509-002","9/13/2019 10:46:52 AM","0000-00","0","no battery","V"
"06/11/2023","11:09:09","9","default","547630319","OXY_CH9","13.192","min","142.215","μmol/L","Humid","25.173","deg","142732","µV","26.707","°C","1016.000","hPa","35.9","pmil","0","55.690","deg","20.000","°C","100.000","%a.s.","22.400","deg","20.000","°C","962.000","hPa","0.861","-0.02617","0.00035","0","0","13.56","Humid","35.35","0","78.50","281569.19","SABD0002000014","AAV2.0.0.13","3.0.3.1703","PSt7-10","180509-002","9/13/2019 10:46:52 AM","0000-00","0","no battery","V"
"06/11/2023","11:09:10","9","default","547630319","OXY_CH9","13.209","min","142.336","μmol/L","Humid","25.167","deg","142718","µV","26.695","°C","1016.000","hPa","35.9","pmil","0","55.690","deg","20.000","°C","100.000","%a.s.","22.400","deg","20.000","°C","962.000","hPa","0.861","-0.02617","0.00035","0","0","13.56","Humid","35.35","0","78.50","281569.39","SABD0002000014","AAV2.0.0.13","3.0.3.1703","PSt7-10","180509-002","9/13/2019 10:46:52 AM","0000-00","0","no battery","V"
"06/11/2023","11:09:11","9","default","547630319","OXY_CH9","13.225","min","142.336","μmol/L","Humid","25.167","deg","142710","µV","26.695","°C","1016.000","hPa","35.9","pmil","0","55.690","deg","20.000","°C","100.000","%a.s.","22.400","deg","20.000","°C","962.000","hPa","0.861","-0.02617","0.00035","0","0","13.56","Humid","35.35","0","78.50","281555.28","SABD0002000014","AAV2.0.0.13","3.0.3.1703","PSt7-10","180509-002","9/13/2019 10:46:52 AM","0000-00","0","no battery","V"
"06/11/2023","11:09:12","9","default","547630319","OXY_CH9","13.242","min","142.347","μmol/L","Humid","25.166","deg","142698","µV","26.695","°C","1016.000","hPa","35.9","pmil","0","55.690","deg","20.000","°C","100.000","%a.s.","22.400","deg","20.000","°C","962.000","hPa","0.861","-0.02617","0.00035","0","0","13.56","Humid","35.35","0","78.50","281555.07","SABD0002000014","AAV2.0.0.13","3.0.3.1703","PSt7-10","180509-002","9/13/2019 10:46:52 AM","0000-00","0","no battery","V"
"06/11/2023","11:09:13","9","default","547630319","OXY_CH9","13.258","min","142.347","μmol/L","Humid","25.166","deg","142685","µV","26.695","°C","1016.000","hPa","35.9","pmil","0","55.690","deg","20.000","°C","100.000","%a.s.","22.400","deg","20.000","°C","962.000","hPa","0.861","-0.02617","0.00035","0","0","13.56","Humid","35.35","0","78.50","281559.37","SABD0002000014","AAV2.0.0.13","3.0.3.1703","PSt7-10","180509-002","9/13/2019 10:46:52 AM","0000-00","0","no battery","V"
"06/11/2023","11:09:14","9","default","547630319","OXY_CH9","13.275","min","142.345","μmol/L","Humid","25.164","deg","142670","µV","26.701","°C","1016.000","hPa","35.9","pmil","0","55.690","deg","20.000","°C","100.000","%a.s.","22.400","deg","20.000","°C","962.000","hPa","0.861","-0.02617","0.00035","0","0","13.56","Humid","35.35","0","78.50","281562.40","SABD0002000014","AAV2.0.0.13","3.0.3.1703","PSt7-10","180509-002","9/13/2019 10:46:52 AM","0000-00","0","no battery","V"
"06/11/2023","11:09:15","9","default","547630319","OXY_CH9","13.291","min","142.387","μmol/L","Humid","25.163","deg","142655","µV","26.695","°C","1017.000","hPa","35.9","pmil","0","55.690","deg","20.000","°C","100.000","%a.s.","22.400","deg","20.000","°C","962.000","hPa","0.861","-0.02617","0.00035","0","0","13.56","Humid","35.35","0","78.50","281547.99","SABD0002000014","AAV2.0.0.13","3.0.3.1703","PSt7-10","180509-002","9/13/2019 10:46:52 AM","0000-00","0","no battery","V"
"06/11/2023","11:09:16","9","default","547630319","OXY_CH9","13.308","min","142.422","μmol/L","Humid","25.160","deg","142659","µV","26.695","°C","1017.000","hPa","35.9","pmil","0","55.690","deg","20.000","°C","100.000","%a.s.","22.400","deg","20.000","°C","962.000","hPa","0.861","-0.02617","0.00035","0","0","13.56","Humid","35.35","0","78.50","281555.07","SABD0002000014","AAV2.0.0.13","3.0.3.1703","PSt7-10","180509-002","9/13/2019 10:46:52 AM","0000-00","0","no battery","V"
"06/11/2023","11:09:17","9","default","547630319","OXY_CH9","13.325","min","142.445","μmol/L","Humid","25.158","deg","142641","µV","26.695","°C","1017.000","hPa","35.9","pmil","0","55.690","deg","20.000","°C","100.000","%a.s.","22.400","deg","20.000","°C","962.000","hPa","0.861","-0.02617","0.00035","0","0","13.56","Humid","35.35","0","78.50","281540.87","SABD0002000014","AAV2.0.0.13","3.0.3.1703","PSt7-10","180509-002","9/13/2019 10:46:52 AM","0000-00","0","no battery","V"
"06/11/2023","11:09:18","9","default","547630319","OXY_CH9","13.341","min","142.414","μmol/L","Humid","25.158","deg","142637","µV","26.701","°C","1016.000","hPa","35.9","pmil","0","55.690","deg","20.000","°C","100.000","%a.s.","22.400","deg","20.000","°C","962.000","hPa","0.861","-0.02617","0.00035","0","0","13.56","Humid","35.35","0","78.50","281541.64","SABD0002000014","AAV2.0.0.13","3.0.3.1703","PSt7-10","180509-002","9/13/2019 10:46:52 AM","0000-00","0","no battery","V"
"06/11/2023","11:09:19","9","default","547630319","OXY_CH9","13.358","min","142.452","μmol/L","Humid","25.157","deg","142626","µV","26.695","°C","1016.000","hPa","35.9","pmil","0","55.690","deg","20.000","°C","100.000","%a.s.","22.400","deg","20.000","°C","962.000","hPa","0.861","-0.02617","0.00035","0","0","13.56","Humid","35.35","0","78.50","281555.25","SABD0002000014","AAV2.0.0.13","3.0.3.1703","PSt7-10","180509-002","9/13/2019 10:46:52 AM","0000-00","0","no battery","V"
"06/11/2023","11:09:20","9","default","547630319","OXY_CH9","13.374","min","142.475","μmol/L","Humid","25.155","deg","142617","µV","26.695","°C","1016.000","hPa","35.9","pmil","0","55.690","deg","20.000","°C","100.000","%a.s.","22.400","deg","20.000","°C","962.000","hPa","0.861","-0.02617","0.00035","0","0","13.56","Humid","35.35","0","78.50","281549.88","SABD0002000014","AAV2.0.0.13","3.0.3.1703","PSt7-10","180509-002","9/13/2019 10:46:52 AM","0000-00","0","no battery","V"
"06/11/2023","11:09:21","9","default","547630319","OXY_CH9","13.391","min","142.484","μmol/L","Humid","25.152","deg","142607","µV","26.701","°C","1016.000","hPa","35.9","pmil","0","55.690","deg","20.000","°C","100.000","%a.s.","22.400","deg","20.000","°C","962.000","hPa","0.861","-0.02617","0.00035","0","0","13.56","Humid","35.35","0","78.50","281548.03","SABD0002000014","AAV2.0.0.13","3.0.3.1703","PSt7-10","180509-002","9/13/2019 10:46:52 AM","0000-00","0","no battery","V"
"06/11/2023","11:09:22","9","default","547630319","OXY_CH9","13.408","min","142.538","μmol/L","Humid","25.150","deg","142605","µV","26.695","°C","1017.000","hPa","35.9","pmil","0","55.690","deg","20.000","°C","100.000","%a.s.","22.400","deg","20.000","°C","962.000","hPa","0.861","-0.02617","0.00035","0","0","13.56","Humid","35.35","0","78.50","281553.14","SABD0002000014","AAV2.0.0.13","3.0.3.1703","PSt7-10","180509-002","9/13/2019 10:46:52 AM","0000-00","0","no battery","V"
"06/11/2023","11:09:23","9","default","547630319","OXY_CH9","13.425","min","142.582","μmol/L","Humid","25.148","deg","142583","µV","26.689","°C","1016.000","hPa","35.9","pmil","0","55.690","deg","20.000","°C","100.000","%a.s.","22.400","deg","20.000","°C","962.000","hPa","0.861","-0.02617","0.00035","0","0","13.56","Humid","35.35","0","78.50","281543.46","SABD0002000014","AAV2.0.0.13","3.0.3.1703","PSt7-10","180509-002","9/13/2019 10:46:52 AM","0000-00","0","no battery","V"
"06/11/2023","11:09:24","9","default","547630319","OXY_CH9","13.442","min","142.545","μmol/L","Humid","25.149","deg","142571","µV","26.695","°C","1016.000","hPa","35.9","pmil","0","55.690","deg","20.000","°C","100.000","%a.s.","22.400","deg","20.000","°C","962.000","hPa","0.861","-0.02617","0.00035","0","0","13.56","Humid","35.35","0","78.50","281550.56","SABD0002000014","AAV2.0.0.13","3.0.3.1703","PSt7-10","180509-002","9/13/2019 10:46:52 AM","0000-00","0","no battery","V"
"06/11/2023","11:09:25","9","default","547630319","OXY_CH9","13.458","min","142.545","μmol/L","Humid","25.149","deg","142563","µV","26.695","°C","1016.000","hPa","35.9","pmil","0","55.690","deg","20.000","°C","100.000","%a.s.","22.400","deg","20.000","°C","962.000","hPa","0.861","-0.02617","0.00035","0","0","13.56","Humid","35.35","0","78.50","281547.49","SABD0002000014","AAV2.0.0.13","3.0.3.1703","PSt7-10","180509-002","9/13/2019 10:46:52 AM","0000-00","0","no battery","V"
"06/11/2023","11:09:26","9","default","547630319","OXY_CH9","13.475","min","142.652","μmol/L","Humid","25.142","deg","142544","µV","26.689","°C","1016.000","hPa","35.9","pmil","0","55.690","deg","20.000","°C","100.000","%a.s.","22.400","deg","20.000","°C","962.000","hPa","0.861","-0.02617","0.00035","0","0","13.56","Humid","35.35","0","78.50","281530.33","SABD0002000014","AAV2.0.0.13","3.0.3.1703","PSt7-10","180509-002","9/13/2019 10:46:52 AM","0000-00","0","no battery","V"
"06/11/2023","11:09:27","9","default","547630319","OXY_CH9","13.491","min","142.603","μmol/L","Humid","25.144","deg","142548","µV","26.695","°C","1016.000","hPa","35.9","pmil","0","55.690","deg","20.000","°C","100.000","%a.s.","22.400","deg","20.000","°C","962.000","hPa","0.861","-0.02617","0.00035","0","0","13.56","Humid","35.35","0","78.50","281549.99","SABD0002000014","AAV2.0.0.13","3.0.3.1703","PSt7-10","180509-002","9/13/2019 10:46:52 AM","0000-00","0","no battery","V"
"06/11/2023","11:09:28","9","default","547630319","OXY_CH9","13.508","min","142.614","μmol/L","Humid","25.143","deg","142534","µV","26.695","°C","1016.000","hPa","35.9","pmil","0","55.690","deg","20.000","°C","100.000","%a.s.","22.400","deg","20.000","°C","962.000","hPa","0.861","-0.02617","0.00035","0","0","13.56","Humid","35.35","0","78.50","281542.11","SABD0002000014","AAV2.0.0.13","3.0.3.1703","PSt7-10","180509-002","9/13/2019 10:46:52 AM","0000-00","0","no battery","V"
"06/11/2023","11:09:29","9","default","547630319","OXY_CH9","13.525","min","142.649","μmol/L","Humid","25.140","deg","142517","µV","26.695","°C","1016.000","hPa","35.9","pmil","0","55.690","deg","20.000","°C","100.000","%a.s.","22.400","deg","20.000","°C","962.000","hPa","0.861","-0.02617","0.00035","0","0","13.56","Humid","35.35","0","78.50","281544.11","SABD0002000014","AAV2.0.0.13","3.0.3.1703","PSt7-10","180509-002","9/13/2019 10:46:52 AM","0000-00","0","no battery","V"
"06/11/2023","11:09:30","9","default","547630319","OXY_CH9","13.541","min","142.666","μmol/L","Humid","25.139","deg","142511","µV","26.695","°C","1017.000","hPa","35.9","pmil","0","55.690","deg","20.000","°C","100.000","%a.s.","22.400","deg","20.000","°C","962.000","hPa","0.861","-0.02617","0.00035","0","0","13.56","Humid","35.35","0","78.50","281554.19","SABD0002000014","AAV2.0.0.13","3.0.3.1703","PSt7-10","180509-002","9/13/2019 10:46:52 AM","0000-00","0","no battery","V"
"06/11/2023","11:09:31","9","default","547630319","OXY_CH9","13.558","min","142.673","μmol/L","Humid","25.138","deg","142493","µV","26.695","°C","1016.000","hPa","35.9","pmil","0","55.690","deg","20.000","°C","100.000","%a.s.","22.400","deg","20.000","°C","962.000","hPa","0.861","-0.02617","0.00035","0","0","13.56","Humid","35.35","0","78.50","281550.67","SABD0002000014","AAV2.0.0.13","3.0.3.1703","PSt7-10","180509-002","9/13/2019 10:46:52 AM","0000-00","0","no battery","V"
"06/11/2023","11:09:32","9","default","547630319","OXY_CH9","13.575","min","142.738","μmol/L","Humid","25.135","deg","142480","µV","26.689","°C","1017.000","hPa","35.9","pmil","0","55.690","deg","20.000","°C","100.000","%a.s.","22.400","deg","20.000","°C","962.000","hPa","0.861","-0.02617","0.00035","0","0","13.56","Humid","35.35","0","78.50","281546.33","SABD0002000014","AAV2.0.0.13","3.0.3.1703","PSt7-10","180509-002","9/13/2019 10:46:52 AM","0000-00","0","no battery","V"
"06/11/2023","11:09:33","9","default","547630319","OXY_CH9","13.592","min","142.736","μmol/L","Humid","25.133","deg","142469","µV","26.695","°C","1017.000","hPa","35.9","pmil","0","55.690","deg","20.000","°C","100.000","%a.s.","22.400","deg","20.000","°C","962.000","hPa","0.861","-0.02617","0.00035","0","0","13.56","Humid","35.35","0","78.50","281537.68","SABD0002000014","AAV2.0.0.13","3.0.3.1703","PSt7-10","180509-002","9/13/2019 10:46:52 AM","0000-00","0","no battery","V"
"06/11/2023","11:09:34","9","default","547630319","OXY_CH9","13.609","min","142.736","μmol/L","Humid","25.133","deg","142461","µV","26.695","°C","1017.000","hPa","35.9","pmil","0","55.690","deg","20.000","°C","100.000","%a.s.","22.400","deg","20.000","°C","962.000","hPa","0.861","-0.02617","0.00035","0","0","13.56","Humid","35.35","0","78.50","281527.41","SABD0002000014","AAV2.0.0.13","3.0.3.1703","PSt7-10","180509-002","9/13/2019 10:46:52 AM","0000-00","0","no battery","V"
"06/11/2023","11:09:35","9","default","547630319","OXY_CH9","13.625","min","142.766","μmol/L","Humid","25.130","deg","142453","µV","26.695","°C","1016.000","hPa","35.9","pmil","0","55.690","deg","20.000","°C","100.000","%a.s.","22.400","deg","20.000","°C","962.000","hPa","0.861","-0.02617","0.00035","0","0","13.56","Humid","35.35","0","78.50","281530.98","SABD0002000014","AAV2.0.0.13","3.0.3.1703","PSt7-10","180509-002","9/13/2019 10:46:52 AM","0000-00","0","no battery","V"
"06/11/2023","11:09:36","9","default","547630319","OXY_CH9","13.642","min","142.792","μmol/L","Humid","25.130","deg","142442","µV","26.689","°C","1016.000","hPa","35.9","pmil","0","55.690","deg","20.000","°C","100.000","%a.s.","22.400","deg","20.000","°C","962.000","hPa","0.861","-0.02617","0.00035","0","0","13.56","Humid","35.35","0","78.50","281526.96","SABD0002000014","AAV2.0.0.13","3.0.3.1703","PSt7-10","180509-002","9/13/2019 10:46:52 AM","0000-00","0","no battery","V"
"06/11/2023","11:09:37","9","default","547630319","OXY_CH9","13.658","min","142.800","μmol/L","Humid","25.127","deg","142430","µV","26.695","°C","1016.000","hPa","35.9","pmil","0","55.690","deg","20.000","°C","100.000","%a.s.","22.400","deg","20.000","°C","962.000","hPa","0.861","-0.02617","0.00035","0","0","13.56","Humid","35.35","0","78.50","281534.48","SABD0002000014","AAV2.0.0.13","3.0.3.1703","PSt7-10","180509-002","9/13/2019 10:46:52 AM","0000-00","0","no battery","V"
"06/11/2023","11:09:38","9","default","547630319","OXY_CH9","13.675","min","142.878","μmol/L","Humid","25.123","deg","142429","µV","26.689","°C","1017.000","hPa","35.9","pmil","0","55.690","deg","20.000","°C","100.000","%a.s.","22.400","deg","20.000","°C","962.000","hPa","0.861","-0.02617","0.00035","0","0","13.56","Humid","35.35","0","78.50","281550.65","SABD0002000014","AAV2.0.0.13","3.0.3.1703","PSt7-10","180509-002","9/13/2019 10:46:52 AM","0000-00","0","no battery","V"
"06/11/2023","11:09:39","9","default","547630319","OXY_CH9","13.692","min","142.855","μmol/L","Humid","25.125","deg","142412","µV","26.689","°C","1017.000","hPa","35.9","pmil","0","55.690","deg","20.000","°C","100.000","%a.s.","22.400","deg","20.000","°C","962.000","hPa","0.861","-0.02617","0.00035","0","0","13.56","Humid","35.35","0","78.50","281545.40","SABD0002000014","AAV2.0.0.13","3.0.3.1703","PSt7-10","180509-002","9/13/2019 10:46:52 AM","0000-00","0","no battery","V"
"06/11/2023","11:09:40","9","default","547630319","OXY_CH9","13.708","min","142.859","μmol/L","Humid","25.122","deg","142400","µV","26.695","°C","1016.000","hPa","35.9","pmil","0","55.690","deg","20.000","°C","100.000","%a.s.","22.400","deg","20.000","°C","962.000","hPa","0.861","-0.02617","0.00035","0","0","13.56","Humid","35.35","0","78.50","281542.06","SABD0002000014","AAV2.0.0.13","3.0.3.1703","PSt7-10","180509-002","9/13/2019 10:46:52 AM","0000-00","0","no battery","V"
"06/11/2023","11:09:41","9","default","547630319","OXY_CH9","13.725","min","142.913","μmol/L","Humid","25.120","deg","142388","µV","26.689","°C","1017.000","hPa","35.9","pmil","0","55.690","deg","20.000","°C","100.000","%a.s.","22.400","deg","20.000","°C","962.000","hPa","0.861","-0.02617","0.00035","0","0","13.56","Humid","35.35","0","78.50","281537.71","SABD0002000014","AAV2.0.0.13","3.0.3.1703","PSt7-10","180509-002","9/13/2019 10:46:52 AM","0000-00","0","no battery","V"
"06/11/2023","11:09:42","9","default","547630319","OXY_CH9","13.742","min","142.849","μmol/L","Humid","25.121","deg","142370","µV","26.701","°C","1017.000","hPa","35.9","pmil","0","55.690","deg","20.000","°C","100.000","%a.s.","22.400","deg","20.000","°C","962.000","hPa","0.861","-0.02617","0.00035","0","0","13.56","Humid","35.35","0","78.50","281532.37","SABD0002000014","AAV2.0.0.13","3.0.3.1703","PSt7-10","180509-002","9/13/2019 10:46:52 AM","0000-00","0","no battery","V"
"06/11/2023","11:09:43","9","default","547630319","OXY_CH9","13.758","min","142.903","μmol/L","Humid","25.116","deg","142365","µV","26.701","°C","1016.000","hPa","35.9","pmil","0","55.690","deg","20.000","°C","100.000","%a.s.","22.400","deg","20.000","°C","962.000","hPa","0.861","-0.02617","0.00035","0","0","13.56","Humid","35.35","0","78.50","281523.28","SABD0002000014","AAV2.0.0.13","3.0.3.1703","PSt7-10","180509-002","9/13/2019 10:46:52 AM","0000-00","0","no battery","V"
"06/11/2023","11:09:44","9","default","547630319","OXY_CH9","13.775","min","142.894","μmol/L","Humid","25.119","deg","142356","µV","26.695","°C","1016.000","hPa","35.9","pmil","0","55.690","deg","20.000","°C","100.000","%a.s.","22.400","deg","20.000","°C","962.000","hPa","0.861","-0.02617","0.00035","0","0","13.56","Humid","35.35","0","78.50","281539.14","SABD0002000014","AAV2.0.0.13","3.0.3.1703","PSt7-10","180509-002","9/13/2019 10:46:52 AM","0000-00","0","no battery","V"
"06/11/2023","11:09:45","9","default","547630319","OXY_CH9","13.791","min","142.929","μmol/L","Humid","25.116","deg","142345","µV","26.695","°C","1016.000","hPa","35.9","pmil","0","55.690","deg","20.000","°C","100.000","%a.s.","22.400","deg","20.000","°C","962.000","hPa","0.861","-0.02617","0.00035","0","0","13.56","Humid","35.35","0","78.50","281533.40","SABD0002000014","AAV2.0.0.13","3.0.3.1703","PSt7-10","180509-002","9/13/2019 10:46:52 AM","0000-00","0","no battery","V"
"06/11/2023","11:09:46","9","default","547630319","OXY_CH9","13.808","min","142.969","μmol/L","Humid","25.113","deg","142329","µV","26.695","°C","1017.000","hPa","35.9","pmil","0","55.690","deg","20.000","°C","100.000","%a.s.","22.400","deg","20.000","°C","962.000","hPa","0.861","-0.02617","0.00035","0","0","13.56","Humid","35.35","0","78.50","281544.17","SABD0002000014","AAV2.0.0.13","3.0.3.1703","PSt7-10","180509-002","9/13/2019 10:46:52 AM","0000-00","0","no battery","V"
"06/11/2023","11:09:47","9","default","547630319","OXY_CH9","13.825","min","142.969","μmol/L","Humid","25.113","deg","142326","µV","26.695","°C","1017.000","hPa","35.9","pmil","0","55.690","deg","20.000","°C","100.000","%a.s.","22.400","deg","20.000","°C","962.000","hPa","0.861","-0.02617","0.00035","0","0","13.56","Humid","35.35","0","78.50","281547.94","SABD0002000014","AAV2.0.0.13","3.0.3.1703","PSt7-10","180509-002","9/13/2019 10:46:52 AM","0000-00","0","no battery","V"
"06/11/2023","11:09:48","9","default","547630319","OXY_CH9","13.842","min","143.010","μmol/L","Humid","25.109","deg","142319","µV","26.695","°C","1016.000","hPa","35.9","pmil","0","55.690","deg","20.000","°C","100.000","%a.s.","22.400","deg","20.000","°C","962.000","hPa","0.861","-0.02617","0.00035","0","0","13.56","Humid","35.35","0","78.50","281547.90","SABD0002000014","AAV2.0.0.13","3.0.3.1703","PSt7-10","180509-002","9/13/2019 10:46:52 AM","0000-00","0","no battery","V"
"06/11/2023","11:09:49","9","default","547630319","OXY_CH9","13.859","min","143.062","μmol/L","Humid","25.105","deg","142301","µV","26.695","°C","1017.000","hPa","35.9","pmil","0","55.690","deg","20.000","°C","100.000","%a.s.","22.400","deg","20.000","°C","962.000","hPa","0.861","-0.02617","0.00035","0","0","13.56","Humid","35.35","0","78.50","281538.55","SABD0002000014","AAV2.0.0.13","3.0.3.1703","PSt7-10","180509-002","9/13/2019 10:46:52 AM","0000-00","0","no battery","V"
"06/11/2023","11:09:50","9","default","547630319","OXY_CH9","13.875","min","143.080","μmol/L","Humid","25.103","deg","142290","µV","26.695","°C","1016.000","hPa","35.9","pmil","0","55.690","deg","20.000","°C","100.000","%a.s.","22.400","deg","20.000","°C","962.000","hPa","0.861","-0.02617","0.00035","0","0","13.56","Humid","35.35","0","78.50","281544.67","SABD0002000014","AAV2.0.0.13","3.0.3.1703","PSt7-10","180509-002","9/13/2019 10:46:52 AM","0000-00","0","no battery","V"
"06/11/2023","11:09:51","9","default","547630319","OXY_CH9","13.892","min","143.045","μmol/L","Humid","25.106","deg","142282","µV","26.695","°C","1016.000","hPa","35.9","pmil","0","55.690","deg","20.000","°C","100.000","%a.s.","22.400","deg","20.000","°C","962.000","hPa","0.861","-0.02617","0.00035","0","0","13.56","Humid","35.35","0","78.50","281533.82","SABD0002000014","AAV2.0.0.13","3.0.3.1703","PSt7-10","180509-002","9/13/2019 10:46:52 AM","0000-00","0","no battery","V"
"06/11/2023","11:09:52","9","default","547630319","OXY_CH9","13.909","min","143.101","μmol/L","Humid","25.099","deg","142267","µV","26.701","°C","1016.000","hPa","35.9","pmil","0","55.690","deg","20.000","°C","100.000","%a.s.","22.400","deg","20.000","°C","962.000","hPa","0.861","-0.02617","0.00035","0","0","13.56","Humid","35.35","0","78.50","281537.45","SABD0002000014","AAV2.0.0.13","3.0.3.1703","PSt7-10","180509-002","9/13/2019 10:46:52 AM","0000-00","0","no battery","V"
"06/11/2023","11:09:53","9","default","547630319","OXY_CH9","13.925","min","143.080","μmol/L","Humid","25.103","deg","142261","µV","26.695","°C","1016.000","hPa","35.9","pmil","0","55.690","deg","20.000","°C","100.000","%a.s.","22.400","deg","20.000","°C","962.000","hPa","0.861","-0.02617","0.00035","0","0","13.56","Humid","35.35","0","78.50","281537.65","SABD0002000014","AAV2.0.0.13","3.0.3.1703","PSt7-10","180509-002","9/13/2019 10:46:52 AM","0000-00","0","no battery","V"
"06/11/2023","11:09:54","9","default","547630319","OXY_CH9","13.942","min","143.127","μmol/L","Humid","25.099","deg","142242","µV","26.695","°C","1016.000","hPa","35.9","pmil","0","55.690","deg","20.000","°C","100.000","%a.s.","22.400","deg","20.000","°C","962.000","hPa","0.861","-0.02617","0.00035","0","0","13.56","Humid","35.35","0","78.50","281537.81","SABD0002000014","AAV2.0.0.13","3.0.3.1703","PSt7-10","180509-002","9/13/2019 10:46:52 AM","0000-00","0","no battery","V"
"06/11/2023","11:09:55","9","default","547630319","OXY_CH9","13.958","min","143.127","μmol/L","Humid","25.099","deg","142237","µV","26.695","°C","1016.000","hPa","35.9","pmil","0","55.690","deg","20.000","°C","100.000","%a.s.","22.400","deg","20.000","°C","962.000","hPa","0.861","-0.02617","0.00035","0","0","13.56","Humid","35.35","0","78.50","281528.20","SABD0002000014","AAV2.0.0.13","3.0.3.1703","PSt7-10","180509-002","9/13/2019 10:46:52 AM","0000-00","0","no battery","V"
"06/11/2023","11:09:56","9","default","547630319","OXY_CH9","13.975","min","143.197","μmol/L","Humid","25.093","deg","142222","µV","26.695","°C","1016.000","hPa","35.9","pmil","0","55.690","deg","20.000","°C","100.000","%a.s.","22.400","deg","20.000","°C","962.000","hPa","0.861","-0.02617","0.00035","0","0","13.56","Humid","35.35","0","78.50","281520.84","SABD0002000014","AAV2.0.0.13","3.0.3.1703","PSt7-10","180509-002","9/13/2019 10:46:52 AM","0000-00","0","no battery","V"
"06/11/2023","11:09:57","9","default","547630319","OXY_CH9","13.992","min","143.173","μmol/L","Humid","25.095","deg","142216","µV","26.695","°C","1016.000","hPa","35.9","pmil","0","55.690","deg","20.000","°C","100.000","%a.s.","22.400","deg","20.000","°C","962.000","hPa","0.861","-0.02617","0.00035","0","0","13.56","Humid","35.35","0","78.50","281526.39","SABD0002000014","AAV2.0.0.13","3.0.3.1703","PSt7-10","180509-002","9/13/2019 10:46:52 AM","0000-00","0","no battery","V"
"06/11/2023","11:09:58","9","default","547630319","OXY_CH9","14.008","min","143.197","μmol/L","Humid","25.093","deg","142195","µV","26.695","°C","1016.000","hPa","35.9","pmil","0","55.690","deg","20.000","°C","100.000","%a.s.","22.400","deg","20.000","°C","962.000","hPa","0.861","-0.02617","0.00035","0","0","13.56","Humid","35.35","0","78.50","281530.22","SABD0002000014","AAV2.0.0.13","3.0.3.1703","PSt7-10","180509-002","9/13/2019 10:46:52 AM","0000-00","0","no battery","V"
"06/11/2023","11:09:59","9","default","547630319","OXY_CH9","14.025","min","143.237","μmol/L","Humid","25.090","deg","142191","µV","26.695","°C","1017.000","hPa","35.9","pmil","0","55.690","deg","20.000","°C","100.000","%a.s.","22.400","deg","20.000","°C","962.000","hPa","0.861","-0.02617","0.00035","0","0","13.56","Humid","35.35","0","78.50","281538.70","SABD0002000014","AAV2.0.0.13","3.0.3.1703","PSt7-10","180509-002","9/13/2019 10:46:52 AM","0000-00","0","no battery","V"
"06/11/2023","11:10:00","9","default","547630319","OXY_CH9","14.041","min","143.246","μmol/L","Humid","25.091","deg","142183","µV","26.689","°C","1016.000","hPa","35.9","pmil","0","55.690","deg","20.000","°C","100.000","%a.s.","22.400","deg","20.000","°C","962.000","hPa","0.861","-0.02617","0.00035","0","0","13.56","Humid","35.35","0","78.50","281527.55","SABD0002000014","AAV2.0.0.13","3.0.3.1703","PSt7-10","180509-002","9/13/2019 10:46:52 AM","0000-00","0","no battery","V"
"06/11/2023","11:10:01","9","default","547630319","OXY_CH9","14.058","min","143.244","μmol/L","Humid","25.089","deg","142173","µV","26.695","°C","1016.000","hPa","35.9","pmil","0","55.690","deg","20.000","°C","100.000","%a.s.","22.400","deg","20.000","°C","962.000","hPa","0.861","-0.02617","0.00035","0","0","13.56","Humid","35.35","0","78.50","281538.18","SABD0002000014","AAV2.0.0.13","3.0.3.1703","PSt7-10","180509-002","9/13/2019 10:46:52 AM","0000-00","0","no battery","V"
"06/11/2023","11:10:02","9","default","547630319","OXY_CH9","14.075","min","143.267","μmol/L","Humid","25.087","deg","142164","µV","26.695","°C","1016.000","hPa","35.9","pmil","0","55.690","deg","20.000","°C","100.000","%a.s.","22.400","deg","20.000","°C","962.000","hPa","0.861","-0.02617","0.00035","0","0","13.56","Humid","35.35","0","78.50","281515.12","SABD0002000014","AAV2.0.0.13","3.0.3.1703","PSt7-10","180509-002","9/13/2019 10:46:52 AM","0000-00","0","no battery","V"
"06/11/2023","11:10:03","9","default","547630319","OXY_CH9","14.092","min","143.316","μmol/L","Humid","25.085","deg","142147","µV","26.689","°C","1016.000","hPa","35.9","pmil","0","55.690","deg","20.000","°C","100.000","%a.s.","22.400","deg","20.000","°C","962.000","hPa","0.861","-0.02617","0.00035","0","0","13.56","Humid","35.35","0","78.50","281522.52","SABD0002000014","AAV2.0.0.13","3.0.3.1703","PSt7-10","180509-002","9/13/2019 10:46:52 AM","0000-00","0","no battery","V"
"06/11/2023","11:10:04","9","default","547630319","OXY_CH9","14.108","min","143.290","μmol/L","Humid","25.085","deg","142135","µV","26.695","°C","1016.000","hPa","35.9","pmil","0","55.690","deg","20.000","°C","100.000","%a.s.","22.400","deg","20.000","°C","962.000","hPa","0.861","-0.02617","0.00035","0","0","13.56","Humid","35.35","0","78.50","281523.54","SABD0002000014","AAV2.0.0.13","3.0.3.1703","PSt7-10","180509-002","9/13/2019 10:46:52 AM","0000-00","0","no battery","V"
"06/11/2023","11:10:05","9","default","547630319","OXY_CH9","14.125","min","143.290","μmol/L","Humid","25.085","deg","142133","µV","26.695","°C","1016.000","hPa","35.9","pmil","0","55.690","deg","20.000","°C","100.000","%a.s.","22.400","deg","20.000","°C","962.000","hPa","0.861","-0.02617","0.00035","0","0","13.56","Humid","35.35","0","78.50","281510.80","SABD0002000014","AAV2.0.0.13","3.0.3.1703","PSt7-10","180509-002","9/13/2019 10:46:52 AM","0000-00","0","no battery","V"
"06/11/2023","11:10:06","9","default","547630319","OXY_CH9","14.142","min","143.325","μmol/L","Humid","25.082","deg","142124","µV","26.695","°C","1016.000","hPa","35.9","pmil","0","55.690","deg","20.000","°C","100.000","%a.s.","22.400","deg","20.000","°C","962.000","hPa","0.861","-0.02617","0.00035","0","0","13.56","Humid","35.35","0","78.50","281522.20","SABD0002000014","AAV2.0.0.13","3.0.3.1703","PSt7-10","180509-002","9/13/2019 10:46:52 AM","0000-00","0","no battery","V"
"06/11/2023","11:10:07","9","default","547630319","OXY_CH9","14.158","min","143.375","μmol/L","Humid","25.080","deg","142115","µV","26.689","°C","1016.000","hPa","35.9","pmil","0","55.690","deg","20.000","°C","100.000","%a.s.","22.400","deg","20.000","°C","962.000","hPa","0.861","-0.02617","0.00035","0","0","13.56","Humid","35.35","0","78.50","281515.11","SABD0002000014","AAV2.0.0.13","3.0.3.1703","PSt7-10","180509-002","9/13/2019 10:46:52 AM","0000-00","0","no battery","V"
"06/11/2023","11:10:08","9","default","547630319","OXY_CH9","14.175","min","143.398","μmol/L","Humid","25.078","deg","142102","µV","26.689","°C","1016.000","hPa","35.9","pmil","0","55.690","deg","20.000","°C","100.000","%a.s.","22.400","deg","20.000","°C","962.000","hPa","0.861","-0.02617","0.00035","0","0","13.56","Humid","35.35","0","78.50","281526.05","SABD0002000014","AAV2.0.0.13","3.0.3.1703","PSt7-10","180509-002","9/13/2019 10:46:52 AM","0000-00","0","no battery","V"
"06/11/2023","11:10:09","9","default","547630319","OXY_CH9","14.192","min","143.398","μmol/L","Humid","25.078","deg","142093","µV","26.689","°C","1016.000","hPa","35.9","pmil","0","55.690","deg","20.000","°C","100.000","%a.s.","22.400","deg","20.000","°C","962.000","hPa","0.861","-0.02617","0.00035","0","0","13.56","Humid","35.35","0","78.50","281512.55","SABD0002000014","AAV2.0.0.13","3.0.3.1703","PSt7-10","180509-002","9/13/2019 10:46:52 AM","0000-00","0","no battery","V"
"06/11/2023","11:10:10","9","default","547630319","OXY_CH9","14.208","min","143.464","μmol/L","Humid","25.075","deg","142081","µV","26.683","°C","1017.000","hPa","35.9","pmil","0","55.690","deg","20.000","°C","100.000","%a.s.","22.400","deg","20.000","°C","962.000","hPa","0.861","-0.02617","0.00035","0","0","13.56","Humid","35.35","0","78.50","281512.44","SABD0002000014","AAV2.0.0.13","3.0.3.1703","PSt7-10","180509-002","9/13/2019 10:46:52 AM","0000-00","0","no battery","V"
"06/11/2023","11:10:11","9","default","547630319","OXY_CH9","14.225","min","143.407","μmol/L","Humid","25.075","deg","142071","µV","26.695","°C","1016.000","hPa","35.9","pmil","0","55.690","deg","20.000","°C","100.000","%a.s.","22.400","deg","20.000","°C","962.000","hPa","0.861","-0.02617","0.00035","0","0","13.56","Humid","35.35","0","78.50","281518.71","SABD0002000014","AAV2.0.0.13","3.0.3.1703","PSt7-10","180509-002","9/13/2019 10:46:52 AM","0000-00","0","no battery","V"
"06/11/2023","11:10:12","9","default","547630319","OXY_CH9","14.241","min","143.457","μmol/L","Humid","25.073","deg","142060","µV","26.689","°C","1016.000","hPa","35.9","pmil","0","55.690","deg","20.000","°C","100.000","%a.s.","22.400","deg","20.000","°C","962.000","hPa","0.861","-0.02617","0.00035","0","0","13.56","Humid","35.35","0","78.50","281512.15","SABD0002000014","AAV2.0.0.13","3.0.3.1703","PSt7-10","180509-002","9/13/2019 10:46:52 AM","0000-00","0","no battery","V"
"06/11/2023","11:10:13","9","default","547630319","OXY_CH9","14.259","min","143.431","μmol/L","Humid","25.073","deg","142059","µV","26.695","°C","1016.000","hPa","35.9","pmil","0","55.690","deg","20.000","°C","100.000","%a.s.","22.400","deg","20.000","°C","962.000","hPa","0.861","-0.02617","0.00035","0","0","13.56","Humid","35.35","0","78.50","281527.32","SABD0002000014","AAV2.0.0.13","3.0.3.1703","PSt7-10","180509-002","9/13/2019 10:46:52 AM","0000-00","0","no battery","V"
"06/11/2023","11:10:14","9","default","547630319","OXY_CH9","14.275","min","143.454","μmol/L","Humid","25.071","deg","142044","µV","26.695","°C","1016.000","hPa","35.9","pmil","0","55.690","deg","20.000","°C","100.000","%a.s.","22.400","deg","20.000","°C","962.000","hPa","0.861","-0.02617","0.00035","0","0","13.56","Humid","35.35","0","78.50","281517.25","SABD0002000014","AAV2.0.0.13","3.0.3.1703","PSt7-10","180509-002","9/13/2019 10:46:52 AM","0000-00","0","no battery","V"
"06/11/2023","11:10:15","9","default","547630319","OXY_CH9","14.292","min","143.508","μmol/L","Humid","25.069","deg","142030","µV","26.689","°C","1017.000","hPa","35.9","pmil","0","55.690","deg","20.000","°C","100.000","%a.s.","22.400","deg","20.000","°C","962.000","hPa","0.861","-0.02617","0.00035","0","0","13.56","Humid","35.35","0","78.50","281513.79","SABD0002000014","AAV2.0.0.13","3.0.3.1703","PSt7-10","180509-002","9/13/2019 10:46:52 AM","0000-00","0","no battery","V"
"06/11/2023","11:10:16","9","default","547630319","OXY_CH9","14.308","min","143.428","μmol/L","Humid","25.071","deg","142019","µV","26.701","°C","1016.000","hPa","35.9","pmil","0","55.690","deg","20.000","°C","100.000","%a.s.","22.400","deg","20.000","°C","962.000","hPa","0.861","-0.02617","0.00035","0","0","13.56","Humid","35.35","0","78.50","281505.31","SABD0002000014","AAV2.0.0.13","3.0.3.1703","PSt7-10","180509-002","9/13/2019 10:46:52 AM","0000-00","0","no battery","V"
"06/11/2023","11:10:17","9","default","547630319","OXY_CH9","14.325","min","143.524","μmol/L","Humid","25.065","deg","142016","µV","26.695","°C","1016.000","hPa","35.9","pmil","0","55.690","deg","20.000","°C","100.000","%a.s.","22.400","deg","20.000","°C","962.000","hPa","0.861","-0.02617","0.00035","0","0","13.56","Humid","35.35","0","78.50","281517.35","SABD0002000014","AAV2.0.0.13","3.0.3.1703","PSt7-10","180509-002","9/13/2019 10:46:52 AM","0000-00","0","no battery","V"
"06/11/2023","11:10:18","9","default","547630319","OXY_CH9","14.342","min","143.539","μmol/L","Humid","25.066","deg","142008","µV","26.689","°C","1016.000","hPa","35.9","pmil","0","55.690","deg","20.000","°C","100.000","%a.s.","22.400","deg","20.000","°C","962.000","hPa","0.861","-0.02617","0.00035","0","0","13.56","Humid","35.35","0","78.50","281516.58","SABD0002000014","AAV2.0.0.13","3.0.3.1703","PSt7-10","180509-002","9/13/2019 10:46:52 AM","0000-00","0","no battery","V"
"06/11/2023","11:10:19","9","default","547630319","OXY_CH9","14.358","min","143.579","μmol/L","Humid","25.063","deg","141991","µV","26.689","°C","1017.000","hPa","35.9","pmil","0","55.690","deg","20.000","°C","100.000","%a.s.","22.400","deg","20.000","°C","962.000","hPa","0.861","-0.02617","0.00035","0","0","13.56","Humid","35.35","0","78.50","281507.52","SABD0002000014","AAV2.0.0.13","3.0.3.1703","PSt7-10","180509-002","9/13/2019 10:46:52 AM","0000-00","0","no battery","V"
"06/11/2023","11:10:20","9","default","547630319","OXY_CH9","14.375","min","143.562","μmol/L","Humid","25.064","deg","141980","µV","26.689","°C","1016.000","hPa","35.9","pmil","0","55.690","deg","20.000","°C","100.000","%a.s.","22.400","deg","20.000","°C","962.000","hPa","0.861","-0.02617","0.00035","0","0","13.56","Humid","35.35","0","78.50","281512.94","SABD0002000014","AAV2.0.0.13","3.0.3.1703","PSt7-10","180509-002","9/13/2019 10:46:52 AM","0000-00","0","no battery","V"
"06/11/2023","11:10:21","9","default","547630319","OXY_CH9","14.392","min","143.632","μmol/L","Humid","25.058","deg","141977","µV","26.689","°C","1016.000","hPa","35.9","pmil","0","55.690","deg","20.000","°C","100.000","%a.s.","22.400","deg","20.000","°C","962.000","hPa","0.861","-0.02617","0.00035","0","0","13.56","Humid","35.35","0","78.50","281511.63","SABD0002000014","AAV2.0.0.13","3.0.3.1703","PSt7-10","180509-002","9/13/2019 10:46:52 AM","0000-00","0","no battery","V"
"06/11/2023","11:10:22","9","default","547630319","OXY_CH9","14.408","min","143.597","μmol/L","Humid","25.061","deg","141963","µV","26.689","°C","1016.000","hPa","35.9","pmil","0","55.690","deg","20.000","°C","100.000","%a.s.","22.400","deg","20.000","°C","962.000","hPa","0.861","-0.02617","0.00035","0","0","13.56","Humid","35.35","0","78.50","281510.19","SABD0002000014","AAV2.0.0.13","3.0.3.1703","PSt7-10","180509-002","9/13/2019 10:46:52 AM","0000-00","0","no battery","V"
"06/11/2023","11:10:23","9","default","547630319","OXY_CH9","14.425","min","143.637","μmol/L","Humid","25.058","deg","141954","µV","26.689","°C","1017.000","hPa","35.9","pmil","0","55.690","deg","20.000","°C","100.000","%a.s.","22.400","deg","20.000","°C","962.000","hPa","0.861","-0.02617","0.00035","0","0","13.56","Humid","35.35","0","78.50","281501.13","SABD0002000014","AAV2.0.0.13","3.0.3.1703","PSt7-10","180509-002","9/13/2019 10:46:52 AM","0000-00","0","no battery","V"
"06/11/2023","11:10:24","9","default","547630319","OXY_CH9","14.441","min","143.641","μmol/L","Humid","25.055","deg","141943","µV","26.695","°C","1016.000","hPa","35.9","pmil","0","55.690","deg","20.000","°C","100.000","%a.s.","22.400","deg","20.000","°C","962.000","hPa","0.861","-0.02617","0.00035","0","0","13.56","Humid","35.35","0","78.50","281500.32","SABD0002000014","AAV2.0.0.13","3.0.3.1703","PSt7-10","180509-002","9/13/2019 10:46:52 AM","0000-00","0","no battery","V"
"06/11/2023","11:10:25","9","default","547630319","OXY_CH9","14.458","min","143.691","μmol/L","Humid","25.053","deg","141933","µV","26.689","°C","1016.000","hPa","35.9","pmil","0","55.690","deg","20.000","°C","100.000","%a.s.","22.400","deg","20.000","°C","962.000","hPa","0.861","-0.02617","0.00035","0","0","13.56","Humid","35.35","0","78.50","281509.67","SABD0002000014","AAV2.0.0.13","3.0.3.1703","PSt7-10","180509-002","9/13/2019 10:46:52 AM","0000-00","0","no battery","V"
"06/11/2023","11:10:26","9","default","547630319","OXY_CH9","14.475","min","143.662","μmol/L","Humid","25.051","deg","141920","µV","26.701","°C","1016.000","hPa","35.9","pmil","0","55.690","deg","20.000","°C","100.000","%a.s.","22.400","deg","20.000","°C","962.000","hPa","0.861","-0.02617","0.00035","0","0","13.56","Humid","35.35","0","78.50","281508.85","SABD0002000014","AAV2.0.0.13","3.0.3.1703","PSt7-10","180509-002","9/13/2019 10:46:52 AM","0000-00","0","no battery","V"
"06/11/2023","11:10:27","9","default","547630319","OXY_CH9","14.491","min","143.738","μmol/L","Humid","25.049","deg","141902","µV","26.689","°C","1016.000","hPa","35.9","pmil","0","55.690","deg","20.000","°C","100.000","%a.s.","22.400","deg","20.000","°C","962.000","hPa","0.861","-0.02617","0.00035","0","0","13.56","Humid","35.35","0","78.50","281502.78","SABD0002000014","AAV2.0.0.13","3.0.3.1703","PSt7-10","180509-002","9/13/2019 10:46:52 AM","0000-00","0","no battery","V"
"06/11/2023","11:10:28","9","default","547630319","OXY_CH9","14.508","min","143.750","μmol/L","Humid","25.048","deg","141896","µV","26.689","°C","1016.000","hPa","35.9","pmil","0","55.690","deg","20.000","°C","100.000","%a.s.","22.400","deg","20.000","°C","962.000","hPa","0.861","-0.02617","0.00035","0","0","13.56","Humid","35.35","0","78.50","281502.78","SABD0002000014","AAV2.0.0.13","3.0.3.1703","PSt7-10","180509-002","9/13/2019 10:46:52 AM","0000-00","0","no battery","V"
"06/11/2023","11:10:29","9","default","547630319","OXY_CH9","14.525","min","143.735","μmol/L","Humid","25.047","deg","141888","µV","26.695","°C","1016.000","hPa","35.9","pmil","0","55.690","deg","20.000","°C","100.000","%a.s.","22.400","deg","20.000","°C","962.000","hPa","0.861","-0.02617","0.00035","0","0","13.56","Humid","35.35","0","78.50","281502.33","SABD0002000014","AAV2.0.0.13","3.0.3.1703","PSt7-10","180509-002","9/13/2019 10:46:52 AM","0000-00","0","no battery","V"
"06/11/2023","11:10:30","9","default","547630319","OXY_CH9","14.542","min","143.750","μmol/L","Humid","25.048","deg","141882","µV","26.689","°C","1016.000","hPa","35.9","pmil","0","55.690","deg","20.000","°C","100.000","%a.s.","22.400","deg","20.000","°C","962.000","hPa","0.861","-0.02617","0.00035","0","0","13.56","Humid","35.35","0","78.50","281510.76","SABD0002000014","AAV2.0.0.13","3.0.3.1703","PSt7-10","180509-002","9/13/2019 10:46:52 AM","0000-00","0","no battery","V"
"06/11/2023","11:10:31","9","default","547630319","OXY_CH9","14.558","min","143.785","μmol/L","Humid","25.045","deg","141866","µV","26.689","°C","1016.000","hPa","35.9","pmil","0","55.690","deg","20.000","°C","100.000","%a.s.","22.400","deg","20.000","°C","962.000","hPa","0.861","-0.02617","0.00035","0","0","13.56","Humid","35.35","0","78.50","281505.63","SABD0002000014","AAV2.0.0.13","3.0.3.1703","PSt7-10","180509-002","9/13/2019 10:46:52 AM","0000-00","0","no battery","V"
"06/11/2023","11:10:32","9","default","547630319","OXY_CH9","14.575","min","143.785","μmol/L","Humid","25.045","deg","141855","µV","26.689","°C","1016.000","hPa","35.9","pmil","0","55.690","deg","20.000","°C","100.000","%a.s.","22.400","deg","20.000","°C","962.000","hPa","0.861","-0.02617","0.00035","0","0","13.56","Humid","35.35","0","78.50","281495.31","SABD0002000014","AAV2.0.0.13","3.0.3.1703","PSt7-10","180509-002","9/13/2019 10:46:52 AM","0000-00","0","no battery","V"
"06/11/2023","11:10:33","9","default","547630319","OXY_CH9","14.591","min","143.768","μmol/L","Humid","25.042","deg","141850","µV","26.701","°C","1016.000","hPa","35.9","pmil","0","55.690","deg","20.000","°C","100.000","%a.s.","22.400","deg","20.000","°C","962.000","hPa","0.861","-0.02617","0.00035","0","0","13.56","Humid","35.35","0","78.50","281488.11","SABD0002000014","AAV2.0.0.13","3.0.3.1703","PSt7-10","180509-002","9/13/2019 10:46:52 AM","0000-00","0","no battery","V"
"06/11/2023","11:10:34","9","default","547630319","OXY_CH9","14.608","min","143.794","μmol/L","Humid","25.042","deg","141839","µV","26.695","°C","1016.000","hPa","35.9","pmil","0","55.690","deg","20.000","°C","100.000","%a.s.","22.400","deg","20.000","°C","962.000","hPa","0.861","-0.02617","0.00035","0","0","13.56","Humid","35.35","0","78.50","281491.32","SABD0002000014","AAV2.0.0.13","3.0.3.1703","PSt7-10","180509-002","9/13/2019 10:46:52 AM","0000-00","0","no battery","V"
"06/11/2023","11:10:35","9","default","547630319","OXY_CH9","14.624","min","143.879","μmol/L","Humid","25.037","deg","141830","µV","26.689","°C","1016.000","hPa","35.9","pmil","0","55.690","deg","20.000","°C","100.000","%a.s.","22.400","deg","20.000","°C","962.000","hPa","0.861","-0.02617","0.00035","0","0","13.56","Humid","35.35","0","78.50","281478.78","SABD0002000014","AAV2.0.0.13","3.0.3.1703","PSt7-10","180509-002","9/13/2019 10:46:52 AM","0000-00","0","no battery","V"
"06/11/2023","11:10:36","9","default","547630319","OXY_CH9","14.642","min","143.852","μmol/L","Humid","25.037","deg","141827","µV","26.695","°C","1016.000","hPa","35.9","pmil","0","55.690","deg","20.000","°C","100.000","%a.s.","22.400","deg","20.000","°C","962.000","hPa","0.861","-0.02617","0.00035","0","0","13.56","Humid","35.35","0","78.50","281497.46","SABD0002000014","AAV2.0.0.13","3.0.3.1703","PSt7-10","180509-002","9/13/2019 10:46:52 AM","0000-00","0","no battery","V"
"06/11/2023","11:10:37","9","default","547630319","OXY_CH9","14.658","min","143.928","μmol/L","Humid","25.035","deg","141811","µV","26.683","°C","1016.000","hPa","35.9","pmil","0","55.690","deg","20.000","°C","100.000","%a.s.","22.400","deg","20.000","°C","962.000","hPa","0.861","-0.02617","0.00035","0","0","13.56","Humid","35.35","0","78.50","281493.72","SABD0002000014","AAV2.0.0.13","3.0.3.1703","PSt7-10","180509-002","9/13/2019 10:46:52 AM","0000-00","0","no battery","V"
"06/11/2023","11:10:38","9","default","547630319","OXY_CH9","14.675","min","143.940","μmol/L","Humid","25.034","deg","141792","µV","26.683","°C","1016.000","hPa","35.9","pmil","0","55.690","deg","20.000","°C","100.000","%a.s.","22.400","deg","20.000","°C","962.000","hPa","0.861","-0.02617","0.00035","0","0","13.56","Humid","35.35","0","78.50","281488.30","SABD0002000014","AAV2.0.0.13","3.0.3.1703","PSt7-10","180509-002","9/13/2019 10:46:52 AM","0000-00","0","no battery","V"
"06/11/2023","11:10:39","9","default","547630319","OXY_CH9","14.691","min","143.876","μmol/L","Humid","25.035","deg","141786","µV","26.695","°C","1016.000","hPa","35.9","pmil","0","55.690","deg","20.000","°C","100.000","%a.s.","22.400","deg","20.000","°C","962.000","hPa","0.861","-0.02617","0.00035","0","0","13.56","Humid","35.35","0","78.50","281488.98","SABD0002000014","AAV2.0.0.13","3.0.3.1703","PSt7-10","180509-002","9/13/2019 10:46:52 AM","0000-00","0","no battery","V"
"06/11/2023","11:10:40","9","default","547630319","OXY_CH9","14.708","min","143.949","μmol/L","Humid","25.031","deg","141782","µV","26.689","°C","1016.000","hPa","35.9","pmil","0","55.690","deg","20.000","°C","100.000","%a.s.","22.400","deg","20.000","°C","962.000","hPa","0.861","-0.02617","0.00035","0","0","13.56","Humid","35.35","0","78.50","281484.27","SABD0002000014","AAV2.0.0.13","3.0.3.1703","PSt7-10","180509-002","9/13/2019 10:46:52 AM","0000-00","0","no battery","V"
"06/11/2023","11:10:41","9","default","547630319","OXY_CH9","14.725","min","143.982","μmol/L","Humid","25.026","deg","141770","µV","26.695","°C","1016.000","hPa","35.9","pmil","0","55.690","deg","20.000","°C","100.000","%a.s.","22.400","deg","20.000","°C","962.000","hPa","0.861","-0.02617","0.00035","0","0","13.56","Humid","35.35","0","78.50","281498.80","SABD0002000014","AAV2.0.0.13","3.0.3.1703","PSt7-10","180509-002","9/13/2019 10:46:52 AM","0000-00","0","no battery","V"
"06/11/2023","11:10:42","9","default","547630319","OXY_CH9","14.741","min","143.946","μmol/L","Humid","25.029","deg","141756","µV","26.695","°C","1016.000","hPa","35.9","pmil","0","55.690","deg","20.000","°C","100.000","%a.s.","22.400","deg","20.000","°C","962.000","hPa","0.861","-0.02617","0.00035","0","0","13.56","Humid","35.35","0","78.50","281480.64","SABD0002000014","AAV2.0.0.13","3.0.3.1703","PSt7-10","180509-002","9/13/2019 10:46:52 AM","0000-00","0","no battery","V"
"06/11/2023","11:10:43","9","default","547630319","OXY_CH9","14.758","min","143.958","μmol/L","Humid","25.028","deg","141758","µV","26.695","°C","1016.000","hPa","35.9","pmil","0","55.690","deg","20.000","°C","100.000","%a.s.","22.400","deg","20.000","°C","962.000","hPa","0.861","-0.02617","0.00035","0","0","13.56","Humid","35.35","0","78.50","281493.04","SABD0002000014","AAV2.0.0.13","3.0.3.1703","PSt7-10","180509-002","9/13/2019 10:46:52 AM","0000-00","0","no battery","V"
"06/11/2023","11:10:44","9","default","547630319","OXY_CH9","14.774","min","144.017","μmol/L","Humid","25.023","deg","141728","µV","26.695","°C","1016.000","hPa","35.9","pmil","0","55.690","deg","20.000","°C","100.000","%a.s.","22.400","deg","20.000","°C","962.000","hPa","0.861","-0.02617","0.00035","0","0","13.56","Humid","35.35","0","78.50","281477.65","SABD0002000014","AAV2.0.0.13","3.0.3.1703","PSt7-10","180509-002","9/13/2019 10:46:52 AM","0000-00","0","no battery","V"
"06/11/2023","11:10:45","9","default","547630319","OXY_CH9","14.791","min","144.043","μmol/L","Humid","25.023","deg","141726","µV","26.689","°C","1016.000","hPa","35.9","pmil","0","55.690","deg","20.000","°C","100.000","%a.s.","22.400","deg","20.000","°C","962.000","hPa","0.861","-0.02617","0.00035","0","0","13.56","Humid","35.35","0","78.50","281487.94","SABD0002000014","AAV2.0.0.13","3.0.3.1703","PSt7-10","180509-002","9/13/2019 10:46:52 AM","0000-00","0","no battery","V"
"06/11/2023","11:10:46","9","default","547630319","OXY_CH9","14.808","min","144.067","μmol/L","Humid","25.021","deg","141711","µV","26.689","°C","1016.000","hPa","35.9","pmil","0","55.690","deg","20.000","°C","100.000","%a.s.","22.400","deg","20.000","°C","962.000","hPa","0.861","-0.02617","0.00035","0","0","13.56","Humid","35.35","0","78.50","281478.80","SABD0002000014","AAV2.0.0.13","3.0.3.1703","PSt7-10","180509-002","9/13/2019 10:46:52 AM","0000-00","0","no battery","V"
"06/11/2023","11:10:47","9","default","547630319","OXY_CH9","14.825","min","144.040","μmol/L","Humid","25.021","deg","141702","µV","26.695","°C","1016.000","hPa","35.9","pmil","0","55.690","deg","20.000","°C","100.000","%a.s.","22.400","deg","20.000","°C","962.000","hPa","0.861","-0.02617","0.00035","0","0","13.56","Humid","35.35","0","78.50","281470.69","SABD0002000014","AAV2.0.0.13","3.0.3.1703","PSt7-10","180509-002","9/13/2019 10:46:52 AM","0000-00","0","no battery","V"
"06/11/2023","11:10:48","9","default","547630319","OXY_CH9","14.842","min","144.081","μmol/L","Humid","25.018","deg","141690","µV","26.695","°C","1017.000","hPa","35.9","pmil","0","55.690","deg","20.000","°C","100.000","%a.s.","22.400","deg","20.000","°C","962.000","hPa","0.861","-0.02617","0.00035","0","0","13.56","Humid","35.35","0","78.50","281478.74","SABD0002000014","AAV2.0.0.13","3.0.3.1703","PSt7-10","180509-002","9/13/2019 10:46:52 AM","0000-00","0","no battery","V"
"06/11/2023","11:10:49","9","default","547630319","OXY_CH9","14.858","min","144.087","μmol/L","Humid","25.017","deg","141679","µV","26.695","°C","1016.000","hPa","35.9","pmil","0","55.690","deg","20.000","°C","100.000","%a.s.","22.400","deg","20.000","°C","962.000","hPa","0.861","-0.02617","0.00035","0","0","13.56","Humid","35.35","0","78.50","281482.25","SABD0002000014","AAV2.0.0.13","3.0.3.1703","PSt7-10","180509-002","9/13/2019 10:46:52 AM","0000-00","0","no battery","V"
"06/11/2023","11:10:50","9","default","547630319","OXY_CH9","14.875","min","144.125","μmol/L","Humid","25.016","deg","141671","µV","26.689","°C","1016.000","hPa","35.9","pmil","0","55.690","deg","20.000","°C","100.000","%a.s.","22.400","deg","20.000","°C","962.000","hPa","0.861","-0.02617","0.00035","0","0","13.56","Humid","35.35","0","78.50","281480.56","SABD0002000014","AAV2.0.0.13","3.0.3.1703","PSt7-10","180509-002","9/13/2019 10:46:52 AM","0000-00","0","no battery","V"
"06/11/2023","11:10:51","9","default","547630319","OXY_CH9","14.891","min","144.123","μmol/L","Humid","25.014","deg","141661","µV","26.695","°C","1016.000","hPa","35.9","pmil","0","55.690","deg","20.000","°C","100.000","%a.s.","22.400","deg","20.000","°C","962.000","hPa","0.861","-0.02617","0.00035","0","0","13.56","Humid","35.35","0","78.50","281471.77","SABD0002000014","AAV2.0.0.13","3.0.3.1703","PSt7-10","180509-002","9/13/2019 10:46:52 AM","0000-00","0","no battery","V"
"06/11/2023","11:10:52","9","default","547630319","OXY_CH9","14.908","min","144.158","μmol/L","Humid","25.011","deg","141649","µV","26.695","°C","1016.000","hPa","35.9","pmil","0","55.690","deg","20.000","°C","100.000","%a.s.","22.400","deg","20.000","°C","962.000","hPa","0.861","-0.02617","0.00035","0","0","13.56","Humid","35.35","0","78.50","281483.89","SABD0002000014","AAV2.0.0.13","3.0.3.1703","PSt7-10","180509-002","9/13/2019 10:46:52 AM","0000-00","0","no battery","V"
"06/11/2023","11:10:53","9","default","547630319","OXY_CH9","14.925","min","144.146","μmol/L","Humid","25.012","deg","141637","µV","26.695","°C","1016.000","hPa","35.9","pmil","0","55.690","deg","20.000","°C","100.000","%a.s.","22.400","deg","20.000","°C","962.000","hPa","0.861","-0.02617","0.00035","0","0","13.56","Humid","35.35","0","78.50","281465.20","SABD0002000014","AAV2.0.0.13","3.0.3.1703","PSt7-10","180509-002","9/13/2019 10:46:52 AM","0000-00","0","no battery","V"
"06/11/2023","11:10:54","9","default","547630319","OXY_CH9","14.941","min","144.184","μmol/L","Humid","25.011","deg","141617","µV","26.689","°C","1016.000","hPa","35.9","pmil","0","55.690","deg","20.000","°C","100.000","%a.s.","22.400","deg","20.000","°C","962.000","hPa","0.861","-0.02617","0.00035","0","0","13.56","Humid","35.35","0","78.50","281486.15","SABD0002000014","AAV2.0.0.13","3.0.3.1703","PSt7-10","180509-002","9/13/2019 10:46:52 AM","0000-00","0","no battery","V"
"06/11/2023","11:10:55","9","default","547630319","OXY_CH9","14.958","min","144.246","μmol/L","Humid","25.008","deg","141614","µV","26.683","°C","1016.000","hPa","35.9","pmil","0","55.690","deg","20.000","°C","100.000","%a.s.","22.400","deg","20.000","°C","962.000","hPa","0.861","-0.02617","0.00035","0","0","13.56","Humid","35.35","0","78.50","281471.17","SABD0002000014","AAV2.0.0.13","3.0.3.1703","PSt7-10","180509-002","9/13/2019 10:46:52 AM","0000-00","0","no battery","V"
"06/11/2023","11:10:56","9","default","547630319","OXY_CH9","14.975","min","144.229","μmol/L","Humid","25.005","deg","141597","µV","26.695","°C","1016.000","hPa","35.9","pmil","0","55.690","deg","20.000","°C","100.000","%a.s.","22.400","deg","20.000","°C","962.000","hPa","0.861","-0.02617","0.00035","0","0","13.56","Humid","35.35","0","78.50","281471.41","SABD0002000014","AAV2.0.0.13","3.0.3.1703","PSt7-10","180509-002","9/13/2019 10:46:52 AM","0000-00","0","no battery","V"
"06/11/2023","11:10:57","9","default","547630319","OXY_CH9","14.991","min","144.276","μmol/L","Humid","25.001","deg","141600","µV","26.695","°C","1016.000","hPa","35.9","pmil","0","55.690","deg","20.000","°C","100.000","%a.s.","22.400","deg","20.000","°C","962.000","hPa","0.861","-0.02617","0.00035","0","0","13.56","Humid","35.35","0","78.50","281479.56","SABD0002000014","AAV2.0.0.13","3.0.3.1703","PSt7-10","180509-002","9/13/2019 10:46:52 AM","0000-00","0","no battery","V"
"06/11/2023","11:10:58","9","default","547630319","OXY_CH9","15.008","min","144.240","μmol/L","Humid","25.004","deg","141583","µV","26.695","°C","1016.000","hPa","35.9","pmil","0","55.690","deg","20.000","°C","100.000","%a.s.","22.400","deg","20.000","°C","962.000","hPa","0.861","-0.02617","0.00035","0","0","13.56","Humid","35.35","0","78.50","281474.31","SABD0002000014","AAV2.0.0.13","3.0.3.1703","PSt7-10","180509-002","9/13/2019 10:46:52 AM","0000-00","0","no battery","V"
"06/11/2023","11:10:59","9","default","547630319","OXY_CH9","15.025","min","144.288","μmol/L","Humid","25.000","deg","141571","µV","26.695","°C","1016.000","hPa","35.9","pmil","0","55.690","deg","20.000","°C","100.000","%a.s.","22.400","deg","20.000","°C","962.000","hPa","0.861","-0.02617","0.00035","0","0","13.56","Humid","35.35","0","78.50","281473.17","SABD0002000014","AAV2.0.0.13","3.0.3.1703","PSt7-10","180509-002","9/13/2019 10:46:52 AM","0000-00","0","no battery","V"
"06/11/2023","11:11:00","9","default","547630319","OXY_CH9","15.042","min","144.316","μmol/L","Humid","24.998","deg","141563","µV","26.695","°C","1017.000","hPa","35.9","pmil","0","55.690","deg","20.000","°C","100.000","%a.s.","22.400","deg","20.000","°C","962.000","hPa","0.861","-0.02617","0.00035","0","0","13.56","Humid","35.35","0","78.50","281491.36","SABD0002000014","AAV2.0.0.13","3.0.3.1703","PSt7-10","180509-002","9/13/2019 10:46:52 AM","0000-00","0","no battery","V"
"06/11/2023","11:11:01","9","default","547630319","OXY_CH9","15.058","min","144.396","μmol/L","Humid","24.993","deg","141545","µV","26.689","°C","1016.000","hPa","35.9","pmil","0","55.690","deg","20.000","°C","100.000","%a.s.","22.400","deg","20.000","°C","962.000","hPa","0.861","-0.02617","0.00035","0","0","13.56","Humid","35.35","0","78.50","281472.02","SABD0002000014","AAV2.0.0.13","3.0.3.1703","PSt7-10","180509-002","9/13/2019 10:46:52 AM","0000-00","0","no battery","V"
"06/11/2023","11:11:02","9","default","547630319","OXY_CH9","15.075","min","144.361","μmol/L","Humid","24.996","deg","141534","µV","26.689","°C","1016.000","hPa","35.9","pmil","0","55.690","deg","20.000","°C","100.000","%a.s.","22.400","deg","20.000","°C","962.000","hPa","0.861","-0.02617","0.00035","0","0","13.56","Humid","35.35","0","78.50","281487.66","SABD0002000014","AAV2.0.0.13","3.0.3.1703","PSt7-10","180509-002","9/13/2019 10:46:52 AM","0000-00","0","no battery","V"
"06/11/2023","11:11:03","9","default","547630319","OXY_CH9","15.092","min","144.375","μmol/L","Humid","24.993","deg","141525","µV","26.695","°C","1017.000","hPa","35.9","pmil","0","55.690","deg","20.000","°C","100.000","%a.s.","22.400","deg","20.000","°C","962.000","hPa","0.861","-0.02617","0.00035","0","0","13.56","Humid","35.35","0","78.50","281471.63","SABD0002000014","AAV2.0.0.13","3.0.3.1703","PSt7-10","180509-002","9/13/2019 10:46:52 AM","0000-00","0","no battery","V"
"06/11/2023","11:11:04","9","default","547630319","OXY_CH9","15.108","min","144.420","μmol/L","Humid","24.991","deg","141509","µV","26.689","°C","1016.000","hPa","35.9","pmil","0","55.690","deg","20.000","°C","100.000","%a.s.","22.400","deg","20.000","°C","962.000","hPa","0.861","-0.02617","0.00035","0","0","13.56","Humid","35.35","0","78.50","281469.01","SABD0002000014","AAV2.0.0.13","3.0.3.1703","PSt7-10","180509-002","9/13/2019 10:46:52 AM","0000-00","0","no battery","V"
"06/11/2023","11:11:05","9","default","547630319","OXY_CH9","15.125","min","144.382","μmol/L","Humid","24.992","deg","141498","µV","26.695","°C","1016.000","hPa","35.9","pmil","0","55.690","deg","20.000","°C","100.000","%a.s.","22.400","deg","20.000","°C","962.000","hPa","0.861","-0.02617","0.00035","0","0","13.56","Humid","35.35","0","78.50","281466.59","SABD0002000014","AAV2.0.0.13","3.0.3.1703","PSt7-10","180509-002","9/13/2019 10:46:52 AM","0000-00","0","no battery","V"
"06/11/2023","11:11:06","9","default","547630319","OXY_CH9","15.141","min","144.479","μmol/L","Humid","24.986","deg","141483","µV","26.689","°C","1016.000","hPa","35.9","pmil","0","55.690","deg","20.000","°C","100.000","%a.s.","22.400","deg","20.000","°C","962.000","hPa","0.861","-0.02617","0.00035","0","0","13.56","Humid","35.35","0","78.50","281463.20","SABD0002000014","AAV2.0.0.13","3.0.3.1703","PSt7-10","180509-002","9/13/2019 10:46:52 AM","0000-00","0","no battery","V"
"06/11/2023","11:11:07","9","default","547630319","OXY_CH9","15.158","min","144.491","μmol/L","Humid","24.985","deg","141479","µV","26.689","°C","1016.000","hPa","35.9","pmil","0","55.690","deg","20.000","°C","100.000","%a.s.","22.400","deg","20.000","°C","962.000","hPa","0.861","-0.02617","0.00035","0","0","13.56","Humid","35.35","0","78.50","281464.27","SABD0002000014","AAV2.0.0.13","3.0.3.1703","PSt7-10","180509-002","9/13/2019 10:46:52 AM","0000-00","0","no battery","V"
"06/11/2023","11:11:08","9","default","547630319","OXY_CH9","15.175","min","144.493","μmol/L","Humid","24.983","deg","141463","µV","26.695","°C","1017.000","hPa","35.9","pmil","0","55.690","deg","20.000","°C","100.000","%a.s.","22.400","deg","20.000","°C","962.000","hPa","0.861","-0.02617","0.00035","0","0","13.56","Humid","35.35","0","78.50","281447.40","SABD0002000014","AAV2.0.0.13","3.0.3.1703","PSt7-10","180509-002","9/13/2019 10:46:52 AM","0000-00","0","no battery","V"
"06/11/2023","11:11:09","9","default","547630319","OXY_CH9","15.192","min","144.538","μmol/L","Humid","24.981","deg","141461","µV","26.689","°C","1016.000","hPa","35.9","pmil","0","55.690","deg","20.000","°C","100.000","%a.s.","22.400","deg","20.000","°C","962.000","hPa","0.861","-0.02617","0.00035","0","0","13.56","Humid","35.35","0","78.50","281479.09","SABD0002000014","AAV2.0.0.13","3.0.3.1703","PSt7-10","180509-002","9/13/2019 10:46:52 AM","0000-00","0","no battery","V"
"06/11/2023","11:11:10","9","default","547630319","OXY_CH9","15.208","min","144.526","μmol/L","Humid","24.982","deg","141442","µV","26.689","°C","1016.000","hPa","35.9","pmil","0","55.690","deg","20.000","°C","100.000","%a.s.","22.400","deg","20.000","°C","962.000","hPa","0.861","-0.02617","0.00035","0","0","13.56","Humid","35.35","0","78.50","281462.73","SABD0002000014","AAV2.0.0.13","3.0.3.1703","PSt7-10","180509-002","9/13/2019 10:46:52 AM","0000-00","0","no battery","V"
"06/11/2023","11:11:11","9","default","547630319","OXY_CH9","15.225","min","144.476","μmol/L","Humid","24.984","deg","141438","µV","26.695","°C","1016.000","hPa","35.9","pmil","0","55.690","deg","20.000","°C","100.000","%a.s.","22.400","deg","20.000","°C","962.000","hPa","0.861","-0.02617","0.00035","0","0","13.56","Humid","35.35","0","78.50","281459.52","SABD0002000014","AAV2.0.0.13","3.0.3.1703","PSt7-10","180509-002","9/13/2019 10:46:52 AM","0000-00","0","no battery","V"
"06/11/2023","11:11:12","9","default","547630319","OXY_CH9","15.242","min","144.582","μmol/L","Humid","24.975","deg","141423","µV","26.695","°C","1016.000","hPa","35.9","pmil","0","55.690","deg","20.000","°C","100.000","%a.s.","22.400","deg","20.000","°C","962.000","hPa","0.861","-0.02617","0.00035","0","0","13.56","Humid","35.35","0","78.50","281477.74","SABD0002000014","AAV2.0.0.13","3.0.3.1703","PSt7-10","180509-002","9/13/2019 10:46:52 AM","0000-00","0","no battery","V"
"06/11/2023","11:11:13","9","default","547630319","OXY_CH9","15.258","min","144.597","μmol/L","Humid","24.976","deg","141408","µV","26.689","°C","1016.000","hPa","35.9","pmil","0","55.690","deg","20.000","°C","100.000","%a.s.","22.400","deg","20.000","°C","962.000","hPa","0.861","-0.02617","0.00035","0","0","13.56","Humid","35.35","0","78.50","281466.47","SABD0002000014","AAV2.0.0.13","3.0.3.1703","PSt7-10","180509-002","9/13/2019 10:46:52 AM","0000-00","0","no battery","V"
"06/11/2023","11:11:14","9","default","547630319","OXY_CH9","15.275","min","144.594","μmol/L","Humid","24.974","deg","141396","µV","26.695","°C","1016.000","hPa","35.9","pmil","0","55.690","deg","20.000","°C","100.000","%a.s.","22.400","deg","20.000","°C","962.000","hPa","0.861","-0.02617","0.00035","0","0","13.56","Humid","35.35","0","78.50","281469.73","SABD0002000014","AAV2.0.0.13","3.0.3.1703","PSt7-10","180509-002","9/13/2019 10:46:52 AM","0000-00","0","no battery","V"
"06/11/2023","11:11:15","9","default","547630319","OXY_CH9","15.292","min","144.644","μmol/L","Humid","24.972","deg","141393","µV","26.689","°C","1016.000","hPa","35.9","pmil","0","55.690","deg","20.000","°C","100.000","%a.s.","22.400","deg","20.000","°C","962.000","hPa","0.861","-0.02617","0.00035","0","0","13.56","Humid","35.35","0","78.50","281473.72","SABD0002000014","AAV2.0.0.13","3.0.3.1703","PSt7-10","180509-002","9/13/2019 10:46:52 AM","0000-00","0","no battery","V"
"06/11/2023","11:11:16","9","default","547630319","OXY_CH9","15.308","min","144.588","μmol/L","Humid","24.975","deg","141388","µV","26.695","°C","1017.000","hPa","35.9","pmil","0","55.690","deg","20.000","°C","100.000","%a.s.","22.400","deg","20.000","°C","962.000","hPa","0.861","-0.02617","0.00035","0","0","13.56","Humid","35.35","0","78.50","281459.65","SABD0002000014","AAV2.0.0.13","3.0.3.1703","PSt7-10","180509-002","9/13/2019 10:46:52 AM","0000-00","0","no battery","V"
"06/11/2023","11:11:17","9","default","547630319","OXY_CH9","15.325","min","144.630","μmol/L","Humid","24.971","deg","141371","µV","26.695","°C","1016.000","hPa","35.9","pmil","0","55.690","deg","20.000","°C","100.000","%a.s.","22.400","deg","20.000","°C","962.000","hPa","0.861","-0.02617","0.00035","0","0","13.56","Humid","35.35","0","78.50","281461.83","SABD0002000014","AAV2.0.0.13","3.0.3.1703","PSt7-10","180509-002","9/13/2019 10:46:52 AM","0000-00","0","no battery","V"
"06/11/2023","11:11:18","9","default","547630319","OXY_CH9","15.341","min","144.668","μmol/L","Humid","24.970","deg","141358","µV","26.689","°C","1016.000","hPa","35.9","pmil","0","55.690","deg","20.000","°C","100.000","%a.s.","22.400","deg","20.000","°C","962.000","hPa","0.861","-0.02617","0.00035","0","0","13.56","Humid","35.35","0","78.50","281460.53","SABD0002000014","AAV2.0.0.13","3.0.3.1703","PSt7-10","180509-002","9/13/2019 10:46:52 AM","0000-00","0","no battery","V"
"06/11/2023","11:11:19","9","default","547630319","OXY_CH9","15.358","min","144.642","μmol/L","Humid","24.970","deg","141341","µV","26.695","°C","1016.000","hPa","35.9","pmil","0","55.690","deg","20.000","°C","100.000","%a.s.","22.400","deg","20.000","°C","962.000","hPa","0.861","-0.02617","0.00035","0","0","13.56","Humid","35.35","0","78.50","281461.13","SABD0002000014","AAV2.0.0.13","3.0.3.1703","PSt7-10","180509-002","9/13/2019 10:46:52 AM","0000-00","0","no battery","V"
"06/11/2023","11:11:20","9","default","547630319","OXY_CH9","15.375","min","144.677","μmol/L","Humid","24.967","deg","141343","µV","26.695","°C","1016.000","hPa","35.9","pmil","0","55.690","deg","20.000","°C","100.000","%a.s.","22.400","deg","20.000","°C","962.000","hPa","0.861","-0.02617","0.00035","0","0","13.56","Humid","35.35","0","78.50","281459.89","SABD0002000014","AAV2.0.0.13","3.0.3.1703","PSt7-10","180509-002","9/13/2019 10:46:52 AM","0000-00","0","no battery","V"
"06/11/2023","11:11:21","9","default","547630319","OXY_CH9","15.391","min","144.712","μmol/L","Humid","24.964","deg","141325","µV","26.695","°C","1016.000","hPa","35.9","pmil","0","55.690","deg","20.000","°C","100.000","%a.s.","22.400","deg","20.000","°C","962.000","hPa","0.861","-0.02617","0.00035","0","0","13.56","Humid","35.35","0","78.50","281455.01","SABD0002000014","AAV2.0.0.13","3.0.3.1703","PSt7-10","180509-002","9/13/2019 10:46:52 AM","0000-00","0","no battery","V"
"06/11/2023","11:11:22","9","default","547630319","OXY_CH9","15.408","min","144.720","μmol/L","Humid","24.966","deg","141312","µV","26.689","°C","1017.000","hPa","35.9","pmil","0","55.690","deg","20.000","°C","100.000","%a.s.","22.400","deg","20.000","°C","962.000","hPa","0.861","-0.02617","0.00035","0","0","13.56","Humid","35.35","0","78.50","281457.41","SABD0002000014","AAV2.0.0.13","3.0.3.1703","PSt7-10","180509-002","9/13/2019 10:46:52 AM","0000-00","0","no battery","V"
"06/11/2023","11:11:23","9","default","547630319","OXY_CH9","15.425","min","144.783","μmol/L","Humid","24.958","deg","141305","µV","26.695","°C","1016.000","hPa","35.9","pmil","0","55.690","deg","20.000","°C","100.000","%a.s.","22.400","deg","20.000","°C","962.000","hPa","0.861","-0.02617","0.00035","0","0","13.56","Humid","35.35","0","78.50","281455.04","SABD0002000014","AAV2.0.0.13","3.0.3.1703","PSt7-10","180509-002","9/13/2019 10:46:52 AM","0000-00","0","no battery","V"
"06/11/2023","11:11:24","9","default","547630319","OXY_CH9","15.441","min","144.751","μmol/L","Humid","24.963","deg","141288","µV","26.689","°C","1016.000","hPa","35.9","pmil","0","55.690","deg","20.000","°C","100.000","%a.s.","22.400","deg","20.000","°C","962.000","hPa","0.861","-0.02617","0.00035","0","0","13.56","Humid","35.35","0","78.50","281445.21","SABD0002000014","AAV2.0.0.13","3.0.3.1703","PSt7-10","180509-002","9/13/2019 10:46:52 AM","0000-00","0","no battery","V"
"06/11/2023","11:11:25","9","default","547630319","OXY_CH9","15.458","min","144.845","μmol/L","Humid","24.955","deg","141278","µV","26.689","°C","1016.000","hPa","35.9","pmil","0","55.690","deg","20.000","°C","100.000","%a.s.","22.400","deg","20.000","°C","962.000","hPa","0.861","-0.02617","0.00035","0","0","13.56","Humid","35.35","0","78.50","281435.29","SABD0002000014","AAV2.0.0.13","3.0.3.1703","PSt7-10","180509-002","9/13/2019 10:46:52 AM","0000-00","0","no battery","V"
"06/11/2023","11:11:26","9","default","547630319","OXY_CH9","15.475","min","144.807","μmol/L","Humid","24.956","deg","141272","µV","26.695","°C","1016.000","hPa","35.9","pmil","0","55.690","deg","20.000","°C","100.000","%a.s.","22.400","deg","20.000","°C","962.000","hPa","0.861","-0.02617","0.00035","0","0","13.56","Humid","35.35","0","78.50","281455.44","SABD0002000014","AAV2.0.0.13","3.0.3.1703","PSt7-10","180509-002","9/13/2019 10:46:52 AM","0000-00","0","no battery","V"
"06/11/2023","11:11:27","9","default","547630319","OXY_CH9","15.491","min","144.869","μmol/L","Humid","24.953","deg","141262","µV","26.689","°C","1016.000","hPa","35.9","pmil","0","55.690","deg","20.000","°C","100.000","%a.s.","22.400","deg","20.000","°C","962.000","hPa","0.861","-0.02617","0.00035","0","0","13.56","Humid","35.35","0","78.50","281453.66","SABD0002000014","AAV2.0.0.13","3.0.3.1703","PSt7-10","180509-002","9/13/2019 10:46:52 AM","0000-00","0","no battery","V"
"06/11/2023","11:11:28","9","default","547630319","OXY_CH9","15.508","min","144.866","μmol/L","Humid","24.951","deg","141248","µV","26.695","°C","1016.000","hPa","35.9","pmil","0","55.690","deg","20.000","°C","100.000","%a.s.","22.400","deg","20.000","°C","962.000","hPa","0.861","-0.02617","0.00035","0","0","13.56","Humid","35.35","0","78.50","281451.03","SABD0002000014","AAV2.0.0.13","3.0.3.1703","PSt7-10","180509-002","9/13/2019 10:46:52 AM","0000-00","0","no battery","V"
"06/11/2023","11:11:29","9","default","547630319","OXY_CH9","15.525","min","144.878","μmol/L","Humid","24.950","deg","141237","µV","26.695","°C","1016.000","hPa","35.9","pmil","0","55.690","deg","20.000","°C","100.000","%a.s.","22.400","deg","20.000","°C","962.000","hPa","0.861","-0.02617","0.00035","0","0","13.56","Humid","35.35","0","78.50","281454.47","SABD0002000014","AAV2.0.0.13","3.0.3.1703","PSt7-10","180509-002","9/13/2019 10:46:52 AM","0000-00","0","no battery","V"
"06/11/2023","11:11:30","9","default","547630319","OXY_CH9","15.541","min","144.878","μmol/L","Humid","24.950","deg","141227","µV","26.695","°C","1016.000","hPa","35.9","pmil","0","55.690","deg","20.000","°C","100.000","%a.s.","22.400","deg","20.000","°C","962.000","hPa","0.861","-0.02617","0.00035","0","0","13.56","Humid","35.35","0","78.50","281452.06","SABD0002000014","AAV2.0.0.13","3.0.3.1703","PSt7-10","180509-002","9/13/2019 10:46:52 AM","0000-00","0","no battery","V"
"06/11/2023","11:11:31","9","default","547630319","OXY_CH9","15.558","min","144.925","μmol/L","Humid","24.946","deg","141216","µV","26.695","°C","1016.000","hPa","35.9","pmil","0","55.690","deg","20.000","°C","100.000","%a.s.","22.400","deg","20.000","°C","962.000","hPa","0.861","-0.02617","0.00035","0","0","13.56","Humid","35.35","0","78.50","281448.39","SABD0002000014","AAV2.0.0.13","3.0.3.1703","PSt7-10","180509-002","9/13/2019 10:46:52 AM","0000-00","0","no battery","V"
"06/11/2023","11:11:32","9","default","547630319","OXY_CH9","15.575","min","144.937","μmol/L","Humid","24.945","deg","141197","µV","26.695","°C","1016.000","hPa","35.9","pmil","0","55.690","deg","20.000","°C","100.000","%a.s.","22.400","deg","20.000","°C","962.000","hPa","0.861","-0.02617","0.00035","0","0","13.56","Humid","35.35","0","78.50","281452.51","SABD0002000014","AAV2.0.0.13","3.0.3.1703","PSt7-10","180509-002","9/13/2019 10:46:52 AM","0000-00","0","no battery","V"
"06/11/2023","11:11:33","9","default","547630319","OXY_CH9","15.592","min","144.973","μmol/L","Humid","24.942","deg","141193","µV","26.695","°C","1016.000","hPa","35.9","pmil","0","55.690","deg","20.000","°C","100.000","%a.s.","22.400","deg","20.000","°C","962.000","hPa","0.861","-0.02617","0.00035","0","0","13.56","Humid","35.35","0","78.50","281437.71","SABD0002000014","AAV2.0.0.13","3.0.3.1703","PSt7-10","180509-002","9/13/2019 10:46:52 AM","0000-00","0","no battery","V"
"06/11/2023","11:11:34","9","default","547630319","OXY_CH9","15.608","min","144.937","μmol/L","Humid","24.945","deg","141163","µV","26.695","°C","1016.000","hPa","35.9","pmil","0","55.690","deg","20.000","°C","100.000","%a.s.","22.400","deg","20.000","°C","962.000","hPa","0.861","-0.02617","0.00035","0","0","13.56","Humid","35.35","0","78.50","281428.37","SABD0002000014","AAV2.0.0.13","3.0.3.1703","PSt7-10","180509-002","9/13/2019 10:46:52 AM","0000-00","0","no battery","V"
"06/11/2023","11:11:35","9","default","547630319","OXY_CH9","15.625","min","145.011","μmol/L","Humid","24.941","deg","141171","µV","26.689","°C","1016.000","hPa","35.9","pmil","0","55.690","deg","20.000","°C","100.000","%a.s.","22.400","deg","20.000","°C","962.000","hPa","0.861","-0.02617","0.00035","0","0","13.56","Humid","35.35","0","78.50","281446.30","SABD0002000014","AAV2.0.0.13","3.0.3.1703","PSt7-10","180509-002","9/13/2019 10:46:52 AM","0000-00","0","no battery","V"
"06/11/2023","11:11:36","9","default","547630319","OXY_CH9","15.642","min","144.935","μmol/L","Humid","24.943","deg","141162","µV","26.701","°C","1016.000","hPa","35.9","pmil","0","55.690","deg","20.000","°C","100.000","%a.s.","22.400","deg","20.000","°C","962.000","hPa","0.861","-0.02617","0.00035","0","0","13.56","Humid","35.35","0","78.50","281449.05","SABD0002000014","AAV2.0.0.13","3.0.3.1703","PSt7-10","180509-002","9/13/2019 10:46:52 AM","0000-00","0","no battery","V"
"06/11/2023","11:11:37","9","default","547630319","OXY_CH9","15.658","min","145.073","μmol/L","Humid","24.938","deg","141150","µV","26.683","°C","1016.000","hPa","35.9","pmil","0","55.690","deg","20.000","°C","100.000","%a.s.","22.400","deg","20.000","°C","962.000","hPa","0.861","-0.02617","0.00035","0","0","13.56","Humid","35.35","0","78.50","281451.93","SABD0002000014","AAV2.0.0.13","3.0.3.1703","PSt7-10","180509-002","9/13/2019 10:46:52 AM","0000-00","0","no battery","V"
"06/11/2023","11:11:38","9","default","547630319","OXY_CH9","15.675","min","145.082","μmol/L","Humid","24.935","deg","141131","µV","26.689","°C","1016.000","hPa","35.9","pmil","0","55.690","deg","20.000","°C","100.000","%a.s.","22.400","deg","20.000","°C","962.000","hPa","0.861","-0.02617","0.00035","0","0","13.56","Humid","35.35","0","78.50","281443.34","SABD0002000014","AAV2.0.0.13","3.0.3.1703","PSt7-10","180509-002","9/13/2019 10:46:52 AM","0000-00","0","no battery","V"
"06/11/2023","11:11:39","9","default","547630319","OXY_CH9","15.692","min","145.070","μmol/L","Humid","24.936","deg","141123","µV","26.689","°C","1016.000","hPa","35.9","pmil","0","55.690","deg","20.000","°C","100.000","%a.s.","22.400","deg","20.000","°C","962.000","hPa","0.861","-0.02617","0.00035","0","0","13.56","Humid","35.35","0","78.50","281452.91","SABD0002000014","AAV2.0.0.13","3.0.3.1703","PSt7-10","180509-002","9/13/2019 10:46:52 AM","0000-00","0","no battery","V"
"06/11/2023","11:11:40","9","default","547630319","OXY_CH9","15.708","min","145.094","μmol/L","Humid","24.934","deg","141111","µV","26.689","°C","1016.000","hPa","35.9","pmil","0","55.690","deg","20.000","°C","100.000","%a.s.","22.400","deg","20.000","°C","962.000","hPa","0.861","-0.02617","0.00035","0","0","13.56","Humid","35.35","0","78.50","281439.27","SABD0002000014","AAV2.0.0.13","3.0.3.1703","PSt7-10","180509-002","9/13/2019 10:46:52 AM","0000-00","0","no battery","V"
"06/11/2023","11:11:41","9","default","547630319","OXY_CH9","15.725","min","145.056","μmol/L","Humid","24.935","deg","141102","µV","26.695","°C","1016.000","hPa","35.9","pmil","0","55.690","deg","20.000","°C","100.000","%a.s.","22.400","deg","20.000","°C","962.000","hPa","0.861","-0.02617","0.00035","0","0","13.56","Humid","35.35","0","78.50","281443.54","SABD0002000014","AAV2.0.0.13","3.0.3.1703","PSt7-10","180509-002","9/13/2019 10:46:52 AM","0000-00","0","no battery","V"
"06/11/2023","11:11:42","9","default","547630319","OXY_CH9","15.742","min","145.141","μmol/L","Humid","24.930","deg","141103","µV","26.689","°C","1016.000","hPa","35.9","pmil","0","55.690","deg","20.000","°C","100.000","%a.s.","22.400","deg","20.000","°C","962.000","hPa","0.861","-0.02617","0.00035","0","0","13.56","Humid","35.35","0","78.50","281451.54","SABD0002000014","AAV2.0.0.13","3.0.3.1703","PSt7-10","180509-002","9/13/2019 10:46:52 AM","0000-00","0","no battery","V"
"06/11/2023","11:11:43","9","default","547630319","OXY_CH9","15.758","min","145.141","μmol/L","Humid","24.930","deg","141083","µV","26.689","°C","1016.000","hPa","35.9","pmil","0","55.690","deg","20.000","°C","100.000","%a.s.","22.400","deg","20.000","°C","962.000","hPa","0.861","-0.02617","0.00035","0","0","13.56","Humid","35.35","0","78.50","281441.86","SABD0002000014","AAV2.0.0.13","3.0.3.1703","PSt7-10","180509-002","9/13/2019 10:46:52 AM","0000-00","0","no battery","V"
"06/11/2023","11:11:44","9","default","547630319","OXY_CH9","15.775","min","145.177","μmol/L","Humid","24.927","deg","141082","µV","26.689","°C","1016.000","hPa","35.9","pmil","0","55.690","deg","20.000","°C","100.000","%a.s.","22.400","deg","20.000","°C","962.000","hPa","0.861","-0.02617","0.00035","0","0","13.56","Humid","35.35","0","78.50","281443.91","SABD0002000014","AAV2.0.0.13","3.0.3.1703","PSt7-10","180509-002","9/13/2019 10:46:52 AM","0000-00","0","no battery","V"
"06/11/2023","11:11:45","9","default","547630319","OXY_CH9","15.791","min","145.177","μmol/L","Humid","24.927","deg","141057","µV","26.689","°C","1016.000","hPa","35.9","pmil","0","55.690","deg","20.000","°C","100.000","%a.s.","22.400","deg","20.000","°C","962.000","hPa","0.861","-0.02617","0.00035","0","0","13.56","Humid","35.35","0","78.50","281431.33","SABD0002000014","AAV2.0.0.13","3.0.3.1703","PSt7-10","180509-002","9/13/2019 10:46:52 AM","0000-00","0","no battery","V"
"06/11/2023","11:11:46","9","default","547630319","OXY_CH9","15.808","min","145.239","μmol/L","Humid","24.924","deg","141052","µV","26.683","°C","1016.000","hPa","35.9","pmil","0","55.690","deg","20.000","°C","100.000","%a.s.","22.400","deg","20.000","°C","962.000","hPa","0.861","-0.02617","0.00035","0","0","13.56","Humid","35.35","0","78.50","281433.29","SABD0002000014","AAV2.0.0.13","3.0.3.1703","PSt7-10","180509-002","9/13/2019 10:46:52 AM","0000-00","0","no battery","V"
"06/11/2023","11:11:47","9","default","547630319","OXY_CH9","15.825","min","145.186","μmol/L","Humid","24.924","deg","141049","µV","26.695","°C","1016.000","hPa","35.9","pmil","0","55.690","deg","20.000","°C","100.000","%a.s.","22.400","deg","20.000","°C","962.000","hPa","0.861","-0.02617","0.00035","0","0","13.56","Humid","35.35","0","78.50","281433.78","SABD0002000014","AAV2.0.0.13","3.0.3.1703","PSt7-10","180509-002","9/13/2019 10:46:52 AM","0000-00","0","no battery","V"
"06/11/2023","11:11:48","9","default","547630319","OXY_CH9","15.841","min","145.248","μmol/L","Humid","24.921","deg","141030","µV","26.689","°C","1016.000","hPa","35.9","pmil","0","55.690","deg","20.000","°C","100.000","%a.s.","22.400","deg","20.000","°C","962.000","hPa","0.861","-0.02617","0.00035","0","0","13.56","Humid","35.35","0","78.50","281421.03","SABD0002000014","AAV2.0.0.13","3.0.3.1703","PSt7-10","180509-002","9/13/2019 10:46:52 AM","0000-00","0","no battery","V"
"06/11/2023","11:11:49","9","default","547630319","OXY_CH9","15.858","min","145.281","μmol/L","Humid","24.916","deg","141018","µV","26.695","°C","1016.000","hPa","35.9","pmil","0","55.690","deg","20.000","°C","100.000","%a.s.","22.400","deg","20.000","°C","962.000","hPa","0.861","-0.02617","0.00035","0","0","13.56","Humid","35.35","0","78.50","281437.98","SABD0002000014","AAV2.0.0.13","3.0.3.1703","PSt7-10","180509-002","9/13/2019 10:46:52 AM","0000-00","0","no battery","V"
"06/11/2023","11:11:50","9","default","547630319","OXY_CH9","15.875","min","145.296","μmol/L","Humid","24.917","deg","141024","µV","26.689","°C","1016.000","hPa","35.9","pmil","0","55.690","deg","20.000","°C","100.000","%a.s.","22.400","deg","20.000","°C","962.000","hPa","0.861","-0.02617","0.00035","0","0","13.56","Humid","35.35","0","78.50","281442.30","SABD0002000014","AAV2.0.0.13","3.0.3.1703","PSt7-10","180509-002","9/13/2019 10:46:52 AM","0000-00","0","no battery","V"
"06/11/2023","11:11:51","9","default","547630319","OXY_CH9","15.891","min","145.308","μmol/L","Humid","24.916","deg","141007","µV","26.689","°C","1016.000","hPa","35.9","pmil","0","55.690","deg","20.000","°C","100.000","%a.s.","22.400","deg","20.000","°C","962.000","hPa","0.861","-0.02617","0.00035","0","0","13.56","Humid","35.35","0","78.50","281435.41","SABD0002000014","AAV2.0.0.13","3.0.3.1703","PSt7-10","180509-002","9/13/2019 10:46:52 AM","0000-00","0","no battery","V"
"06/11/2023","11:11:52","9","default","547630319","OXY_CH9","15.908","min","145.320","μmol/L","Humid","24.915","deg","140996","µV","26.689","°C","1016.000","hPa","35.9","pmil","0","55.690","deg","20.000","°C","100.000","%a.s.","22.400","deg","20.000","°C","962.000","hPa","0.861","-0.02617","0.00035","0","0","13.56","Humid","35.35","0","78.50","281429.08","SABD0002000014","AAV2.0.0.13","3.0.3.1703","PSt7-10","180509-002","9/13/2019 10:46:52 AM","0000-00","0","no battery","V"
"06/11/2023","11:11:53","9","default","547630319","OXY_CH9","15.925","min","145.355","μmol/L","Humid","24.912","deg","140987","µV","26.689","°C","1016.000","hPa","35.9","pmil","0","55.690","deg","20.000","°C","100.000","%a.s.","22.400","deg","20.000","°C","962.000","hPa","0.861","-0.02617","0.00035","0","0","13.56","Humid","35.35","0","78.50","281430.93","SABD0002000014","AAV2.0.0.13","3.0.3.1703","PSt7-10","180509-002","9/13/2019 10:46:52 AM","0000-00","0","no battery","V"
"06/11/2023","11:11:54","9","default","547630319","OXY_CH9","15.941","min","145.391","μmol/L","Humid","24.909","deg","140982","µV","26.689","°C","1016.000","hPa","35.9","pmil","0","55.690","deg","20.000","°C","100.000","%a.s.","22.400","deg","20.000","°C","962.000","hPa","0.861","-0.02617","0.00035","0","0","13.56","Humid","35.35","0","78.50","281432.16","SABD0002000014","AAV2.0.0.13","3.0.3.1703","PSt7-10","180509-002","9/13/2019 10:46:52 AM","0000-00","0","no battery","V"
"06/11/2023","11:11:55","9","default","547630319","OXY_CH9","15.958","min","145.382","μmol/L","Humid","24.912","deg","140978","µV","26.683","°C","1016.000","hPa","35.9","pmil","0","55.690","deg","20.000","°C","100.000","%a.s.","22.400","deg","20.000","°C","962.000","hPa","0.861","-0.02617","0.00035","0","0","13.56","Humid","35.35","0","78.50","281430.38","SABD0002000014","AAV2.0.0.13","3.0.3.1703","PSt7-10","180509-002","9/13/2019 10:46:52 AM","0000-00","0","no battery","V"
"06/11/2023","11:11:56","9","default","547630319","OXY_CH9","15.975","min","145.367","μmol/L","Humid","24.911","deg","140962","µV","26.689","°C","1016.000","hPa","35.9","pmil","0","55.690","deg","20.000","°C","100.000","%a.s.","22.400","deg","20.000","°C","962.000","hPa","0.861","-0.02617","0.00035","0","0","13.56","Humid","35.35","0","78.50","281424.02","SABD0002000014","AAV2.0.0.13","3.0.3.1703","PSt7-10","180509-002","9/13/2019 10:46:52 AM","0000-00","0","no battery","V"
"06/11/2023","11:11:57","9","default","547630319","OXY_CH9","15.992","min","145.391","μmol/L","Humid","24.909","deg","140951","µV","26.689","°C","1016.000","hPa","35.9","pmil","0","55.690","deg","20.000","°C","100.000","%a.s.","22.400","deg","20.000","°C","962.000","hPa","0.861","-0.02617","0.00035","0","0","13.56","Humid","35.35","0","78.50","281433.49","SABD0002000014","AAV2.0.0.13","3.0.3.1703","PSt7-10","180509-002","9/13/2019 10:46:52 AM","0000-00","0","no battery","V"
"06/11/2023","11:11:58","9","default","547630319","OXY_CH9","16.008","min","145.403","μmol/L","Humid","24.908","deg","140937","µV","26.689","°C","1016.000","hPa","35.9","pmil","0","55.690","deg","20.000","°C","100.000","%a.s.","22.400","deg","20.000","°C","962.000","hPa","0.861","-0.02617","0.00035","0","0","13.56","Humid","35.35","0","78.50","281430.54","SABD0002000014","AAV2.0.0.13","3.0.3.1703","PSt7-10","180509-002","9/13/2019 10:46:52 AM","0000-00","0","no battery","V"
"06/11/2023","11:11:59","9","default","547630319","OXY_CH9","16.024","min","145.412","μmol/L","Humid","24.905","deg","140927","µV","26.695","°C","1016.000","hPa","35.9","pmil","0","55.690","deg","20.000","°C","100.000","%a.s.","22.400","deg","20.000","°C","962.000","hPa","0.861","-0.02617","0.00035","0","0","13.56","Humid","35.35","0","78.50","281431.42","SABD0002000014","AAV2.0.0.13","3.0.3.1703","PSt7-10","180509-002","9/13/2019 10:46:52 AM","0000-00","0","no battery","V"
"06/11/2023","11:12:00","9","default","547630319","OXY_CH9","16.041","min","145.474","μmol/L","Humid","24.902","deg","140916","µV","26.689","°C","1016.000","hPa","35.9","pmil","0","55.690","deg","20.000","°C","100.000","%a.s.","22.400","deg","20.000","°C","962.000","hPa","0.861","-0.02617","0.00035","0","0","13.56","Humid","35.35","0","78.50","281419.75","SABD0002000014","AAV2.0.0.13","3.0.3.1703","PSt7-10","180509-002","9/13/2019 10:46:52 AM","0000-00","0","no battery","V"
"06/11/2023","11:12:01","9","default","547630319","OXY_CH9","16.058","min","145.462","μmol/L","Humid","24.903","deg","140917","µV","26.689","°C","1016.000","hPa","35.9","pmil","0","55.690","deg","20.000","°C","100.000","%a.s.","22.400","deg","20.000","°C","962.000","hPa","0.861","-0.02617","0.00035","0","0","13.56","Humid","35.35","0","78.50","281430.90","SABD0002000014","AAV2.0.0.13","3.0.3.1703","PSt7-10","180509-002","9/13/2019 10:46:52 AM","0000-00","0","no battery","V"
"06/11/2023","11:12:02","9","default","547630319","OXY_CH9","16.075","min","145.519","μmol/L","Humid","24.896","deg","140899","µV","26.695","°C","1016.000","hPa","35.9","pmil","0","55.690","deg","20.000","°C","100.000","%a.s.","22.400","deg","20.000","°C","962.000","hPa","0.861","-0.02617","0.00035","0","0","13.56","Humid","35.35","0","78.50","281416.63","SABD0002000014","AAV2.0.0.13","3.0.3.1703","PSt7-10","180509-002","9/13/2019 10:46:52 AM","0000-00","0","no battery","V"
"06/11/2023","11:12:03","9","default","547630319","OXY_CH9","16.092","min","145.510","μmol/L","Humid","24.899","deg","140890","µV","26.689","°C","1016.000","hPa","35.9","pmil","0","55.690","deg","20.000","°C","100.000","%a.s.","22.400","deg","20.000","°C","962.000","hPa","0.861","-0.02617","0.00035","0","0","13.56","Humid","35.35","0","78.50","281426.34","SABD0002000014","AAV2.0.0.13","3.0.3.1703","PSt7-10","180509-002","9/13/2019 10:46:52 AM","0000-00","0","no battery","V"
"06/11/2023","11:12:04","9","default","547630319","OXY_CH9","16.109","min","145.483","μmol/L","Humid","24.899","deg","140874","µV","26.695","°C","1016.000","hPa","35.9","pmil","0","55.690","deg","20.000","°C","100.000","%a.s.","22.400","deg","20.000","°C","962.000","hPa","0.861","-0.02617","0.00035","0","0","13.56","Humid","35.35","0","78.50","281414.58","SABD0002000014","AAV2.0.0.13","3.0.3.1703","PSt7-10","180509-002","9/13/2019 10:46:52 AM","0000-00","0","no battery","V"
"06/11/2023","11:12:05","9","default","547630319","OXY_CH9","16.125","min","145.493","μmol/L","Humid","24.896","deg","140863","µV","26.701","°C","1016.000","hPa","35.9","pmil","0","55.690","deg","20.000","°C","100.000","%a.s.","22.400","deg","20.000","°C","962.000","hPa","0.861","-0.02617","0.00035","0","0","13.56","Humid","35.35","0","78.50","281422.53","SABD0002000014","AAV2.0.0.13","3.0.3.1703","PSt7-10","180509-002","9/13/2019 10:46:52 AM","0000-00","0","no battery","V"
"06/11/2023","11:12:06","9","default","547630319","OXY_CH9","16.142","min","145.557","μmol/L","Humid","24.895","deg","140851","µV","26.689","°C","1016.000","hPa","35.9","pmil","0","55.690","deg","20.000","°C","100.000","%a.s.","22.400","deg","20.000","°C","962.000","hPa","0.861","-0.02617","0.00035","0","0","13.56","Humid","35.35","0","78.50","281428.20","SABD0002000014","AAV2.0.0.13","3.0.3.1703","PSt7-10","180509-002","9/13/2019 10:46:52 AM","0000-00","0","no battery","V"
"06/11/2023","11:12:07","9","default","547630319","OXY_CH9","16.158","min","145.581","μmol/L","Humid","24.893","deg","140837","µV","26.689","°C","1016.000","hPa","35.9","pmil","0","55.690","deg","20.000","°C","100.000","%a.s.","22.400","deg","20.000","°C","962.000","hPa","0.861","-0.02617","0.00035","0","0","13.56","Humid","35.35","0","78.50","281420.16","SABD0002000014","AAV2.0.0.13","3.0.3.1703","PSt7-10","180509-002","9/13/2019 10:46:52 AM","0000-00","0","no battery","V"
"06/11/2023","11:12:08","9","default","547630319","OXY_CH9","16.175","min","145.641","μmol/L","Humid","24.888","deg","140826","µV","26.689","°C","1016.000","hPa","35.9","pmil","0","55.690","deg","20.000","°C","100.000","%a.s.","22.400","deg","20.000","°C","962.000","hPa","0.861","-0.02617","0.00035","0","0","13.56","Humid","35.35","0","78.50","281414.09","SABD0002000014","AAV2.0.0.13","3.0.3.1703","PSt7-10","180509-002","9/13/2019 10:46:52 AM","0000-00","0","no battery","V"
"06/11/2023","11:12:09","9","default","547630319","OXY_CH9","16.191","min","145.641","μmol/L","Humid","24.888","deg","140825","µV","26.689","°C","1016.000","hPa","35.9","pmil","0","55.690","deg","20.000","°C","100.000","%a.s.","22.400","deg","20.000","°C","962.000","hPa","0.861","-0.02617","0.00035","0","0","13.56","Humid","35.35","0","78.50","281415.43","SABD0002000014","AAV2.0.0.13","3.0.3.1703","PSt7-10","180509-002","9/13/2019 10:46:52 AM","0000-00","0","no battery","V"
"06/11/2023","11:12:10","9","default","547630319","OXY_CH9","16.208","min","145.641","μmol/L","Humid","24.888","deg","140807","µV","26.689","°C","1016.000","hPa","35.9","pmil","0","55.690","deg","20.000","°C","100.000","%a.s.","22.400","deg","20.000","°C","962.000","hPa","0.861","-0.02617","0.00035","0","0","13.56","Humid","35.35","0","78.50","281421.87","SABD0002000014","AAV2.0.0.13","3.0.3.1703","PSt7-10","180509-002","9/13/2019 10:46:52 AM","0000-00","0","no battery","V"
"06/11/2023","11:12:11","9","default","547630319","OXY_CH9","16.225","min","145.629","μmol/L","Humid","24.889","deg","140806","µV","26.689","°C","1016.000","hPa","35.9","pmil","0","55.690","deg","20.000","°C","100.000","%a.s.","22.400","deg","20.000","°C","962.000","hPa","0.861","-0.02617","0.00035","0","0","13.56","Humid","35.35","0","78.50","281418.66","SABD0002000014","AAV2.0.0.13","3.0.3.1703","PSt7-10","180509-002","9/13/2019 10:46:52 AM","0000-00","0","no battery","V"
"06/11/2023","11:12:12","9","default","547630319","OXY_CH9","16.241","min","145.653","μmol/L","Humid","24.887","deg","140791","µV","26.689","°C","1016.000","hPa","35.9","pmil","0","55.690","deg","20.000","°C","100.000","%a.s.","22.400","deg","20.000","°C","962.000","hPa","0.861","-0.02617","0.00035","0","0","13.56","Humid","35.35","0","78.50","281425.62","SABD0002000014","AAV2.0.0.13","3.0.3.1703","PSt7-10","180509-002","9/13/2019 10:46:52 AM","0000-00","0","no battery","V"
"06/11/2023","11:12:13","9","default","547630319","OXY_CH9","16.258","min","145.715","μmol/L","Humid","24.884","deg","140784","µV","26.683","°C","1016.000","hPa","35.9","pmil","0","55.690","deg","20.000","°C","100.000","%a.s.","22.400","deg","20.000","°C","962.000","hPa","0.861","-0.02617","0.00035","0","0","13.56","Humid","35.35","0","78.50","281421.17","SABD0002000014","AAV2.0.0.13","3.0.3.1703","PSt7-10","180509-002","9/13/2019 10:46:52 AM","0000-00","0","no battery","V"
"06/11/2023","11:12:14","9","default","547630319","OXY_CH9","16.275","min","145.712","μmol/L","Humid","24.882","deg","140764","µV","26.689","°C","1016.000","hPa","35.9","pmil","0","55.690","deg","20.000","°C","100.000","%a.s.","22.400","deg","20.000","°C","962.000","hPa","0.861","-0.02617","0.00035","0","0","13.56","Humid","35.35","0","78.50","281412.62","SABD0002000014","AAV2.0.0.13","3.0.3.1703","PSt7-10","180509-002","9/13/2019 10:46:52 AM","0000-00","0","no battery","V"
"06/11/2023","11:12:15","9","default","547630319","OXY_CH9","16.291","min","145.695","μmol/L","Humid","24.879","deg","140763","µV","26.701","°C","1016.000","hPa","35.9","pmil","0","55.690","deg","20.000","°C","100.000","%a.s.","22.400","deg","20.000","°C","962.000","hPa","0.861","-0.02617","0.00035","0","0","13.56","Humid","35.35","0","78.50","281413.65","SABD0002000014","AAV2.0.0.13","3.0.3.1703","PSt7-10","180509-002","9/13/2019 10:46:52 AM","0000-00","0","no battery","V"
"06/11/2023","11:12:16","9","default","547630319","OXY_CH9","16.308","min","145.748","μmol/L","Humid","24.879","deg","140751","µV","26.689","°C","1016.000","hPa","35.9","pmil","0","55.690","deg","20.000","°C","100.000","%a.s.","22.400","deg","20.000","°C","962.000","hPa","0.861","-0.02617","0.00035","0","0","13.56","Humid","35.35","0","78.50","281418.50","SABD0002000014","AAV2.0.0.13","3.0.3.1703","PSt7-10","180509-002","9/13/2019 10:46:52 AM","0000-00","0","no battery","V"
"06/11/2023","11:12:17","9","default","547630319","OXY_CH9","16.324","min","145.745","μmol/L","Humid","24.877","deg","140736","µV","26.695","°C","1016.000","hPa","35.9","pmil","0","55.690","deg","20.000","°C","100.000","%a.s.","22.400","deg","20.000","°C","962.000","hPa","0.861","-0.02617","0.00035","0","0","13.56","Humid","35.35","0","78.50","281410.94","SABD0002000014","AAV2.0.0.13","3.0.3.1703","PSt7-10","180509-002","9/13/2019 10:46:52 AM","0000-00","0","no battery","V"
"06/11/2023","11:12:18","9","default","547630319","OXY_CH9","16.341","min","145.781","μmol/L","Humid","24.874","deg","140732","µV","26.695","°C","1016.000","hPa","35.9","pmil","0","55.690","deg","20.000","°C","100.000","%a.s.","22.400","deg","20.000","°C","962.000","hPa","0.861","-0.02617","0.00035","0","0","13.56","Humid","35.35","0","78.50","281419.77","SABD0002000014","AAV2.0.0.13","3.0.3.1703","PSt7-10","180509-002","9/13/2019 10:46:52 AM","0000-00","0","no battery","V"
"06/11/2023","11:12:19","9","default","547630319","OXY_CH9","16.359","min","145.793","μmol/L","Humid","24.873","deg","140723","µV","26.695","°C","1016.000","hPa","35.9","pmil","0","55.690","deg","20.000","°C","100.000","%a.s.","22.400","deg","20.000","°C","962.000","hPa","0.861","-0.02617","0.00035","0","0","13.56","Humid","35.35","0","78.50","281445.02","SABD0002000014","AAV2.0.0.13","3.0.3.1703","PSt7-10","180509-002","9/13/2019 10:46:52 AM","0000-00","0","no battery","V"
"06/11/2023","11:12:20","9","default","547630319","OXY_CH9","16.375","min","145.855","μmol/L","Humid","24.870","deg","140712","µV","26.689","°C","1016.000","hPa","35.9","pmil","0","55.690","deg","20.000","°C","100.000","%a.s.","22.400","deg","20.000","°C","962.000","hPa","0.861","-0.02617","0.00035","0","0","13.56","Humid","35.35","0","78.50","281426.20","SABD0002000014","AAV2.0.0.13","3.0.3.1703","PSt7-10","180509-002","9/13/2019 10:46:52 AM","0000-00","0","no battery","V"
"06/11/2023","11:12:21","9","default","547630319","OXY_CH9","16.392","min","145.808","μmol/L","Humid","24.874","deg","140704","µV","26.689","°C","1016.000","hPa","35.9","pmil","0","55.690","deg","20.000","°C","100.000","%a.s.","22.400","deg","20.000","°C","962.000","hPa","0.861","-0.02617","0.00035","0","0","13.56","Humid","35.35","0","78.50","281421.56","SABD0002000014","AAV2.0.0.13","3.0.3.1703","PSt7-10","180509-002","9/13/2019 10:46:52 AM","0000-00","0","no battery","V"
"06/11/2023","11:12:22","9","default","547630319","OXY_CH9","16.408","min","145.860","μmol/L","Humid","24.870","deg","140678","µV","26.689","°C","1017.000","hPa","35.9","pmil","0","55.690","deg","20.000","°C","100.000","%a.s.","22.400","deg","20.000","°C","962.000","hPa","0.861","-0.02617","0.00035","0","0","13.56","Humid","35.35","0","78.50","281418.74","SABD0002000014","AAV2.0.0.13","3.0.3.1703","PSt7-10","180509-002","9/13/2019 10:46:52 AM","0000-00","0","no battery","V"
"06/11/2023","11:12:23","9","default","547630319","OXY_CH9","16.425","min","145.879","μmol/L","Humid","24.868","deg","140676","µV","26.689","°C","1016.000","hPa","35.9","pmil","0","55.690","deg","20.000","°C","100.000","%a.s.","22.400","deg","20.000","°C","962.000","hPa","0.861","-0.02617","0.00035","0","0","13.56","Humid","35.35","0","78.50","281417.76","SABD0002000014","AAV2.0.0.13","3.0.3.1703","PSt7-10","180509-002","9/13/2019 10:46:52 AM","0000-00","0","no battery","V"
"06/11/2023","11:12:24","9","default","547630319","OXY_CH9","16.442","min","145.910","μmol/L","Humid","24.861","deg","140664","µV","26.701","°C","1016.000","hPa","35.9","pmil","0","55.690","deg","20.000","°C","100.000","%a.s.","22.400","deg","20.000","°C","962.000","hPa","0.861","-0.02617","0.00035","0","0","13.56","Humid","35.35","0","78.50","281419.80","SABD0002000014","AAV2.0.0.13","3.0.3.1703","PSt7-10","180509-002","9/13/2019 10:46:52 AM","0000-00","0","no battery","V"
"06/11/2023","11:12:25","9","default","547630319","OXY_CH9","16.458","min","145.865","μmol/L","Humid","24.867","deg","140648","µV","26.695","°C","1016.000","hPa","35.9","pmil","0","55.690","deg","20.000","°C","100.000","%a.s.","22.400","deg","20.000","°C","962.000","hPa","0.861","-0.02617","0.00035","0","0","13.56","Humid","35.35","0","78.50","281418.84","SABD0002000014","AAV2.0.0.13","3.0.3.1703","PSt7-10","180509-002","9/13/2019 10:46:52 AM","0000-00","0","no battery","V"
"06/11/2023","11:12:26","9","default","547630319","OXY_CH9","16.475","min","145.989","μmol/L","Humid","24.861","deg","140642","µV","26.683","°C","1016.000","hPa","35.9","pmil","0","55.690","deg","20.000","°C","100.000","%a.s.","22.400","deg","20.000","°C","962.000","hPa","0.861","-0.02617","0.00035","0","0","13.56","Humid","35.35","0","78.50","281416.01","SABD0002000014","AAV2.0.0.13","3.0.3.1703","PSt7-10","180509-002","9/13/2019 10:46:52 AM","0000-00","0","no battery","V"
"06/11/2023","11:12:27","9","default","547630319","OXY_CH9","16.491","min","145.948","μmol/L","Humid","24.860","deg","140629","µV","26.695","°C","1016.000","hPa","35.9","pmil","0","55.690","deg","20.000","°C","100.000","%a.s.","22.400","deg","20.000","°C","962.000","hPa","0.861","-0.02617","0.00035","0","0","13.56","Humid","35.35","0","78.50","281422.32","SABD0002000014","AAV2.0.0.13","3.0.3.1703","PSt7-10","180509-002","9/13/2019 10:46:52 AM","0000-00","0","no battery","V"
"06/11/2023","11:12:28","9","default","547630319","OXY_CH9","16.508","min","146.013","μmol/L","Humid","24.859","deg","140621","µV","26.683","°C","1016.000","hPa","35.9","pmil","0","55.690","deg","20.000","°C","100.000","%a.s.","22.400","deg","20.000","°C","962.000","hPa","0.861","-0.02617","0.00035","0","0","13.56","Humid","35.35","0","78.50","281407.85","SABD0002000014","AAV2.0.0.13","3.0.3.1703","PSt7-10","180509-002","9/13/2019 10:46:52 AM","0000-00","0","no battery","V"
"06/11/2023","11:12:29","9","default","547630319","OXY_CH9","16.525","min","145.999","μmol/L","Humid","24.858","deg","140609","µV","26.689","°C","1016.000","hPa","35.9","pmil","0","55.690","deg","20.000","°C","100.000","%a.s.","22.400","deg","20.000","°C","962.000","hPa","0.861","-0.02617","0.00035","0","0","13.56","Humid","35.35","0","78.50","281417.32","SABD0002000014","AAV2.0.0.13","3.0.3.1703","PSt7-10","180509-002","9/13/2019 10:46:52 AM","0000-00","0","no battery","V"
"06/11/2023","11:12:30","9","default","547630319","OXY_CH9","16.541","min","146.061","μmol/L","Humid","24.855","deg","140589","µV","26.683","°C","1016.000","hPa","35.9","pmil","0","55.690","deg","20.000","°C","100.000","%a.s.","22.400","deg","20.000","°C","962.000","hPa","0.861","-0.02617","0.00035","0","0","13.56","Humid","35.35","0","78.50","281413.48","SABD0002000014","AAV2.0.0.13","3.0.3.1703","PSt7-10","180509-002","9/13/2019 10:46:52 AM","0000-00","0","no battery","V"
"06/11/2023","11:12:31","9","default","547630319","OXY_CH9","16.558","min","146.017","μmol/L","Humid","24.852","deg","140579","µV","26.701","°C","1016.000","hPa","35.9","pmil","0","55.690","deg","20.000","°C","100.000","%a.s.","22.400","deg","20.000","°C","962.000","hPa","0.861","-0.02617","0.00035","0","0","13.56","Humid","35.35","0","78.50","281409.00","SABD0002000014","AAV2.0.0.13","3.0.3.1703","PSt7-10","180509-002","9/13/2019 10:46:52 AM","0000-00","0","no battery","V"
"06/11/2023","11:12:32","9","default","547630319","OXY_CH9","16.575","min","146.094","μmol/L","Humid","24.850","deg","140564","µV","26.689","°C","1016.000","hPa","35.9","pmil","0","55.690","deg","20.000","°C","100.000","%a.s.","22.400","deg","20.000","°C","962.000","hPa","0.861","-0.02617","0.00035","0","0","13.56","Humid","35.35","0","78.50","281411.78","SABD0002000014","AAV2.0.0.13","3.0.3.1703","PSt7-10","180509-002","9/13/2019 10:46:52 AM","0000-00","0","no battery","V"
"06/11/2023","11:12:33","9","default","547630319","OXY_CH9","16.591","min","146.094","μmol/L","Humid","24.850","deg","140564","µV","26.689","°C","1016.000","hPa","35.9","pmil","0","55.690","deg","20.000","°C","100.000","%a.s.","22.400","deg","20.000","°C","962.000","hPa","0.861","-0.02617","0.00035","0","0","13.56","Humid","35.35","0","78.50","281411.55","SABD0002000014","AAV2.0.0.13","3.0.3.1703","PSt7-10","180509-002","9/13/2019 10:46:52 AM","0000-00","0","no battery","V"
"06/11/2023","11:12:34","9","default","547630319","OXY_CH9","16.608","min","146.145","μmol/L","Humid","24.848","deg","140547","µV","26.683","°C","1016.000","hPa","35.9","pmil","0","55.690","deg","20.000","°C","100.000","%a.s.","22.400","deg","20.000","°C","962.000","hPa","0.861","-0.02617","0.00035","0","0","13.56","Humid","35.35","0","78.50","281410.84","SABD0002000014","AAV2.0.0.13","3.0.3.1703","PSt7-10","180509-002","9/13/2019 10:46:52 AM","0000-00","0","no battery","V"
"06/11/2023","11:12:35","9","default","547630319","OXY_CH9","16.625","min","146.142","μmol/L","Humid","24.846","deg","140537","µV","26.689","°C","1016.000","hPa","35.9","pmil","0","55.690","deg","20.000","°C","100.000","%a.s.","22.400","deg","20.000","°C","962.000","hPa","0.861","-0.02617","0.00035","0","0","13.56","Humid","35.35","0","78.50","281420.03","SABD0002000014","AAV2.0.0.13","3.0.3.1703","PSt7-10","180509-002","9/13/2019 10:46:52 AM","0000-00","0","no battery","V"
"06/11/2023","11:12:36","9","default","547630319","OXY_CH9","16.642","min","146.178","μmol/L","Humid","24.843","deg","140531","µV","26.689","°C","1016.000","hPa","35.9","pmil","0","55.690","deg","20.000","°C","100.000","%a.s.","22.400","deg","20.000","°C","962.000","hPa","0.861","-0.02617","0.00035","0","0","13.56","Humid","35.35","0","78.50","281414.36","SABD0002000014","AAV2.0.0.13","3.0.3.1703","PSt7-10","180509-002","9/13/2019 10:46:52 AM","0000-00","0","no battery","V"
"06/11/2023","11:12:37","9","default","547630319","OXY_CH9","16.658","min","146.202","μmol/L","Humid","24.841","deg","140519","µV","26.689","°C","1016.000","hPa","35.9","pmil","0","55.690","deg","20.000","°C","100.000","%a.s.","22.400","deg","20.000","°C","962.000","hPa","0.861","-0.02617","0.00035","0","0","13.56","Humid","35.35","0","78.50","281410.10","SABD0002000014","AAV2.0.0.13","3.0.3.1703","PSt7-10","180509-002","9/13/2019 10:46:52 AM","0000-00","0","no battery","V"
"06/11/2023","11:12:38","9","default","547630319","OXY_CH9","16.675","min","146.214","μmol/L","Humid","24.840","deg","140502","µV","26.689","°C","1016.000","hPa","35.9","pmil","0","55.690","deg","20.000","°C","100.000","%a.s.","22.400","deg","20.000","°C","962.000","hPa","0.861","-0.02617","0.00035","0","0","13.56","Humid","35.35","0","78.50","281392.76","SABD0002000014","AAV2.0.0.13","3.0.3.1703","PSt7-10","180509-002","9/13/2019 10:46:52 AM","0000-00","0","no battery","V"
"06/11/2023","11:12:39","9","default","547630319","OXY_CH9","16.692","min","146.202","μmol/L","Humid","24.841","deg","140492","µV","26.689","°C","1016.000","hPa","35.9","pmil","0","55.690","deg","20.000","°C","100.000","%a.s.","22.400","deg","20.000","°C","962.000","hPa","0.861","-0.02617","0.00035","0","0","13.56","Humid","35.35","0","78.50","281404.41","SABD0002000014","AAV2.0.0.13","3.0.3.1703","PSt7-10","180509-002","9/13/2019 10:46:52 AM","0000-00","0","no battery","V"
"06/11/2023","11:12:40","9","default","547630319","OXY_CH9","16.708","min","146.199","μmol/L","Humid","24.839","deg","140478","µV","26.695","°C","1016.000","hPa","35.9","pmil","0","55.690","deg","20.000","°C","100.000","%a.s.","22.400","deg","20.000","°C","962.000","hPa","0.861","-0.02617","0.00035","0","0","13.56","Humid","35.35","0","78.50","281395.02","SABD0002000014","AAV2.0.0.13","3.0.3.1703","PSt7-10","180509-002","9/13/2019 10:46:52 AM","0000-00","0","no battery","V"
"06/11/2023","11:12:41","9","default","547630319","OXY_CH9","16.725","min","146.247","μmol/L","Humid","24.835","deg","140477","µV","26.695","°C","1016.000","hPa","35.9","pmil","0","55.690","deg","20.000","°C","100.000","%a.s.","22.400","deg","20.000","°C","962.000","hPa","0.861","-0.02617","0.00035","0","0","13.56","Humid","35.35","0","78.50","281401.44","SABD0002000014","AAV2.0.0.13","3.0.3.1703","PSt7-10","180509-002","9/13/2019 10:46:52 AM","0000-00","0","no battery","V"
"06/11/2023","11:12:42","9","default","547630319","OXY_CH9","16.741","min","146.286","μmol/L","Humid","24.834","deg","140459","µV","26.689","°C","1016.000","hPa","35.9","pmil","0","55.690","deg","20.000","°C","100.000","%a.s.","22.400","deg","20.000","°C","962.000","hPa","0.861","-0.02617","0.00035","0","0","13.56","Humid","35.35","0","78.50","281404.89","SABD0002000014","AAV2.0.0.13","3.0.3.1703","PSt7-10","180509-002","9/13/2019 10:46:52 AM","0000-00","0","no battery","V"
"06/11/2023","11:12:43","9","default","547630319","OXY_CH9","16.758","min","146.324","μmol/L","Humid","24.833","deg","140451","µV","26.683","°C","1016.000","hPa","35.9","pmil","0","55.690","deg","20.000","°C","100.000","%a.s.","22.400","deg","20.000","°C","962.000","hPa","0.861","-0.02617","0.00035","0","0","13.56","Humid","35.35","0","78.50","281404.24","SABD0002000014","AAV2.0.0.13","3.0.3.1703","PSt7-10","180509-002","9/13/2019 10:46:52 AM","0000-00","0","no battery","V"
"06/11/2023","11:12:44","9","default","547630319","OXY_CH9","16.774","min","146.312","μmol/L","Humid","24.834","deg","140444","µV","26.683","°C","1016.000","hPa","35.9","pmil","0","55.690","deg","20.000","°C","100.000","%a.s.","22.400","deg","20.000","°C","962.000","hPa","0.861","-0.02617","0.00035","0","0","13.56","Humid","35.35","0","78.50","281397.00","SABD0002000014","AAV2.0.0.13","3.0.3.1703","PSt7-10","180509-002","9/13/2019 10:46:52 AM","0000-00","0","no battery","V"
"06/11/2023","11:12:45","9","default","547630319","OXY_CH9","16.791","min","146.310","μmol/L","Humid","24.832","deg","140438","µV","26.689","°C","1016.000","hPa","35.9","pmil","0","55.690","deg","20.000","°C","100.000","%a.s.","22.400","deg","20.000","°C","962.000","hPa","0.861","-0.02617","0.00035","0","0","13.56","Humid","35.35","0","78.50","281400.34","SABD0002000014","AAV2.0.0.13","3.0.3.1703","PSt7-10","180509-002","9/13/2019 10:46:52 AM","0000-00","0","no battery","V"
"06/11/2023","11:12:46","9","default","547630319","OXY_CH9","16.808","min","146.334","μmol/L","Humid","24.830","deg","140423","µV","26.689","°C","1016.000","hPa","35.9","pmil","0","55.690","deg","20.000","°C","100.000","%a.s.","22.400","deg","20.000","°C","962.000","hPa","0.861","-0.02617","0.00035","0","0","13.56","Humid","35.35","0","78.50","281396.55","SABD0002000014","AAV2.0.0.13","3.0.3.1703","PSt7-10","180509-002","9/13/2019 10:46:52 AM","0000-00","0","no battery","V"
"06/11/2023","11:12:47","9","default","547630319","OXY_CH9","16.825","min","146.280","μmol/L","Humid","24.830","deg","140412","µV","26.701","°C","1016.000","hPa","35.9","pmil","0","55.690","deg","20.000","°C","100.000","%a.s.","22.400","deg","20.000","°C","962.000","hPa","0.861","-0.02617","0.00035","0","0","13.56","Humid","35.35","0","78.50","281394.25","SABD0002000014","AAV2.0.0.13","3.0.3.1703","PSt7-10","180509-002","9/13/2019 10:46:52 AM","0000-00","0","no battery","V"
"06/11/2023","11:12:48","9","default","547630319","OXY_CH9","16.841","min","146.331","μmol/L","Humid","24.828","deg","140400","µV","26.695","°C","1016.000","hPa","35.9","pmil","0","55.690","deg","20.000","°C","100.000","%a.s.","22.400","deg","20.000","°C","962.000","hPa","0.861","-0.02617","0.00035","0","0","13.56","Humid","35.35","0","78.50","281398.64","SABD0002000014","AAV2.0.0.13","3.0.3.1703","PSt7-10","180509-002","9/13/2019 10:46:52 AM","0000-00","0","no battery","V"
"06/11/2023","11:12:49","9","default","547630319","OXY_CH9","16.858","min","146.381","μmol/L","Humid","24.826","deg","140396","µV","26.689","°C","1016.000","hPa","35.9","pmil","0","55.690","deg","20.000","°C","100.000","%a.s.","22.400","deg","20.000","°C","962.000","hPa","0.861","-0.02617","0.00035","0","0","13.56","Humid","35.35","0","78.50","281405.47","SABD0002000014","AAV2.0.0.13","3.0.3.1703","PSt7-10","180509-002","9/13/2019 10:46:52 AM","0000-00","0","no battery","V"
"06/11/2023","11:12:50","9","default","547630319","OXY_CH9","16.874","min","146.417","μmol/L","Humid","24.823","deg","140387","µV","26.689","°C","1016.000","hPa","35.9","pmil","0","55.690","deg","20.000","°C","100.000","%a.s.","22.400","deg","20.000","°C","962.000","hPa","0.861","-0.02617","0.00035","0","0","13.56","Humid","35.35","0","78.50","281404.02","SABD0002000014","AAV2.0.0.13","3.0.3.1703","PSt7-10","180509-002","9/13/2019 10:46:52 AM","0000-00","0","no battery","V"
"06/11/2023","11:12:51","9","default","547630319","OXY_CH9","16.892","min","146.405","μmol/L","Humid","24.824","deg","140378","µV","26.689","°C","1016.000","hPa","35.9","pmil","0","55.690","deg","20.000","°C","100.000","%a.s.","22.400","deg","20.000","°C","962.000","hPa","0.861","-0.02617","0.00035","0","0","13.56","Humid","35.35","0","78.50","281401.23","SABD0002000014","AAV2.0.0.13","3.0.3.1703","PSt7-10","180509-002","9/13/2019 10:46:52 AM","0000-00","0","no battery","V"
"06/11/2023","11:12:52","9","default","547630319","OXY_CH9","16.908","min","146.480","μmol/L","Humid","24.820","deg","140355","µV","26.683","°C","1016.000","hPa","35.9","pmil","0","55.690","deg","20.000","°C","100.000","%a.s.","22.400","deg","20.000","°C","962.000","hPa","0.861","-0.02617","0.00035","0","0","13.56","Humid","35.35","0","78.50","281388.95","SABD0002000014","AAV2.0.0.13","3.0.3.1703","PSt7-10","180509-002","9/13/2019 10:46:52 AM","0000-00","0","no battery","V"
"06/11/2023","11:12:53","9","default","547630319","OXY_CH9","16.925","min","146.489","μmol/L","Humid","24.817","deg","140354","µV","26.689","°C","1016.000","hPa","35.9","pmil","0","55.690","deg","20.000","°C","100.000","%a.s.","22.400","deg","20.000","°C","962.000","hPa","0.861","-0.02617","0.00035","0","0","13.56","Humid","35.35","0","78.50","281402.37","SABD0002000014","AAV2.0.0.13","3.0.3.1703","PSt7-10","180509-002","9/13/2019 10:46:52 AM","0000-00","0","no battery","V"
"06/11/2023","11:12:54","9","default","547630319","OXY_CH9","16.942","min","146.489","μmol/L","Humid","24.817","deg","140337","µV","26.689","°C","1016.000","hPa","35.9","pmil","0","55.690","deg","20.000","°C","100.000","%a.s.","22.400","deg","20.000","°C","962.000","hPa","0.861","-0.02617","0.00035","0","0","13.56","Humid","35.35","0","78.50","281398.35","SABD0002000014","AAV2.0.0.13","3.0.3.1703","PSt7-10","180509-002","9/13/2019 10:46:52 AM","0000-00","0","no battery","V"
"06/11/2023","11:12:55","9","default","547630319","OXY_CH9","16.959","min","146.451","μmol/L","Humid","24.818","deg","140327","µV","26.695","°C","1016.000","hPa","35.9","pmil","0","55.690","deg","20.000","°C","100.000","%a.s.","22.400","deg","20.000","°C","962.000","hPa","0.861","-0.02617","0.00035","0","0","13.56","Humid","35.35","0","78.50","281394.13","SABD0002000014","AAV2.0.0.13","3.0.3.1703","PSt7-10","180509-002","9/13/2019 10:46:52 AM","0000-00","0","no battery","V"
"06/11/2023","11:12:56","9","default","547630319","OXY_CH9","16.975","min","146.528","μmol/L","Humid","24.816","deg","140317","µV","26.683","°C","1016.000","hPa","35.9","pmil","0","55.690","deg","20.000","°C","100.000","%a.s.","22.400","deg","20.000","°C","962.000","hPa","0.861","-0.02617","0.00035","0","0","13.56","Humid","35.35","0","78.50","281384.00","SABD0002000014","AAV2.0.0.13","3.0.3.1703","PSt7-10","180509-002","9/13/2019 10:46:52 AM","0000-00","0","no battery","V"
"06/11/2023","11:12:57","9","default","547630319","OXY_CH9","16.991","min","146.549","μmol/L","Humid","24.812","deg","140309","µV","26.689","°C","1016.000","hPa","35.9","pmil","0","55.690","deg","20.000","°C","100.000","%a.s.","22.400","deg","20.000","°C","962.000","hPa","0.861","-0.02617","0.00035","0","0","13.56","Humid","35.35","0","78.50","281400.34","SABD0002000014","AAV2.0.0.13","3.0.3.1703","PSt7-10","180509-002","9/13/2019 10:46:52 AM","0000-00","0","no battery","V"
"06/11/2023","11:12:58","9","default","547630319","OXY_CH9","17.008","min","146.573","μmol/L","Humid","24.810","deg","140303","µV","26.689","°C","1016.000","hPa","35.9","pmil","0","55.690","deg","20.000","°C","100.000","%a.s.","22.400","deg","20.000","°C","962.000","hPa","0.861","-0.02617","0.00035","0","0","13.56","Humid","35.35","0","78.50","281395.07","SABD0002000014","AAV2.0.0.13","3.0.3.1703","PSt7-10","180509-002","9/13/2019 10:46:52 AM","0000-00","0","no battery","V"
"06/11/2023","11:12:59","9","default","547630319","OXY_CH9","17.025","min","146.600","μmol/L","Humid","24.810","deg","140294","µV","26.683","°C","1016.000","hPa","35.9","pmil","0","55.690","deg","20.000","°C","100.000","%a.s.","22.400","deg","20.000","°C","962.000","hPa","0.861","-0.02617","0.00035","0","0","13.56","Humid","35.35","0","78.50","281399.19","SABD0002000014","AAV2.0.0.13","3.0.3.1703","PSt7-10","180509-002","9/13/2019 10:46:52 AM","0000-00","0","no battery","V"
"06/11/2023","11:13:00","9","default","547630319","OXY_CH9","17.041","min","146.612","μmol/L","Humid","24.809","deg","140277","µV","26.683","°C","1016.000","hPa","35.9","pmil","0","55.690","deg","20.000","°C","100.000","%a.s.","22.400","deg","20.000","°C","962.000","hPa","0.861","-0.02617","0.00035","0","0","13.56","Humid","35.35","0","78.50","281390.74","SABD0002000014","AAV2.0.0.13","3.0.3.1703","PSt7-10","180509-002","9/13/2019 10:46:52 AM","0000-00","0","no battery","V"
"06/11/2023","11:13:01","9","default","547630319","OXY_CH9","17.058","min","146.609","μmol/L","Humid","24.807","deg","140261","µV","26.689","°C","1016.000","hPa","35.9","pmil","0","55.690","deg","20.000","°C","100.000","%a.s.","22.400","deg","20.000","°C","962.000","hPa","0.861","-0.02617","0.00035","0","0","13.56","Humid","35.35","0","78.50","281381.92","SABD0002000014","AAV2.0.0.13","3.0.3.1703","PSt7-10","180509-002","9/13/2019 10:46:52 AM","0000-00","0","no battery","V"
"06/11/2023","11:13:02","9","default","547630319","OXY_CH9","17.075","min","146.657","μmol/L","Humid","24.803","deg","140258","µV","26.689","°C","1016.000","hPa","35.9","pmil","0","55.690","deg","20.000","°C","100.000","%a.s.","22.400","deg","20.000","°C","962.000","hPa","0.861","-0.02617","0.00035","0","0","13.56","Humid","35.35","0","78.50","281401.26","SABD0002000014","AAV2.0.0.13","3.0.3.1703","PSt7-10","180509-002","9/13/2019 10:46:52 AM","0000-00","0","no battery","V"
"06/11/2023","11:13:03","9","default","547630319","OXY_CH9","17.092","min","146.696","μmol/L","Humid","24.802","deg","140239","µV","26.683","°C","1016.000","hPa","35.9","pmil","0","55.690","deg","20.000","°C","100.000","%a.s.","22.400","deg","20.000","°C","962.000","hPa","0.861","-0.02617","0.00035","0","0","13.56","Humid","35.35","0","78.50","281389.60","SABD0002000014","AAV2.0.0.13","3.0.3.1703","PSt7-10","180509-002","9/13/2019 10:46:52 AM","0000-00","0","no battery","V"
"06/11/2023","11:13:04","9","default","547630319","OXY_CH9","17.109","min","146.669","μmol/L","Humid","24.802","deg","140239","µV","26.689","°C","1016.000","hPa","35.9","pmil","0","55.690","deg","20.000","°C","100.000","%a.s.","22.400","deg","20.000","°C","962.000","hPa","0.861","-0.02617","0.00035","0","0","13.56","Humid","35.35","0","78.50","281399.43","SABD0002000014","AAV2.0.0.13","3.0.3.1703","PSt7-10","180509-002","9/13/2019 10:46:52 AM","0000-00","0","no battery","V"
"06/11/2023","11:13:05","9","default","547630319","OXY_CH9","17.125","min","146.703","μmol/L","Humid","24.797","deg","140226","µV","26.695","°C","1016.000","hPa","35.9","pmil","0","55.690","deg","20.000","°C","100.000","%a.s.","22.400","deg","20.000","°C","962.000","hPa","0.861","-0.02617","0.00035","0","0","13.56","Humid","35.35","0","78.50","281383.16","SABD0002000014","AAV2.0.0.13","3.0.3.1703","PSt7-10","180509-002","9/13/2019 10:46:52 AM","0000-00","0","no battery","V"
"06/11/2023","11:13:06","9","default","547630319","OXY_CH9","17.142","min","146.768","μmol/L","Humid","24.796","deg","140208","µV","26.683","°C","1016.000","hPa","35.9","pmil","0","55.690","deg","20.000","°C","100.000","%a.s.","22.400","deg","20.000","°C","962.000","hPa","0.861","-0.02617","0.00035","0","0","13.56","Humid","35.35","0","78.50","281383.22","SABD0002000014","AAV2.0.0.13","3.0.3.1703","PSt7-10","180509-002","9/13/2019 10:46:52 AM","0000-00","0","no battery","V"
"06/11/2023","11:13:07","9","default","547630319","OXY_CH9","17.158","min","146.729","μmol/L","Humid","24.797","deg","140195","µV","26.689","°C","1016.000","hPa","35.9","pmil","0","55.690","deg","20.000","°C","100.000","%a.s.","22.400","deg","20.000","°C","962.000","hPa","0.861","-0.02617","0.00035","0","0","13.56","Humid","35.35","0","78.50","281381.61","SABD0002000014","AAV2.0.0.13","3.0.3.1703","PSt7-10","180509-002","9/13/2019 10:46:52 AM","0000-00","0","no battery","V"
"06/11/2023","11:13:08","9","default","547630319","OXY_CH9","17.175","min","146.792","μmol/L","Humid","24.794","deg","140184","µV","26.683","°C","1016.000","hPa","35.9","pmil","0","55.690","deg","20.000","°C","100.000","%a.s.","22.400","deg","20.000","°C","962.000","hPa","0.861","-0.02617","0.00035","0","0","13.56","Humid","35.35","0","78.50","281385.70","SABD0002000014","AAV2.0.0.13","3.0.3.1703","PSt7-10","180509-002","9/13/2019 10:46:52 AM","0000-00","0","no battery","V"
"06/11/2023","11:13:09","9","default","547630319","OXY_CH9","17.192","min","146.828","μmol/L","Humid","24.791","deg","140176","µV","26.683","°C","1016.000","hPa","35.9","pmil","0","55.690","deg","20.000","°C","100.000","%a.s.","22.400","deg","20.000","°C","962.000","hPa","0.861","-0.02617","0.00035","0","0","13.56","Humid","35.35","0","78.50","281389.50","SABD0002000014","AAV2.0.0.13","3.0.3.1703","PSt7-10","180509-002","9/13/2019 10:46:52 AM","0000-00","0","no battery","V"
"06/11/2023","11:13:10","9","default","547630319","OXY_CH9","17.208","min","146.802","μmol/L","Humid","24.791","deg","140159","µV","26.689","°C","1016.000","hPa","35.9","pmil","0","55.690","deg","20.000","°C","100.000","%a.s.","22.400","deg","20.000","°C","962.000","hPa","0.861","-0.02617","0.00035","0","0","13.56","Humid","35.35","0","78.50","281381.46","SABD0002000014","AAV2.0.0.13","3.0.3.1703","PSt7-10","180509-002","9/13/2019 10:46:52 AM","0000-00","0","no battery","V"
"06/11/2023","11:13:11","9","default","547630319","OXY_CH9","17.225","min","146.876","μmol/L","Humid","24.787","deg","140157","µV","26.683","°C","1016.000","hPa","35.9","pmil","0","55.690","deg","20.000","°C","100.000","%a.s.","22.400","deg","20.000","°C","962.000","hPa","0.861","-0.02617","0.00035","0","0","13.56","Humid","35.35","0","78.50","281392.44","SABD0002000014","AAV2.0.0.13","3.0.3.1703","PSt7-10","180509-002","9/13/2019 10:46:52 AM","0000-00","0","no battery","V"
"06/11/2023","11:13:12","9","default","547630319","OXY_CH9","17.242","min","146.852","μmol/L","Humid","24.789","deg","140138","µV","26.683","°C","1016.000","hPa","35.9","pmil","0","55.690","deg","20.000","°C","100.000","%a.s.","22.400","deg","20.000","°C","962.000","hPa","0.861","-0.02617","0.00035","0","0","13.56","Humid","35.35","0","78.50","281386.26","SABD0002000014","AAV2.0.0.13","3.0.3.1703","PSt7-10","180509-002","9/13/2019 10:46:52 AM","0000-00","0","no battery","V"
"06/11/2023","11:13:13","9","default","547630319","OXY_CH9","17.258","min","146.876","μmol/L","Humid","24.787","deg","140124","µV","26.683","°C","1016.000","hPa","35.9","pmil","0","55.690","deg","20.000","°C","100.000","%a.s.","22.400","deg","20.000","°C","962.000","hPa","0.861","-0.02617","0.00035","0","0","13.56","Humid","35.35","0","78.50","281380.64","SABD0002000014","AAV2.0.0.13","3.0.3.1703","PSt7-10","180509-002","9/13/2019 10:46:52 AM","0000-00","0","no battery","V"
"06/11/2023","11:13:14","9","default","547630319","OXY_CH9","17.275","min","146.859","μmol/L","Humid","24.784","deg","140115","µV","26.695","°C","1016.000","hPa","35.9","pmil","0","55.690","deg","20.000","°C","100.000","%a.s.","22.400","deg","20.000","°C","962.000","hPa","0.861","-0.02617","0.00035","0","0","13.56","Humid","35.35","0","78.50","281395.27","SABD0002000014","AAV2.0.0.13","3.0.3.1703","PSt7-10","180509-002","9/13/2019 10:46:52 AM","0000-00","0","no battery","V"
"06/11/2023","11:13:15","9","default","547630319","OXY_CH9","17.291","min","146.925","μmol/L","Humid","24.783","deg","140102","µV","26.683","°C","1016.000","hPa","35.9","pmil","0","55.690","deg","20.000","°C","100.000","%a.s.","22.400","deg","20.000","°C","962.000","hPa","0.861","-0.02617","0.00035","0","0","13.56","Humid","35.35","0","78.50","281374.87","SABD0002000014","AAV2.0.0.13","3.0.3.1703","PSt7-10","180509-002","9/13/2019 10:46:52 AM","0000-00","0","no battery","V"
"06/11/2023","11:13:16","9","default","547630319","OXY_CH9","17.308","min","146.946","μmol/L","Humid","24.779","deg","140100","µV","26.689","°C","1016.000","hPa","35.9","pmil","0","55.690","deg","20.000","°C","100.000","%a.s.","22.400","deg","20.000","°C","962.000","hPa","0.861","-0.02617","0.00035","0","0","13.56","Humid","35.35","0","78.50","281378.66","SABD0002000014","AAV2.0.0.13","3.0.3.1703","PSt7-10","180509-002","9/13/2019 10:46:52 AM","0000-00","0","no battery","V"
"06/11/2023","11:13:17","9","default","547630319","OXY_CH9","17.325","min","146.985","μmol/L","Humid","24.778","deg","140086","µV","26.683","°C","1016.000","hPa","35.9","pmil","0","55.690","deg","20.000","°C","100.000","%a.s.","22.400","deg","20.000","°C","962.000","hPa","0.861","-0.02617","0.00035","0","0","13.56","Humid","35.35","0","78.50","281372.04","SABD0002000014","AAV2.0.0.13","3.0.3.1703","PSt7-10","180509-002","9/13/2019 10:46:52 AM","0000-00","0","no battery","V"
"06/11/2023","11:13:18","9","default","547630319","OXY_CH9","17.342","min","146.946","μmol/L","Humid","24.779","deg","140077","µV","26.689","°C","1016.000","hPa","35.9","pmil","0","55.690","deg","20.000","°C","100.000","%a.s.","22.400","deg","20.000","°C","962.000","hPa","0.861","-0.02617","0.00035","0","0","13.56","Humid","35.35","0","78.50","281379.75","SABD0002000014","AAV2.0.0.13","3.0.3.1703","PSt7-10","180509-002","9/13/2019 10:46:52 AM","0000-00","0","no battery","V"
"06/11/2023","11:13:19","9","default","547630319","OXY_CH9","17.358","min","146.970","μmol/L","Humid","24.777","deg","140065","µV","26.689","°C","1016.000","hPa","35.9","pmil","0","55.690","deg","20.000","°C","100.000","%a.s.","22.400","deg","20.000","°C","962.000","hPa","0.861","-0.02617","0.00035","0","0","13.56","Humid","35.35","0","78.50","281372.89","SABD0002000014","AAV2.0.0.13","3.0.3.1703","PSt7-10","180509-002","9/13/2019 10:46:52 AM","0000-00","0","no battery","V"
"06/11/2023","11:13:20","9","default","547630319","OXY_CH9","17.375","min","146.994","μmol/L","Humid","24.775","deg","140049","µV","26.689","°C","1016.000","hPa","35.9","pmil","0","55.690","deg","20.000","°C","100.000","%a.s.","22.400","deg","20.000","°C","962.000","hPa","0.861","-0.02617","0.00035","0","0","13.56","Humid","35.35","0","78.50","281363.94","SABD0002000014","AAV2.0.0.13","3.0.3.1703","PSt7-10","180509-002","9/13/2019 10:46:52 AM","0000-00","0","no battery","V"
"06/11/2023","11:13:21","9","default","547630319","OXY_CH9","17.391","min","147.054","μmol/L","Humid","24.770","deg","140045","µV","26.689","°C","1016.000","hPa","35.9","pmil","0","55.690","deg","20.000","°C","100.000","%a.s.","22.400","deg","20.000","°C","962.000","hPa","0.861","-0.02617","0.00035","0","0","13.56","Humid","35.35","0","78.50","281378.57","SABD0002000014","AAV2.0.0.13","3.0.3.1703","PSt7-10","180509-002","9/13/2019 10:46:52 AM","0000-00","0","no battery","V"
"06/11/2023","11:13:22","9","default","547630319","OXY_CH9","17.408","min","147.030","μmol/L","Humid","24.772","deg","140031","µV","26.689","°C","1016.000","hPa","35.9","pmil","0","55.690","deg","20.000","°C","100.000","%a.s.","22.400","deg","20.000","°C","962.000","hPa","0.861","-0.02617","0.00035","0","0","13.56","Humid","35.35","0","78.50","281371.46","SABD0002000014","AAV2.0.0.13","3.0.3.1703","PSt7-10","180509-002","9/13/2019 10:46:52 AM","0000-00","0","no battery","V"
"06/11/2023","11:13:23","9","default","547630319","OXY_CH9","17.425","min","147.091","μmol/L","Humid","24.767","deg","140023","µV","26.689","°C","1016.000","hPa","35.9","pmil","0","55.690","deg","20.000","°C","100.000","%a.s.","22.400","deg","20.000","°C","962.000","hPa","0.861","-0.02617","0.00035","0","0","13.56","Humid","35.35","0","78.50","281371.81","SABD0002000014","AAV2.0.0.13","3.0.3.1703","PSt7-10","180509-002","9/13/2019 10:46:52 AM","0000-00","0","no battery","V"
"06/11/2023","11:13:24","9","default","547630319","OXY_CH9","17.442","min","147.105","μmol/L","Humid","24.768","deg","140019","µV","26.683","°C","1016.000","hPa","35.9","pmil","0","55.690","deg","20.000","°C","100.000","%a.s.","22.400","deg","20.000","°C","962.000","hPa","0.861","-0.02617","0.00035","0","0","13.56","Humid","35.35","0","78.50","281374.03","SABD0002000014","AAV2.0.0.13","3.0.3.1703","PSt7-10","180509-002","9/13/2019 10:46:52 AM","0000-00","0","no battery","V"
"06/11/2023","11:13:25","9","default","547630319","OXY_CH9","17.458","min","147.078","μmol/L","Humid","24.768","deg","139998","µV","26.689","°C","1016.000","hPa","35.9","pmil","0","55.690","deg","20.000","°C","100.000","%a.s.","22.400","deg","20.000","°C","962.000","hPa","0.861","-0.02617","0.00035","0","0","13.56","Humid","35.35","0","78.50","281357.82","SABD0002000014","AAV2.0.0.13","3.0.3.1703","PSt7-10","180509-002","9/13/2019 10:46:52 AM","0000-00","0","no battery","V"
"06/11/2023","11:13:26","9","default","547630319","OXY_CH9","17.475","min","147.141","μmol/L","Humid","24.765","deg","139985","µV","26.683","°C","1016.000","hPa","35.9","pmil","0","55.690","deg","20.000","°C","100.000","%a.s.","22.400","deg","20.000","°C","962.000","hPa","0.861","-0.02617","0.00035","0","0","13.56","Humid","35.35","0","78.50","281370.89","SABD0002000014","AAV2.0.0.13","3.0.3.1703","PSt7-10","180509-002","9/13/2019 10:46:52 AM","0000-00","0","no battery","V"
"06/11/2023","11:13:27","9","default","547630319","OXY_CH9","17.491","min","147.151","μmol/L","Humid","24.762","deg","139982","µV","26.689","°C","1016.000","hPa","35.9","pmil","0","55.690","deg","20.000","°C","100.000","%a.s.","22.400","deg","20.000","°C","962.000","hPa","0.861","-0.02617","0.00035","0","0","13.56","Humid","35.35","0","78.50","281367.70","SABD0002000014","AAV2.0.0.13","3.0.3.1703","PSt7-10","180509-002","9/13/2019 10:46:52 AM","0000-00","0","no battery","V"
"06/11/2023","11:13:28","9","default","547630319","OXY_CH9","17.508","min","147.124","μmol/L","Humid","24.762","deg","139967","µV","26.695","°C","1016.000","hPa","35.9","pmil","0","55.690","deg","20.000","°C","100.000","%a.s.","22.400","deg","20.000","°C","962.000","hPa","0.861","-0.02617","0.00035","0","0","13.56","Humid","35.35","0","78.50","281363.37","SABD0002000014","AAV2.0.0.13","3.0.3.1703","PSt7-10","180509-002","9/13/2019 10:46:52 AM","0000-00","0","no battery","V"
"06/11/2023","11:13:29","9","default","547630319","OXY_CH9","17.525","min","147.228","μmol/L","Humid","24.760","deg","139960","µV","26.677","°C","1016.000","hPa","35.9","pmil","0","55.690","deg","20.000","°C","100.000","%a.s.","22.400","deg","20.000","°C","962.000","hPa","0.861","-0.02617","0.00035","0","0","13.56","Humid","35.35","0","78.50","281360.90","SABD0002000014","AAV2.0.0.13","3.0.3.1703","PSt7-10","180509-002","9/13/2019 10:46:52 AM","0000-00","0","no battery","V"
"06/11/2023","11:13:30","9","default","547630319","OXY_CH9","17.541","min","147.148","μmol/L","Humid","24.760","deg","139943","µV","26.695","°C","1016.000","hPa","35.9","pmil","0","55.690","deg","20.000","°C","100.000","%a.s.","22.400","deg","20.000","°C","962.000","hPa","0.861","-0.02617","0.00035","0","0","13.56","Humid","35.35","0","78.50","281364.81","SABD0002000014","AAV2.0.0.13","3.0.3.1703","PSt7-10","180509-002","9/13/2019 10:46:52 AM","0000-00","0","no battery","V"
"06/11/2023","11:13:31","9","default","547630319","OXY_CH9","17.558","min","147.238","μmol/L","Humid","24.757","deg","139927","µV","26.683","°C","1016.000","hPa","35.9","pmil","0","55.690","deg","20.000","°C","100.000","%a.s.","22.400","deg","20.000","°C","962.000","hPa","0.861","-0.02617","0.00035","0","0","13.56","Humid","35.35","0","78.50","281364.49","SABD0002000014","AAV2.0.0.13","3.0.3.1703","PSt7-10","180509-002","9/13/2019 10:46:52 AM","0000-00","0","no battery","V"
"06/11/2023","11:13:32","9","default","547630319","OXY_CH9","17.575","min","147.235","μmol/L","Humid","24.755","deg","139932","µV","26.689","°C","1016.000","hPa","35.9","pmil","0","55.690","deg","20.000","°C","100.000","%a.s.","22.400","deg","20.000","°C","962.000","hPa","0.861","-0.02617","0.00035","0","0","13.56","Humid","35.35","0","78.50","281364.31","SABD0002000014","AAV2.0.0.13","3.0.3.1703","PSt7-10","180509-002","9/13/2019 10:46:52 AM","0000-00","0","no battery","V"
"06/11/2023","11:13:33","9","default","547630319","OXY_CH9","17.591","min","147.274","μmol/L","Humid","24.754","deg","139912","µV","26.683","°C","1016.000","hPa","35.9","pmil","0","55.690","deg","20.000","°C","100.000","%a.s.","22.400","deg","20.000","°C","962.000","hPa","0.861","-0.02617","0.00035","0","0","13.56","Humid","35.35","0","78.50","281344.01","SABD0002000014","AAV2.0.0.13","3.0.3.1703","PSt7-10","180509-002","9/13/2019 10:46:52 AM","0000-00","0","no battery","V"
"06/11/2023","11:13:34","9","default","547630319","OXY_CH9","17.608","min","147.284","μmol/L","Humid","24.751","deg","139907","µV","26.689","°C","1016.000","hPa","35.9","pmil","0","55.690","deg","20.000","°C","100.000","%a.s.","22.400","deg","20.000","°C","962.000","hPa","0.861","-0.02617","0.00035","0","0","13.56","Humid","35.35","0","78.50","281363.07","SABD0002000014","AAV2.0.0.13","3.0.3.1703","PSt7-10","180509-002","9/13/2019 10:46:52 AM","0000-00","0","no battery","V"
"06/11/2023","11:13:35","9","default","547630319","OXY_CH9","17.625","min","147.325","μmol/L","Humid","24.752","deg","139896","µV","26.677","°C","1016.000","hPa","35.9","pmil","0","55.690","deg","20.000","°C","100.000","%a.s.","22.400","deg","20.000","°C","962.000","hPa","0.861","-0.02617","0.00035","0","0","13.56","Humid","35.35","0","78.50","281368.94","SABD0002000014","AAV2.0.0.13","3.0.3.1703","PSt7-10","180509-002","9/13/2019 10:46:52 AM","0000-00","0","no battery","V"
"06/11/2023","11:13:36","9","default","547630319","OXY_CH9","17.642","min","147.308","μmol/L","Humid","24.749","deg","139875","µV","26.689","°C","1016.000","hPa","35.9","pmil","0","55.690","deg","20.000","°C","100.000","%a.s.","22.400","deg","20.000","°C","962.000","hPa","0.861","-0.02617","0.00035","0","0","13.56","Humid","35.35","0","78.50","281352.23","SABD0002000014","AAV2.0.0.13","3.0.3.1703","PSt7-10","180509-002","9/13/2019 10:46:52 AM","0000-00","0","no battery","V"
"06/11/2023","11:13:37","9","default","547630319","OXY_CH9","17.658","min","147.356","μmol/L","Humid","24.745","deg","139860","µV","26.689","°C","1016.000","hPa","35.9","pmil","0","55.690","deg","20.000","°C","100.000","%a.s.","22.400","deg","20.000","°C","962.000","hPa","0.861","-0.02617","0.00035","0","0","13.56","Humid","35.35","0","78.50","281361.95","SABD0002000014","AAV2.0.0.13","3.0.3.1703","PSt7-10","180509-002","9/13/2019 10:46:52 AM","0000-00","0","no battery","V"
"06/11/2023","11:13:38","9","default","547630319","OXY_CH9","17.675","min","147.329","μmol/L","Humid","24.745","deg","139853","µV","26.695","°C","1016.000","hPa","35.9","pmil","0","55.690","deg","20.000","°C","100.000","%a.s.","22.400","deg","20.000","°C","962.000","hPa","0.861","-0.02617","0.00035","0","0","13.56","Humid","35.35","0","78.50","281378.96","SABD0002000014","AAV2.0.0.13","3.0.3.1703","PSt7-10","180509-002","9/13/2019 10:46:52 AM","0000-00","0","no battery","V"
"06/11/2023","11:13:39","9","default","547630319","OXY_CH9","17.692","min","147.380","μmol/L","Humid","24.743","deg","139857","µV","26.689","°C","1016.000","hPa","35.9","pmil","0","55.690","deg","20.000","°C","100.000","%a.s.","22.400","deg","20.000","°C","962.000","hPa","0.861","-0.02617","0.00035","0","0","13.56","Humid","35.35","0","78.50","281368.62","SABD0002000014","AAV2.0.0.13","3.0.3.1703","PSt7-10","180509-002","9/13/2019 10:46:52 AM","0000-00","0","no battery","V"
"06/11/2023","11:13:40","9","default","547630319","OXY_CH9","17.708","min","147.368","μmol/L","Humid","24.744","deg","139836","µV","26.689","°C","1016.000","hPa","35.9","pmil","0","55.690","deg","20.000","°C","100.000","%a.s.","22.400","deg","20.000","°C","962.000","hPa","0.861","-0.02617","0.00035","0","0","13.56","Humid","35.35","0","78.50","281354.41","SABD0002000014","AAV2.0.0.13","3.0.3.1703","PSt7-10","180509-002","9/13/2019 10:46:52 AM","0000-00","0","no battery","V"
"06/11/2023","11:13:41","9","default","547630319","OXY_CH9","17.725","min","147.416","μmol/L","Humid","24.740","deg","139830","µV","26.689","°C","1016.000","hPa","35.9","pmil","0","55.690","deg","20.000","°C","100.000","%a.s.","22.400","deg","20.000","°C","962.000","hPa","0.861","-0.02617","0.00035","0","0","13.56","Humid","35.35","0","78.50","281365.49","SABD0002000014","AAV2.0.0.13","3.0.3.1703","PSt7-10","180509-002","9/13/2019 10:46:52 AM","0000-00","0","no battery","V"
"06/11/2023","11:13:42","9","default","547630319","OXY_CH9","17.741","min","147.426","μmol/L","Humid","24.737","deg","139816","µV","26.695","°C","1016.000","hPa","35.9","pmil","0","55.690","deg","20.000","°C","100.000","%a.s.","22.400","deg","20.000","°C","962.000","hPa","0.861","-0.02617","0.00035","0","0","13.56","Humid","35.35","0","78.50","281366.37","SABD0002000014","AAV2.0.0.13","3.0.3.1703","PSt7-10","180509-002","9/13/2019 10:46:52 AM","0000-00","0","no battery","V"
"06/11/2023","11:13:43","9","default","547630319","OXY_CH9","17.758","min","147.453","μmol/L","Humid","24.737","deg","139805","µV","26.689","°C","1016.000","hPa","35.9","pmil","0","55.690","deg","20.000","°C","100.000","%a.s.","22.400","deg","20.000","°C","962.000","hPa","0.861","-0.02617","0.00035","0","0","13.56","Humid","35.35","0","78.50","281356.40","SABD0002000014","AAV2.0.0.13","3.0.3.1703","PSt7-10","180509-002","9/13/2019 10:46:52 AM","0000-00","0","no battery","V"
"06/11/2023","11:13:44","9","default","547630319","OXY_CH9","17.775","min","147.465","μmol/L","Humid","24.736","deg","139800","µV","26.689","°C","1016.000","hPa","35.9","pmil","0","55.690","deg","20.000","°C","100.000","%a.s.","22.400","deg","20.000","°C","962.000","hPa","0.861","-0.02617","0.00035","0","0","13.56","Humid","35.35","0","78.50","281345.42","SABD0002000014","AAV2.0.0.13","3.0.3.1703","PSt7-10","180509-002","9/13/2019 10:46:52 AM","0000-00","0","no battery","V"
"06/11/2023","11:13:45","9","default","547630319","OXY_CH9","17.791","min","147.453","μmol/L","Humid","24.737","deg","139787","µV","26.689","°C","1016.000","hPa","35.9","pmil","0","55.690","deg","20.000","°C","100.000","%a.s.","22.400","deg","20.000","°C","962.000","hPa","0.861","-0.02617","0.00035","0","0","13.56","Humid","35.35","0","78.50","281356.72","SABD0002000014","AAV2.0.0.13","3.0.3.1703","PSt7-10","180509-002","9/13/2019 10:46:52 AM","0000-00","0","no battery","V"
"06/11/2023","11:13:46","9","default","547630319","OXY_CH9","17.808","min","147.540","μmol/L","Humid","24.732","deg","139773","µV","26.683","°C","1016.000","hPa","35.9","pmil","0","55.690","deg","20.000","°C","100.000","%a.s.","22.400","deg","20.000","°C","962.000","hPa","0.861","-0.02617","0.00035","0","0","13.56","Humid","35.35","0","78.50","281356.91","SABD0002000014","AAV2.0.0.13","3.0.3.1703","PSt7-10","180509-002","9/13/2019 10:46:52 AM","0000-00","0","no battery","V"
"06/11/2023","11:13:47","9","default","547630319","OXY_CH9","17.825","min","147.525","μmol/L","Humid","24.731","deg","139765","µV","26.689","°C","1016.000","hPa","35.9","pmil","0","55.690","deg","20.000","°C","100.000","%a.s.","22.400","deg","20.000","°C","962.000","hPa","0.861","-0.02617","0.00035","0","0","13.56","Humid","35.35","0","78.50","281351.50","SABD0002000014","AAV2.0.0.13","3.0.3.1703","PSt7-10","180509-002","9/13/2019 10:46:52 AM","0000-00","0","no battery","V"
"06/11/2023","11:13:48","9","default","547630319","OXY_CH9","17.841","min","147.525","μmol/L","Humid","24.731","deg","139753","µV","26.689","°C","1016.000","hPa","35.9","pmil","0","55.690","deg","20.000","°C","100.000","%a.s.","22.400","deg","20.000","°C","962.000","hPa","0.861","-0.02617","0.00035","0","0","13.56","Humid","35.35","0","78.50","281356.00","SABD0002000014","AAV2.0.0.13","3.0.3.1703","PSt7-10","180509-002","9/13/2019 10:46:52 AM","0000-00","0","no battery","V"
"06/11/2023","11:13:49","9","default","547630319","OXY_CH9","17.858","min","147.586","μmol/L","Humid","24.726","deg","139737","µV","26.689","°C","1016.000","hPa","35.9","pmil","0","55.690","deg","20.000","°C","100.000","%a.s.","22.400","deg","20.000","°C","962.000","hPa","0.861","-0.02617","0.00035","0","0","13.56","Humid","35.35","0","78.50","281366.30","SABD0002000014","AAV2.0.0.13","3.0.3.1703","PSt7-10","180509-002","9/13/2019 10:46:52 AM","0000-00","0","no battery","V"
"06/11/2023","11:13:50","9","default","547630319","OXY_CH9","17.875","min","147.625","μmol/L","Humid","24.725","deg","139723","µV","26.683","°C","1016.000","hPa","35.9","pmil","0","55.690","deg","20.000","°C","100.000","%a.s.","22.400","deg","20.000","°C","962.000","hPa","0.861","-0.02617","0.00035","0","0","13.56","Humid","35.35","0","78.50","281353.73","SABD0002000014","AAV2.0.0.13","3.0.3.1703","PSt7-10","180509-002","9/13/2019 10:46:52 AM","0000-00","0","no battery","V"
"06/11/2023","11:13:51","9","default","547630319","OXY_CH9","17.892","min","147.610","μmol/L","Humid","24.724","deg","139716","µV","26.689","°C","1016.000","hPa","35.9","pmil","0","55.690","deg","20.000","°C","100.000","%a.s.","22.400","deg","20.000","°C","962.000","hPa","0.861","-0.02617","0.00035","0","0","13.56","Humid","35.35","0","78.50","281367.37","SABD0002000014","AAV2.0.0.13","3.0.3.1703","PSt7-10","180509-002","9/13/2019 10:46:52 AM","0000-00","0","no battery","V"
"06/11/2023","11:13:52","9","default","547630319","OXY_CH9","17.908","min","147.658","μmol/L","Humid","24.720","deg","139710","µV","26.689","°C","1016.000","hPa","35.9","pmil","0","55.690","deg","20.000","°C","100.000","%a.s.","22.400","deg","20.000","°C","962.000","hPa","0.861","-0.02617","0.00035","0","0","13.56","Humid","35.35","0","78.50","281351.72","SABD0002000014","AAV2.0.0.13","3.0.3.1703","PSt7-10","180509-002","9/13/2019 10:46:52 AM","0000-00","0","no battery","V"
"06/11/2023","11:13:53","9","default","547630319","OXY_CH9","17.925","min","147.670","μmol/L","Humid","24.719","deg","139702","µV","26.689","°C","1016.000","hPa","35.9","pmil","0","55.690","deg","20.000","°C","100.000","%a.s.","22.400","deg","20.000","°C","962.000","hPa","0.861","-0.02617","0.00035","0","0","13.56","Humid","35.35","0","78.50","281348.99","SABD0002000014","AAV2.0.0.13","3.0.3.1703","PSt7-10","180509-002","9/13/2019 10:46:52 AM","0000-00","0","no battery","V"
"06/11/2023","11:13:54","9","default","547630319","OXY_CH9","17.942","min","147.680","μmol/L","Humid","24.716","deg","139690","µV","26.695","°C","1016.000","hPa","35.9","pmil","0","55.690","deg","20.000","°C","100.000","%a.s.","22.400","deg","20.000","°C","962.000","hPa","0.861","-0.02617","0.00035","0","0","13.56","Humid","35.35","0","78.50","281353.54","SABD0002000014","AAV2.0.0.13","3.0.3.1703","PSt7-10","180509-002","9/13/2019 10:46:52 AM","0000-00","0","no battery","V"
"06/11/2023","11:13:55","9","default","547630319","OXY_CH9","17.958","min","147.658","μmol/L","Humid","24.720","deg","139675","µV","26.689","°C","1016.000","hPa","35.9","pmil","0","55.690","deg","20.000","°C","100.000","%a.s.","22.400","deg","20.000","°C","962.000","hPa","0.861","-0.02617","0.00035","0","0","13.56","Humid","35.35","0","78.50","281345.70","SABD0002000014","AAV2.0.0.13","3.0.3.1703","PSt7-10","180509-002","9/13/2019 10:46:52 AM","0000-00","0","no battery","V"
"06/11/2023","11:13:56","9","default","547630319","OXY_CH9","17.975","min","147.719","μmol/L","Humid","24.715","deg","139665","µV","26.689","°C","1016.000","hPa","35.9","pmil","0","55.690","deg","20.000","°C","100.000","%a.s.","22.400","deg","20.000","°C","962.000","hPa","0.861","-0.02617","0.00035","0","0","13.56","Humid","35.35","0","78.50","281344.81","SABD0002000014","AAV2.0.0.13","3.0.3.1703","PSt7-10","180509-002","9/13/2019 10:46:52 AM","0000-00","0","no battery","V"
"06/11/2023","11:13:57","9","default","547630319","OXY_CH9","17.991","min","147.782","μmol/L","Humid","24.712","deg","139656","µV","26.683","°C","1016.000","hPa","35.9","pmil","0","55.690","deg","20.000","°C","100.000","%a.s.","22.400","deg","20.000","°C","962.000","hPa","0.861","-0.02617","0.00035","0","0","13.56","Humid","35.35","0","78.50","281342.72","SABD0002000014","AAV2.0.0.13","3.0.3.1703","PSt7-10","180509-002","9/13/2019 10:46:52 AM","0000-00","0","no battery","V"
"06/11/2023","11:13:58","9","default","547630319","OXY_CH9","18.008","min","147.755","μmol/L","Humid","24.712","deg","139643","µV","26.689","°C","1016.000","hPa","35.9","pmil","0","55.690","deg","20.000","°C","100.000","%a.s.","22.400","deg","20.000","°C","962.000","hPa","0.861","-0.02617","0.00035","0","0","13.56","Humid","35.35","0","78.50","281350.46","SABD0002000014","AAV2.0.0.13","3.0.3.1703","PSt7-10","180509-002","9/13/2019 10:46:52 AM","0000-00","0","no battery","V"
"06/11/2023","11:13:59","9","default","547630319","OXY_CH9","18.025","min","147.782","μmol/L","Humid","24.712","deg","139633","µV","26.683","°C","1016.000","hPa","35.9","pmil","0","55.690","deg","20.000","°C","100.000","%a.s.","22.400","deg","20.000","°C","962.000","hPa","0.861","-0.02617","0.00035","0","0","13.56","Humid","35.35","0","78.50","281348.81","SABD0002000014","AAV2.0.0.13","3.0.3.1703","PSt7-10","180509-002","9/13/2019 10:46:52 AM","0000-00","0","no battery","V"
"06/11/2023","11:14:00","9","default","547630319","OXY_CH9","18.041","min","147.767","μmol/L","Humid","24.711","deg","139617","µV","26.689","°C","1016.000","hPa","35.9","pmil","0","55.690","deg","20.000","°C","100.000","%a.s.","22.400","deg","20.000","°C","962.000","hPa","0.861","-0.02617","0.00035","0","0","13.56","Humid","35.35","0","78.50","281337.02","SABD0002000014","AAV2.0.0.13","3.0.3.1703","PSt7-10","180509-002","9/13/2019 10:46:52 AM","0000-00","0","no battery","V"
"06/11/2023","11:14:01","9","default","547630319","OXY_CH9","18.058","min","147.879","μmol/L","Humid","24.704","deg","139612","µV","26.683","°C","1016.000","hPa","35.9","pmil","0","55.690","deg","20.000","°C","100.000","%a.s.","22.400","deg","20.000","°C","962.000","hPa","0.861","-0.02617","0.00035","0","0","13.56","Humid","35.35","0","78.50","281348.13","SABD0002000014","AAV2.0.0.13","3.0.3.1703","PSt7-10","180509-002","9/13/2019 10:46:52 AM","0000-00","0","no battery","V"
"06/11/2023","11:14:02","9","default","547630319","OXY_CH9","18.075","min","147.777","μmol/L","Humid","24.708","deg","139593","µV","26.695","°C","1016.000","hPa","35.9","pmil","0","55.690","deg","20.000","°C","100.000","%a.s.","22.400","deg","20.000","°C","962.000","hPa","0.861","-0.02617","0.00035","0","0","13.56","Humid","35.35","0","78.50","281342.81","SABD0002000014","AAV2.0.0.13","3.0.3.1703","PSt7-10","180509-002","9/13/2019 10:46:52 AM","0000-00","0","no battery","V"
"06/11/2023","11:14:03","9","default","547630319","OXY_CH9","18.092","min","147.852","μmol/L","Humid","24.704","deg","139585","µV","26.689","°C","1016.000","hPa","35.9","pmil","0","55.690","deg","20.000","°C","100.000","%a.s.","22.400","deg","20.000","°C","962.000","hPa","0.861","-0.02617","0.00035","0","0","13.56","Humid","35.35","0","78.50","281341.26","SABD0002000014","AAV2.0.0.13","3.0.3.1703","PSt7-10","180509-002","9/13/2019 10:46:52 AM","0000-00","0","no battery","V"
"06/11/2023","11:14:04","9","default","547630319","OXY_CH9","18.108","min","147.879","μmol/L","Humid","24.704","deg","139575","µV","26.683","°C","1016.000","hPa","35.9","pmil","0","55.690","deg","20.000","°C","100.000","%a.s.","22.400","deg","20.000","°C","962.000","hPa","0.861","-0.02617","0.00035","0","0","13.56","Humid","35.35","0","78.50","281334.36","SABD0002000014","AAV2.0.0.13","3.0.3.1703","PSt7-10","180509-002","9/13/2019 10:46:52 AM","0000-00","0","no battery","V"
"06/11/2023","11:14:05","9","default","547630319","OXY_CH9","18.125","min","147.889","μmol/L","Humid","24.701","deg","139567","µV","26.689","°C","1016.000","hPa","35.9","pmil","0","55.690","deg","20.000","°C","100.000","%a.s.","22.400","deg","20.000","°C","962.000","hPa","0.861","-0.02617","0.00035","0","0","13.56","Humid","35.35","0","78.50","281346.22","SABD0002000014","AAV2.0.0.13","3.0.3.1703","PSt7-10","180509-002","9/13/2019 10:46:52 AM","0000-00","0","no battery","V"
"06/11/2023","11:14:06","9","default","547630319","OXY_CH9","18.142","min","147.876","μmol/L","Humid","24.702","deg","139560","µV","26.689","°C","1016.000","hPa","35.9","pmil","0","55.690","deg","20.000","°C","100.000","%a.s.","22.400","deg","20.000","°C","962.000","hPa","0.861","-0.02617","0.00035","0","0","13.56","Humid","35.35","0","78.50","281345.16","SABD0002000014","AAV2.0.0.13","3.0.3.1703","PSt7-10","180509-002","9/13/2019 10:46:52 AM","0000-00","0","no battery","V"
"06/11/2023","11:14:07","9","default","547630319","OXY_CH9","18.158","min","147.913","μmol/L","Humid","24.699","deg","139541","µV","26.689","°C","1016.000","hPa","35.9","pmil","0","55.690","deg","20.000","°C","100.000","%a.s.","22.400","deg","20.000","°C","962.000","hPa","0.861","-0.02617","0.00035","0","0","13.56","Humid","35.35","0","78.50","281335.42","SABD0002000014","AAV2.0.0.13","3.0.3.1703","PSt7-10","180509-002","9/13/2019 10:46:52 AM","0000-00","0","no battery","V"
"06/11/2023","11:14:08","9","default","547630319","OXY_CH9","18.175","min","147.949","μmol/L","Humid","24.696","deg","139537","µV","26.689","°C","1016.000","hPa","35.9","pmil","0","55.690","deg","20.000","°C","100.000","%a.s.","22.400","deg","20.000","°C","962.000","hPa","0.861","-0.02617","0.00035","0","0","13.56","Humid","35.35","0","78.50","281341.93","SABD0002000014","AAV2.0.0.13","3.0.3.1703","PSt7-10","180509-002","9/13/2019 10:46:52 AM","0000-00","0","no battery","V"
"06/11/2023","11:14:09","9","default","547630319","OXY_CH9","18.192","min","147.976","μmol/L","Humid","24.696","deg","139533","µV","26.683","°C","1016.000","hPa","35.9","pmil","0","55.690","deg","20.000","°C","100.000","%a.s.","22.400","deg","20.000","°C","962.000","hPa","0.861","-0.02617","0.00035","0","0","13.56","Humid","35.35","0","78.50","281337.93","SABD0002000014","AAV2.0.0.13","3.0.3.1703","PSt7-10","180509-002","9/13/2019 10:46:52 AM","0000-00","0","no battery","V"
"06/11/2023","11:14:10","9","default","547630319","OXY_CH9","18.208","min","147.974","μmol/L","Humid","24.694","deg","139512","µV","26.689","°C","1016.000","hPa","35.9","pmil","0","55.690","deg","20.000","°C","100.000","%a.s.","22.400","deg","20.000","°C","962.000","hPa","0.861","-0.02617","0.00035","0","0","13.56","Humid","35.35","0","78.50","281349.60","SABD0002000014","AAV2.0.0.13","3.0.3.1703","PSt7-10","180509-002","9/13/2019 10:46:52 AM","0000-00","0","no battery","V"
"06/11/2023","11:14:11","9","default","547630319","OXY_CH9","18.225","min","147.986","μmol/L","Humid","24.693","deg","139515","µV","26.689","°C","1016.000","hPa","35.9","pmil","0","55.690","deg","20.000","°C","100.000","%a.s.","22.400","deg","20.000","°C","962.000","hPa","0.861","-0.02617","0.00035","0","0","13.56","Humid","35.35","0","78.50","281345.14","SABD0002000014","AAV2.0.0.13","3.0.3.1703","PSt7-10","180509-002","9/13/2019 10:46:52 AM","0000-00","0","no battery","V"
"06/11/2023","11:14:12","9","default","547630319","OXY_CH9","18.242","min","147.974","μmol/L","Humid","24.694","deg","139499","µV","26.689","°C","1016.000","hPa","35.9","pmil","0","55.690","deg","20.000","°C","100.000","%a.s.","22.400","deg","20.000","°C","962.000","hPa","0.861","-0.02617","0.00035","0","0","13.56","Humid","35.35","0","78.50","281341.65","SABD0002000014","AAV2.0.0.13","3.0.3.1703","PSt7-10","180509-002","9/13/2019 10:46:52 AM","0000-00","0","no battery","V"
"06/11/2023","11:14:13","9","default","547630319","OXY_CH9","18.258","min","148.010","μmol/L","Humid","24.691","deg","139493","µV","26.689","°C","1016.000","hPa","35.9","pmil","0","55.690","deg","20.000","°C","100.000","%a.s.","22.400","deg","20.000","°C","962.000","hPa","0.861","-0.02617","0.00035","0","0","13.56","Humid","35.35","0","78.50","281337.69","SABD0002000014","AAV2.0.0.13","3.0.3.1703","PSt7-10","180509-002","9/13/2019 10:46:52 AM","0000-00","0","no battery","V"
"06/11/2023","11:14:14","9","default","547630319","OXY_CH9","18.275","min","148.010","μmol/L","Humid","24.691","deg","139482","µV","26.689","°C","1016.000","hPa","35.9","pmil","0","55.690","deg","20.000","°C","100.000","%a.s.","22.400","deg","20.000","°C","962.000","hPa","0.861","-0.02617","0.00035","0","0","13.56","Humid","35.35","0","78.50","281336.45","SABD0002000014","AAV2.0.0.13","3.0.3.1703","PSt7-10","180509-002","9/13/2019 10:46:52 AM","0000-00","0","no battery","V"
"06/11/2023","11:14:15","9","default","547630319","OXY_CH9","18.291","min","148.034","μmol/L","Humid","24.689","deg","139465","µV","26.689","°C","1016.000","hPa","35.9","pmil","0","55.690","deg","20.000","°C","100.000","%a.s.","22.400","deg","20.000","°C","962.000","hPa","0.861","-0.02617","0.00035","0","0","13.56","Humid","35.35","0","78.50","281336.54","SABD0002000014","AAV2.0.0.13","3.0.3.1703","PSt7-10","180509-002","9/13/2019 10:46:52 AM","0000-00","0","no battery","V"
"06/11/2023","11:14:16","9","default","547630319","OXY_CH9","18.308","min","148.071","μmol/L","Humid","24.686","deg","139455","µV","26.689","°C","1016.000","hPa","35.9","pmil","0","55.690","deg","20.000","°C","100.000","%a.s.","22.400","deg","20.000","°C","962.000","hPa","0.861","-0.02617","0.00035","0","0","13.56","Humid","35.35","0","78.50","281334.46","SABD0002000014","AAV2.0.0.13","3.0.3.1703","PSt7-10","180509-002","9/13/2019 10:46:52 AM","0000-00","0","no battery","V"
"06/11/2023","11:14:17","9","default","547630319","OXY_CH9","18.325","min","148.083","μmol/L","Humid","24.685","deg","139451","µV","26.689","°C","1016.000","hPa","35.9","pmil","0","55.690","deg","20.000","°C","100.000","%a.s.","22.400","deg","20.000","°C","962.000","hPa","0.861","-0.02617","0.00035","0","0","13.56","Humid","35.35","0","78.50","281328.93","SABD0002000014","AAV2.0.0.13","3.0.3.1703","PSt7-10","180509-002","9/13/2019 10:46:52 AM","0000-00","0","no battery","V"
"06/11/2023","11:14:18","9","default","547630319","OXY_CH9","18.341","min","148.122","μmol/L","Humid","24.684","deg","139442","µV","26.683","°C","1016.000","hPa","35.9","pmil","0","55.690","deg","20.000","°C","100.000","%a.s.","22.400","deg","20.000","°C","962.000","hPa","0.861","-0.02617","0.00035","0","0","13.56","Humid","35.35","0","78.50","281341.78","SABD0002000014","AAV2.0.0.13","3.0.3.1703","PSt7-10","180509-002","9/13/2019 10:46:52 AM","0000-00","0","no battery","V"
"06/11/2023","11:14:19","9","default","547630319","OXY_CH9","18.358","min","148.095","μmol/L","Humid","24.684","deg","139430","µV","26.689","°C","1016.000","hPa","35.9","pmil","0","55.690","deg","20.000","°C","100.000","%a.s.","22.400","deg","20.000","°C","962.000","hPa","0.861","-0.02617","0.00035","0","0","13.56","Humid","35.35","0","78.50","281333.43","SABD0002000014","AAV2.0.0.13","3.0.3.1703","PSt7-10","180509-002","9/13/2019 10:46:52 AM","0000-00","0","no battery","V"
"06/11/2023","11:14:20","9","default","547630319","OXY_CH9","18.375","min","148.171","μmol/L","Humid","24.680","deg","139421","µV","26.683","°C","1016.000","hPa","35.9","pmil","0","55.690","deg","20.000","°C","100.000","%a.s.","22.400","deg","20.000","°C","962.000","hPa","0.861","-0.02617","0.00035","0","0","13.56","Humid","35.35","0","78.50","281347.18","SABD0002000014","AAV2.0.0.13","3.0.3.1703","PSt7-10","180509-002","9/13/2019 10:46:52 AM","0000-00","0","no battery","V"
"06/11/2023","11:14:21","9","default","547630319","OXY_CH9","18.391","min","148.168","μmol/L","Humid","24.678","deg","139401","µV","26.689","°C","1016.000","hPa","35.9","pmil","0","55.690","deg","20.000","°C","100.000","%a.s.","22.400","deg","20.000","°C","962.000","hPa","0.861","-0.02617","0.00035","0","0","13.56","Humid","35.35","0","78.50","281330.07","SABD0002000014","AAV2.0.0.13","3.0.3.1703","PSt7-10","180509-002","9/13/2019 10:46:52 AM","0000-00","0","no battery","V"
"06/11/2023","11:14:22","9","default","547630319","OXY_CH9","18.408","min","148.207","μmol/L","Humid","24.677","deg","139394","µV","26.683","°C","1016.000","hPa","35.9","pmil","0","55.690","deg","20.000","°C","100.000","%a.s.","22.400","deg","20.000","°C","962.000","hPa","0.861","-0.02617","0.00035","0","0","13.56","Humid","35.35","0","78.50","281327.00","SABD0002000014","AAV2.0.0.13","3.0.3.1703","PSt7-10","180509-002","9/13/2019 10:46:52 AM","0000-00","0","no battery","V"
"06/11/2023","11:14:23","9","default","547630319","OXY_CH9","18.425","min","148.243","μmol/L","Humid","24.674","deg","139385","µV","26.683","°C","1016.000","hPa","35.9","pmil","0","55.690","deg","20.000","°C","100.000","%a.s.","22.400","deg","20.000","°C","962.000","hPa","0.861","-0.02617","0.00035","0","0","13.56","Humid","35.35","0","78.50","281338.20","SABD0002000014","AAV2.0.0.13","3.0.3.1703","PSt7-10","180509-002","9/13/2019 10:46:52 AM","0000-00","0","no battery","V"
"06/11/2023","11:14:24","9","default","547630319","OXY_CH9","18.442","min","148.253","μmol/L","Humid","24.671","deg","139371","µV","26.689","°C","1016.000","hPa","35.9","pmil","0","55.690","deg","20.000","°C","100.000","%a.s.","22.400","deg","20.000","°C","962.000","hPa","0.861","-0.02617","0.00035","0","0","13.56","Humid","35.35","0","78.50","281330.11","SABD0002000014","AAV2.0.0.13","3.0.3.1703","PSt7-10","180509-002","9/13/2019 10:46:52 AM","0000-00","0","no battery","V"
"06/11/2023","11:14:25","9","default","547630319","OXY_CH9","18.458","min","148.265","μmol/L","Humid","24.670","deg","139359","µV","26.689","°C","1016.000","hPa","35.9","pmil","0","55.690","deg","20.000","°C","100.000","%a.s.","22.400","deg","20.000","°C","962.000","hPa","0.861","-0.02617","0.00035","0","0","13.56","Humid","35.35","0","78.50","281330.06","SABD0002000014","AAV2.0.0.13","3.0.3.1703","PSt7-10","180509-002","9/13/2019 10:46:52 AM","0000-00","0","no battery","V"
"06/11/2023","11:14:26","9","default","547630319","OXY_CH9","18.474","min","148.226","μmol/L","Humid","24.671","deg","139351","µV","26.695","°C","1016.000","hPa","35.9","pmil","0","55.690","deg","20.000","°C","100.000","%a.s.","22.400","deg","20.000","°C","962.000","hPa","0.861","-0.02617","0.00035","0","0","13.56","Humid","35.35","0","78.50","281333.70","SABD0002000014","AAV2.0.0.13","3.0.3.1703","PSt7-10","180509-002","9/13/2019 10:46:52 AM","0000-00","0","no battery","V"
"06/11/2023","11:14:27","9","default","547630319","OXY_CH9","18.491","min","148.290","μmol/L","Humid","24.668","deg","139342","µV","26.689","°C","1016.000","hPa","35.9","pmil","0","55.690","deg","20.000","°C","100.000","%a.s.","22.400","deg","20.000","°C","962.000","hPa","0.861","-0.02617","0.00035","0","0","13.56","Humid","35.35","0","78.50","281336.49","SABD0002000014","AAV2.0.0.13","3.0.3.1703","PSt7-10","180509-002","9/13/2019 10:46:52 AM","0000-00","0","no battery","V"
"06/11/2023","11:14:28","9","default","547630319","OXY_CH9","18.508","min","148.353","μmol/L","Humid","24.665","deg","139330","µV","26.683","°C","1016.000","hPa","35.9","pmil","0","55.690","deg","20.000","°C","100.000","%a.s.","22.400","deg","20.000","°C","962.000","hPa","0.861","-0.02617","0.00035","0","0","13.56","Humid","35.35","0","78.50","281329.57","SABD0002000014","AAV2.0.0.13","3.0.3.1703","PSt7-10","180509-002","9/13/2019 10:46:52 AM","0000-00","0","no battery","V"
"06/11/2023","11:14:29","9","default","547630319","OXY_CH9","18.525","min","148.356","μmol/L","Humid","24.667","deg","139322","µV","26.677","°C","1016.000","hPa","35.9","pmil","0","55.690","deg","20.000","°C","100.000","%a.s.","22.400","deg","20.000","°C","962.000","hPa","0.861","-0.02617","0.00035","0","0","13.56","Humid","35.35","0","78.50","281331.78","SABD0002000014","AAV2.0.0.13","3.0.3.1703","PSt7-10","180509-002","9/13/2019 10:46:52 AM","0000-00","0","no battery","V"
"06/11/2023","11:14:30","9","default","547630319","OXY_CH9","18.542","min","148.314","μmol/L","Humid","24.666","deg","139315","µV","26.689","°C","1016.000","hPa","35.9","pmil","0","55.690","deg","20.000","°C","100.000","%a.s.","22.400","deg","20.000","°C","962.000","hPa","0.861","-0.02617","0.00035","0","0","13.56","Humid","35.35","0","78.50","281330.19","SABD0002000014","AAV2.0.0.13","3.0.3.1703","PSt7-10","180509-002","9/13/2019 10:46:52 AM","0000-00","0","no battery","V"
"06/11/2023","11:14:31","9","default","547630319","OXY_CH9","18.558","min","148.363","μmol/L","Humid","24.662","deg","139307","µV","26.689","°C","1016.000","hPa","35.9","pmil","0","55.690","deg","20.000","°C","100.000","%a.s.","22.400","deg","20.000","°C","962.000","hPa","0.861","-0.02617","0.00035","0","0","13.56","Humid","35.35","0","78.50","281337.12","SABD0002000014","AAV2.0.0.13","3.0.3.1703","PSt7-10","180509-002","9/13/2019 10:46:52 AM","0000-00","0","no battery","V"
"06/11/2023","11:14:32","9","default","547630319","OXY_CH9","18.575","min","148.402","μmol/L","Humid","24.661","deg","139295","µV","26.683","°C","1016.000","hPa","35.9","pmil","0","55.690","deg","20.000","°C","100.000","%a.s.","22.400","deg","20.000","°C","962.000","hPa","0.861","-0.02617","0.00035","0","0","13.56","Humid","35.35","0","78.50","281332.94","SABD0002000014","AAV2.0.0.13","3.0.3.1703","PSt7-10","180509-002","9/13/2019 10:46:52 AM","0000-00","0","no battery","V"
"06/11/2023","11:14:33","9","default","547630319","OXY_CH9","18.591","min","148.441","μmol/L","Humid","24.660","deg","139287","µV","26.677","°C","1016.000","hPa","35.9","pmil","0","55.690","deg","20.000","°C","100.000","%a.s.","22.400","deg","20.000","°C","962.000","hPa","0.861","-0.02617","0.00035","0","0","13.56","Humid","35.35","0","78.50","281328.54","SABD0002000014","AAV2.0.0.13","3.0.3.1703","PSt7-10","180509-002","9/13/2019 10:46:52 AM","0000-00","0","no battery","V"
"06/11/2023","11:14:34","9","default","547630319","OXY_CH9","18.608","min","148.411","μmol/L","Humid","24.658","deg","139278","µV","26.689","°C","1016.000","hPa","35.9","pmil","0","55.690","deg","20.000","°C","100.000","%a.s.","22.400","deg","20.000","°C","962.000","hPa","0.861","-0.02617","0.00035","0","0","13.56","Humid","35.35","0","78.50","281336.24","SABD0002000014","AAV2.0.0.13","3.0.3.1703","PSt7-10","180509-002","9/13/2019 10:46:52 AM","0000-00","0","no battery","V"
"06/11/2023","11:14:35","9","default","547630319","OXY_CH9","18.625","min","148.438","μmol/L","Humid","24.658","deg","139268","µV","26.683","°C","1016.000","hPa","35.9","pmil","0","55.690","deg","20.000","°C","100.000","%a.s.","22.400","deg","20.000","°C","962.000","hPa","0.861","-0.02617","0.00035","0","0","13.56","Humid","35.35","0","78.50","281327.30","SABD0002000014","AAV2.0.0.13","3.0.3.1703","PSt7-10","180509-002","9/13/2019 10:46:52 AM","0000-00","0","no battery","V"
"06/11/2023","11:14:36","9","default","547630319","OXY_CH9","18.641","min","148.472","μmol/L","Humid","24.653","deg","139252","µV","26.689","°C","1016.000","hPa","35.9","pmil","0","55.690","deg","20.000","°C","100.000","%a.s.","22.400","deg","20.000","°C","962.000","hPa","0.861","-0.02617","0.00035","0","0","13.56","Humid","35.35","0","78.50","281308.76","SABD0002000014","AAV2.0.0.13","3.0.3.1703","PSt7-10","180509-002","9/13/2019 10:46:52 AM","0000-00","0","no battery","V"
"06/11/2023","11:14:37","9","default","547630319","OXY_CH9","18.658","min","148.487","μmol/L","Humid","24.654","deg","139243","µV","26.683","°C","1016.000","hPa","35.9","pmil","0","55.690","deg","20.000","°C","100.000","%a.s.","22.400","deg","20.000","°C","962.000","hPa","0.861","-0.02617","0.00035","0","0","13.56","Humid","35.35","0","78.50","281316.15","SABD0002000014","AAV2.0.0.13","3.0.3.1703","PSt7-10","180509-002","9/13/2019 10:46:52 AM","0000-00","0","no battery","V"
"06/11/2023","11:14:38","9","default","547630319","OXY_CH9","18.675","min","148.499","μmol/L","Humid","24.653","deg","139231","µV","26.683","°C","1016.000","hPa","35.9","pmil","0","55.690","deg","20.000","°C","100.000","%a.s.","22.400","deg","20.000","°C","962.000","hPa","0.861","-0.02617","0.00035","0","0","13.56","Humid","35.35","0","78.50","281326.93","SABD0002000014","AAV2.0.0.13","3.0.3.1703","PSt7-10","180509-002","9/13/2019 10:46:52 AM","0000-00","0","no battery","V"
"06/11/2023","11:14:39","9","default","547630319","OXY_CH9","18.692","min","148.524","μmol/L","Humid","24.651","deg","139214","µV","26.683","°C","1016.000","hPa","35.9","pmil","0","55.690","deg","20.000","°C","100.000","%a.s.","22.400","deg","20.000","°C","962.000","hPa","0.861","-0.02617","0.00035","0","0","13.56","Humid","35.35","0","78.50","281307.90","SABD0002000014","AAV2.0.0.13","3.0.3.1703","PSt7-10","180509-002","9/13/2019 10:46:52 AM","0000-00","0","no battery","V"
"06/11/2023","11:14:40","9","default","547630319","OXY_CH9","18.709","min","148.545","μmol/L","Humid","24.647","deg","139210","µV","26.689","°C","1016.000","hPa","35.9","pmil","0","55.690","deg","20.000","°C","100.000","%a.s.","22.400","deg","20.000","°C","962.000","hPa","0.861","-0.02617","0.00035","0","0","13.56","Humid","35.35","0","78.50","281312.64","SABD0002000014","AAV2.0.0.13","3.0.3.1703","PSt7-10","180509-002","9/13/2019 10:46:52 AM","0000-00","0","no battery","V"
"06/11/2023","11:14:41","9","default","547630319","OXY_CH9","18.725","min","148.545","μmol/L","Humid","24.647","deg","139202","µV","26.689","°C","1016.000","hPa","35.9","pmil","0","55.690","deg","20.000","°C","100.000","%a.s.","22.400","deg","20.000","°C","962.000","hPa","0.861","-0.02617","0.00035","0","0","13.56","Humid","35.35","0","78.50","281316.42","SABD0002000014","AAV2.0.0.13","3.0.3.1703","PSt7-10","180509-002","9/13/2019 10:46:52 AM","0000-00","0","no battery","V"
"06/11/2023","11:14:42","9","default","547630319","OXY_CH9","18.742","min","148.570","μmol/L","Humid","24.645","deg","139183","µV","26.689","°C","1016.000","hPa","35.9","pmil","0","55.690","deg","20.000","°C","100.000","%a.s.","22.400","deg","20.000","°C","962.000","hPa","0.861","-0.02617","0.00035","0","0","13.56","Humid","35.35","0","78.50","281321.52","SABD0002000014","AAV2.0.0.13","3.0.3.1703","PSt7-10","180509-002","9/13/2019 10:46:52 AM","0000-00","0","no battery","V"
"06/11/2023","11:14:43","9","default","547630319","OXY_CH9","18.758","min","148.606","μmol/L","Humid","24.642","deg","139187","µV","26.689","°C","1016.000","hPa","35.9","pmil","0","55.690","deg","20.000","°C","100.000","%a.s.","22.400","deg","20.000","°C","962.000","hPa","0.861","-0.02617","0.00035","0","0","13.56","Humid","35.35","0","78.50","281330.97","SABD0002000014","AAV2.0.0.13","3.0.3.1703","PSt7-10","180509-002","9/13/2019 10:46:52 AM","0000-00","0","no battery","V"
"06/11/2023","11:14:44","9","default","547630319","OXY_CH9","18.775","min","148.594","μmol/L","Humid","24.643","deg","139167","µV","26.689","°C","1016.000","hPa","35.9","pmil","0","55.690","deg","20.000","°C","100.000","%a.s.","22.400","deg","20.000","°C","962.000","hPa","0.861","-0.02617","0.00035","0","0","13.56","Humid","35.35","0","78.50","281312.51","SABD0002000014","AAV2.0.0.13","3.0.3.1703","PSt7-10","180509-002","9/13/2019 10:46:52 AM","0000-00","0","no battery","V"
"06/11/2023","11:14:45","9","default","547630319","OXY_CH9","18.791","min","148.633","μmol/L","Humid","24.642","deg","139159","µV","26.683","°C","1016.000","hPa","35.9","pmil","0","55.690","deg","20.000","°C","100.000","%a.s.","22.400","deg","20.000","°C","962.000","hPa","0.861","-0.02617","0.00035","0","0","13.56","Humid","35.35","0","78.50","281318.85","SABD0002000014","AAV2.0.0.13","3.0.3.1703","PSt7-10","180509-002","9/13/2019 10:46:52 AM","0000-00","0","no battery","V"
"06/11/2023","11:14:46","9","default","547630319","OXY_CH9","18.808","min","148.658","μmol/L","Humid","24.640","deg","139154","µV","26.683","°C","1016.000","hPa","35.9","pmil","0","55.690","deg","20.000","°C","100.000","%a.s.","22.400","deg","20.000","°C","962.000","hPa","0.861","-0.02617","0.00035","0","0","13.56","Humid","35.35","0","78.50","281325.56","SABD0002000014","AAV2.0.0.13","3.0.3.1703","PSt7-10","180509-002","9/13/2019 10:46:52 AM","0000-00","0","no battery","V"
"06/11/2023","11:14:47","9","default","547630319","OXY_CH9","18.825","min","148.719","μmol/L","Humid","24.635","deg","139138","µV","26.683","°C","1016.000","hPa","35.9","pmil","0","55.690","deg","20.000","°C","100.000","%a.s.","22.400","deg","20.000","°C","962.000","hPa","0.861","-0.02617","0.00035","0","0","13.56","Humid","35.35","0","78.50","281319.37","SABD0002000014","AAV2.0.0.13","3.0.3.1703","PSt7-10","180509-002","9/13/2019 10:46:52 AM","0000-00","0","no battery","V"
"06/11/2023","11:14:48","9","default","547630319","OXY_CH9","18.842","min","148.743","μmol/L","Humid","24.633","deg","139134","µV","26.683","°C","1016.000","hPa","35.9","pmil","0","55.690","deg","20.000","°C","100.000","%a.s.","22.400","deg","20.000","°C","962.000","hPa","0.861","-0.02617","0.00035","0","0","13.56","Humid","35.35","0","78.50","281321.99","SABD0002000014","AAV2.0.0.13","3.0.3.1703","PSt7-10","180509-002","9/13/2019 10:46:52 AM","0000-00","0","no battery","V"
"06/11/2023","11:14:49","9","default","547630319","OXY_CH9","18.858","min","148.792","μmol/L","Humid","24.629","deg","139112","µV","26.683","°C","1016.000","hPa","35.9","pmil","0","55.690","deg","20.000","°C","100.000","%a.s.","22.400","deg","20.000","°C","962.000","hPa","0.861","-0.02617","0.00035","0","0","13.56","Humid","35.35","0","78.50","281319.24","SABD0002000014","AAV2.0.0.13","3.0.3.1703","PSt7-10","180509-002","9/13/2019 10:46:52 AM","0000-00","0","no battery","V"
"06/11/2023","11:14:50","9","default","547630319","OXY_CH9","18.875","min","148.728","μmol/L","Humid","24.632","deg","139106","µV","26.689","°C","1016.000","hPa","35.9","pmil","0","55.690","deg","20.000","°C","100.000","%a.s.","22.400","deg","20.000","°C","962.000","hPa","0.861","-0.02617","0.00035","0","0","13.56","Humid","35.35","0","78.50","281317.35","SABD0002000014","AAV2.0.0.13","3.0.3.1703","PSt7-10","180509-002","9/13/2019 10:46:52 AM","0000-00","0","no battery","V"
"06/11/2023","11:14:51","9","default","547630319","OXY_CH9","18.892","min","148.768","μmol/L","Humid","24.631","deg","139093","µV","26.683","°C","1016.000","hPa","35.9","pmil","0","55.690","deg","20.000","°C","100.000","%a.s.","22.400","deg","20.000","°C","962.000","hPa","0.861","-0.02617","0.00035","0","0","13.56","Humid","35.35","0","78.50","281326.31","SABD0002000014","AAV2.0.0.13","3.0.3.1703","PSt7-10","180509-002","9/13/2019 10:46:52 AM","0000-00","0","no battery","V"
"06/11/2023","11:14:52","9","default","547630319","OXY_CH9","18.908","min","148.780","μmol/L","Humid","24.630","deg","139080","µV","26.683","°C","1016.000","hPa","35.9","pmil","0","55.690","deg","20.000","°C","100.000","%a.s.","22.400","deg","20.000","°C","962.000","hPa","0.861","-0.02617","0.00035","0","0","13.56","Humid","35.35","0","78.50","281312.96","SABD0002000014","AAV2.0.0.13","3.0.3.1703","PSt7-10","180509-002","9/13/2019 10:46:52 AM","0000-00","0","no battery","V"
"06/11/2023","11:14:53","9","default","547630319","OXY_CH9","18.925","min","148.790","μmol/L","Humid","24.627","deg","139080","µV","26.689","°C","1016.000","hPa","35.9","pmil","0","55.690","deg","20.000","°C","100.000","%a.s.","22.400","deg","20.000","°C","962.000","hPa","0.861","-0.02617","0.00035","0","0","13.56","Humid","35.35","0","78.50","281315.06","SABD0002000014","AAV2.0.0.13","3.0.3.1703","PSt7-10","180509-002","9/13/2019 10:46:52 AM","0000-00","0","no battery","V"
"06/11/2023","11:14:54","9","default","547630319","OXY_CH9","18.941","min","148.804","μmol/L","Humid","24.628","deg","139065","µV","26.683","°C","1016.000","hPa","35.9","pmil","0","55.690","deg","20.000","°C","100.000","%a.s.","22.400","deg","20.000","°C","962.000","hPa","0.861","-0.02617","0.00035","0","0","13.56","Humid","35.35","0","78.50","281303.80","SABD0002000014","AAV2.0.0.13","3.0.3.1703","PSt7-10","180509-002","9/13/2019 10:46:52 AM","0000-00","0","no battery","V"
"06/11/2023","11:14:55","9","default","547630319","OXY_CH9","18.958","min","148.826","μmol/L","Humid","24.624","deg","139058","µV","26.689","°C","1016.000","hPa","35.9","pmil","0","55.690","deg","20.000","°C","100.000","%a.s.","22.400","deg","20.000","°C","962.000","hPa","0.861","-0.02617","0.00035","0","0","13.56","Humid","35.35","0","78.50","281330.94","SABD0002000014","AAV2.0.0.13","3.0.3.1703","PSt7-10","180509-002","9/13/2019 10:46:52 AM","0000-00","0","no battery","V"
"06/11/2023","11:14:56","9","default","547630319","OXY_CH9","18.975","min","148.853","μmol/L","Humid","24.624","deg","139048","µV","26.683","°C","1016.000","hPa","35.9","pmil","0","55.690","deg","20.000","°C","100.000","%a.s.","22.400","deg","20.000","°C","962.000","hPa","0.861","-0.02617","0.00035","0","0","13.56","Humid","35.35","0","78.50","281320.96","SABD0002000014","AAV2.0.0.13","3.0.3.1703","PSt7-10","180509-002","9/13/2019 10:46:52 AM","0000-00","0","no battery","V"
"06/11/2023","11:14:57","9","default","547630319","OXY_CH9","18.992","min","148.863","μmol/L","Humid","24.621","deg","139041","µV","26.689","°C","1016.000","hPa","35.9","pmil","0","55.690","deg","20.000","°C","100.000","%a.s.","22.400","deg","20.000","°C","962.000","hPa","0.861","-0.02617","0.00035","0","0","13.56","Humid","35.35","0","78.50","281321.70","SABD0002000014","AAV2.0.0.13","3.0.3.1703","PSt7-10","180509-002","9/13/2019 10:46:52 AM","0000-00","0","no battery","V"
"06/11/2023","11:14:58","9","default","547630319","OXY_CH9","19.008","min","148.902","μmol/L","Humid","24.620","deg","139029","µV","26.683","°C","1016.000","hPa","35.9","pmil","0","55.690","deg","20.000","°C","100.000","%a.s.","22.400","deg","20.000","°C","962.000","hPa","0.861","-0.02617","0.00035","0","0","13.56","Humid","35.35","0","78.50","281327.82","SABD0002000014","AAV2.0.0.13","3.0.3.1703","PSt7-10","180509-002","9/13/2019 10:46:52 AM","0000-00","0","no battery","V"
"06/11/2023","11:14:59","9","default","547630319","OXY_CH9","19.025","min","148.902","μmol/L","Humid","24.620","deg","139017","µV","26.683","°C","1016.000","hPa","35.9","pmil","0","55.690","deg","20.000","°C","100.000","%a.s.","22.400","deg","20.000","°C","962.000","hPa","0.861","-0.02617","0.00035","0","0","13.56","Humid","35.35","0","78.50","281322.90","SABD0002000014","AAV2.0.0.13","3.0.3.1703","PSt7-10","180509-002","9/13/2019 10:46:52 AM","0000-00","0","no battery","V"
"06/11/2023","11:15:00","9","default","547630319","OXY_CH9","19.041","min","148.863","μmol/L","Humid","24.621","deg","139003","µV","26.689","°C","1016.000","hPa","35.9","pmil","0","55.690","deg","20.000","°C","100.000","%a.s.","22.400","deg","20.000","°C","962.000","hPa","0.861","-0.02617","0.00035","0","0","13.56","Humid","35.35","0","78.50","281314.54","SABD0002000014","AAV2.0.0.13","3.0.3.1703","PSt7-10","180509-002","9/13/2019 10:46:52 AM","0000-00","0","no battery","V"
"06/11/2023","11:15:01","9","default","547630319","OXY_CH9","19.058","min","148.951","μmol/L","Humid","24.616","deg","138989","µV","26.683","°C","1016.000","hPa","35.9","pmil","0","55.690","deg","20.000","°C","100.000","%a.s.","22.400","deg","20.000","°C","962.000","hPa","0.861","-0.02617","0.00035","0","0","13.56","Humid","35.35","0","78.50","281306.72","SABD0002000014","AAV2.0.0.13","3.0.3.1703","PSt7-10","180509-002","9/13/2019 10:46:52 AM","0000-00","0","no battery","V"
"06/11/2023","11:15:02","9","default","547630319","OXY_CH9","19.075","min","148.900","μmol/L","Humid","24.618","deg","138971","µV","26.689","°C","1016.000","hPa","35.9","pmil","0","55.690","deg","20.000","°C","100.000","%a.s.","22.400","deg","20.000","°C","962.000","hPa","0.861","-0.02617","0.00035","0","0","13.56","Humid","35.35","0","78.50","281310.30","SABD0002000014","AAV2.0.0.13","3.0.3.1703","PSt7-10","180509-002","9/13/2019 10:46:52 AM","0000-00","0","no battery","V"
"06/11/2023","11:15:03","9","default","547630319","OXY_CH9","19.092","min","148.985","μmol/L","Humid","24.611","deg","138969","µV","26.689","°C","1016.000","hPa","35.9","pmil","0","55.690","deg","20.000","°C","100.000","%a.s.","22.400","deg","20.000","°C","962.000","hPa","0.861","-0.02617","0.00035","0","0","13.56","Humid","35.35","0","78.50","281310.29","SABD0002000014","AAV2.0.0.13","3.0.3.1703","PSt7-10","180509-002","9/13/2019 10:46:52 AM","0000-00","0","no battery","V"
"06/11/2023","11:15:04","9","default","547630319","OXY_CH9","19.109","min","149.012","μmol/L","Humid","24.611","deg","138969","µV","26.683","°C","1016.000","hPa","35.9","pmil","0","55.690","deg","20.000","°C","100.000","%a.s.","22.400","deg","20.000","°C","962.000","hPa","0.861","-0.02617","0.00035","0","0","13.56","Humid","35.35","0","78.50","281319.69","SABD0002000014","AAV2.0.0.13","3.0.3.1703","PSt7-10","180509-002","9/13/2019 10:46:52 AM","0000-00","0","no battery","V"
"06/11/2023","11:15:05","9","default","547630319","OXY_CH9","19.125","min","148.997","μmol/L","Humid","24.610","deg","138956","µV","26.689","°C","1016.000","hPa","35.9","pmil","0","55.690","deg","20.000","°C","100.000","%a.s.","22.400","deg","20.000","°C","962.000","hPa","0.861","-0.02617","0.00035","0","0","13.56","Humid","35.35","0","78.50","281315.45","SABD0002000014","AAV2.0.0.13","3.0.3.1703","PSt7-10","180509-002","9/13/2019 10:46:52 AM","0000-00","0","no battery","V"
"06/11/2023","11:15:06","9","default","547630319","OXY_CH9","19.141","min","149.034","μmol/L","Humid","24.607","deg","138935","µV","26.689","°C","1016.000","hPa","35.9","pmil","0","55.690","deg","20.000","°C","100.000","%a.s.","22.400","deg","20.000","°C","962.000","hPa","0.861","-0.02617","0.00035","0","0","13.56","Humid","35.35","0","78.50","281307.80","SABD0002000014","AAV2.0.0.13","3.0.3.1703","PSt7-10","180509-002","9/13/2019 10:46:52 AM","0000-00","0","no battery","V"
"06/11/2023","11:15:07","9","default","547630319","OXY_CH9","19.158","min","149.059","μmol/L","Humid","24.605","deg","138927","µV","26.689","°C","1016.000","hPa","35.9","pmil","0","55.690","deg","20.000","°C","100.000","%a.s.","22.400","deg","20.000","°C","962.000","hPa","0.861","-0.02617","0.00035","0","0","13.56","Humid","35.35","0","78.50","281313.41","SABD0002000014","AAV2.0.0.13","3.0.3.1703","PSt7-10","180509-002","9/13/2019 10:46:52 AM","0000-00","0","no battery","V"
"06/11/2023","11:15:08","9","default","547630319","OXY_CH9","19.174","min","149.083","μmol/L","Humid","24.603","deg","138912","µV","26.689","°C","1016.000","hPa","35.9","pmil","0","55.690","deg","20.000","°C","100.000","%a.s.","22.400","deg","20.000","°C","962.000","hPa","0.861","-0.02617","0.00035","0","0","13.56","Humid","35.35","0","78.50","281298.51","SABD0002000014","AAV2.0.0.13","3.0.3.1703","PSt7-10","180509-002","9/13/2019 10:46:52 AM","0000-00","0","no battery","V"
"06/11/2023","11:15:09","9","default","547630319","OXY_CH9","19.191","min","149.135","μmol/L","Humid","24.601","deg","138914","µV","26.683","°C","1016.000","hPa","35.9","pmil","0","55.690","deg","20.000","°C","100.000","%a.s.","22.400","deg","20.000","°C","962.000","hPa","0.861","-0.02617","0.00035","0","0","13.56","Humid","35.35","0","78.50","281316.31","SABD0002000014","AAV2.0.0.13","3.0.3.1703","PSt7-10","180509-002","9/13/2019 10:46:52 AM","0000-00","0","no battery","V"
"06/11/2023","11:15:10","9","default","547630319","OXY_CH9","19.208","min","149.159","μmol/L","Humid","24.599","deg","138902","µV","26.683","°C","1016.000","hPa","35.9","pmil","0","55.690","deg","20.000","°C","100.000","%a.s.","22.400","deg","20.000","°C","962.000","hPa","0.861","-0.02617","0.00035","0","0","13.56","Humid","35.35","0","78.50","281316.61","SABD0002000014","AAV2.0.0.13","3.0.3.1703","PSt7-10","180509-002","9/13/2019 10:46:52 AM","0000-00","0","no battery","V"
"06/11/2023","11:15:11","9","default","547630319","OXY_CH9","19.225","min","149.120","μmol/L","Humid","24.600","deg","138885","µV","26.689","°C","1016.000","hPa","35.9","pmil","0","55.690","deg","20.000","°C","100.000","%a.s.","22.400","deg","20.000","°C","962.000","hPa","0.861","-0.02617","0.00035","0","0","13.56","Humid","35.35","0","78.50","281317.23","SABD0002000014","AAV2.0.0.13","3.0.3.1703","PSt7-10","180509-002","9/13/2019 10:46:52 AM","0000-00","0","no battery","V"
"06/11/2023","11:15:12","9","default","547630319","OXY_CH9","19.242","min","149.144","μmol/L","Humid","24.598","deg","138872","µV","26.689","°C","1016.000","hPa","35.9","pmil","0","55.690","deg","20.000","°C","100.000","%a.s.","22.400","deg","20.000","°C","962.000","hPa","0.861","-0.02617","0.00035","0","0","13.56","Humid","35.35","0","78.50","281299.97","SABD0002000014","AAV2.0.0.13","3.0.3.1703","PSt7-10","180509-002","9/13/2019 10:46:52 AM","0000-00","0","no battery","V"
"06/11/2023","11:15:13","9","default","547630319","OXY_CH9","19.259","min","149.208","μmol/L","Humid","24.595","deg","138858","µV","26.683","°C","1016.000","hPa","35.9","pmil","0","55.690","deg","20.000","°C","100.000","%a.s.","22.400","deg","20.000","°C","962.000","hPa","0.861","-0.02617","0.00035","0","0","13.56","Humid","35.35","0","78.50","281300.02","SABD0002000014","AAV2.0.0.13","3.0.3.1703","PSt7-10","180509-002","9/13/2019 10:46:52 AM","0000-00","0","no battery","V"
"06/11/2023","11:15:14","9","default","547630319","OXY_CH9","19.275","min","149.157","μmol/L","Humid","24.597","deg","138859","µV","26.689","°C","1016.000","hPa","35.9","pmil","0","55.690","deg","20.000","°C","100.000","%a.s.","22.400","deg","20.000","°C","962.000","hPa","0.861","-0.02617","0.00035","0","0","13.56","Humid","35.35","0","78.50","281305.12","SABD0002000014","AAV2.0.0.13","3.0.3.1703","PSt7-10","180509-002","9/13/2019 10:46:52 AM","0000-00","0","no battery","V"
"06/11/2023","11:15:15","9","default","547630319","OXY_CH9","19.292","min","149.233","μmol/L","Humid","24.593","deg","138846","µV","26.683","°C","1016.000","hPa","35.9","pmil","0","55.690","deg","20.000","°C","100.000","%a.s.","22.400","deg","20.000","°C","962.000","hPa","0.861","-0.02617","0.00035","0","0","13.56","Humid","35.35","0","78.50","281316.65","SABD0002000014","AAV2.0.0.13","3.0.3.1703","PSt7-10","180509-002","9/13/2019 10:46:52 AM","0000-00","0","no battery","V"
"06/11/2023","11:15:16","9","default","547630319","OXY_CH9","19.308","min","149.284","μmol/L","Humid","24.591","deg","138833","µV","26.677","°C","1016.000","hPa","35.9","pmil","0","55.690","deg","20.000","°C","100.000","%a.s.","22.400","deg","20.000","°C","962.000","hPa","0.861","-0.02617","0.00035","0","0","13.56","Humid","35.35","0","78.50","281308.34","SABD0002000014","AAV2.0.0.13","3.0.3.1703","PSt7-10","180509-002","9/13/2019 10:46:52 AM","0000-00","0","no battery","V"
"06/11/2023","11:15:17","9","default","547630319","OXY_CH9","19.324","min","149.218","μmol/L","Humid","24.592","deg","138826","µV","26.689","°C","1016.000","hPa","35.9","pmil","0","55.690","deg","20.000","°C","100.000","%a.s.","22.400","deg","20.000","°C","962.000","hPa","0.861","-0.02617","0.00035","0","0","13.56","Humid","35.35","0","78.50","281302.38","SABD0002000014","AAV2.0.0.13","3.0.3.1703","PSt7-10","180509-002","9/13/2019 10:46:52 AM","0000-00","0","no battery","V"
"06/11/2023","11:15:18","9","default","547630319","OXY_CH9","19.341","min","149.333","μmol/L","Humid","24.587","deg","138812","µV","26.677","°C","1016.000","hPa","35.9","pmil","0","55.690","deg","20.000","°C","100.000","%a.s.","22.400","deg","20.000","°C","962.000","hPa","0.861","-0.02617","0.00035","0","0","13.56","Humid","35.35","0","78.50","281306.28","SABD0002000014","AAV2.0.0.13","3.0.3.1703","PSt7-10","180509-002","9/13/2019 10:46:52 AM","0000-00","0","no battery","V"
"06/11/2023","11:15:19","9","default","547630319","OXY_CH9","19.358","min","149.279","μmol/L","Humid","24.587","deg","138795","µV","26.689","°C","1016.000","hPa","35.9","pmil","0","55.690","deg","20.000","°C","100.000","%a.s.","22.400","deg","20.000","°C","962.000","hPa","0.861","-0.02617","0.00035","0","0","13.56","Humid","35.35","0","78.50","281300.30","SABD0002000014","AAV2.0.0.13","3.0.3.1703","PSt7-10","180509-002","9/13/2019 10:46:52 AM","0000-00","0","no battery","V"
"06/11/2023","11:15:20","9","default","547630319","OXY_CH9","19.375","min","149.291","μmol/L","Humid","24.586","deg","138798","µV","26.689","°C","1016.000","hPa","35.9","pmil","0","55.690","deg","20.000","°C","100.000","%a.s.","22.400","deg","20.000","°C","962.000","hPa","0.861","-0.02617","0.00035","0","0","13.56","Humid","35.35","0","78.50","281317.09","SABD0002000014","AAV2.0.0.13","3.0.3.1703","PSt7-10","180509-002","9/13/2019 10:46:52 AM","0000-00","0","no battery","V"
"06/11/2023","11:15:21","9","default","547630319","OXY_CH9","19.391","min","149.343","μmol/L","Humid","24.584","deg","138782","µV","26.683","°C","1016.000","hPa","35.9","pmil","0","55.690","deg","20.000","°C","100.000","%a.s.","22.400","deg","20.000","°C","962.000","hPa","0.861","-0.02617","0.00035","0","0","13.56","Humid","35.35","0","78.50","281305.53","SABD0002000014","AAV2.0.0.13","3.0.3.1703","PSt7-10","180509-002","9/13/2019 10:46:52 AM","0000-00","0","no battery","V"
"06/11/2023","11:15:22","9","default","547630319","OXY_CH9","19.408","min","149.328","μmol/L","Humid","24.583","deg","138765","µV","26.689","°C","1016.000","hPa","35.9","pmil","0","55.690","deg","20.000","°C","100.000","%a.s.","22.400","deg","20.000","°C","962.000","hPa","0.861","-0.02617","0.00035","0","0","13.56","Humid","35.35","0","78.50","281295.00","SABD0002000014","AAV2.0.0.13","3.0.3.1703","PSt7-10","180509-002","9/13/2019 10:46:52 AM","0000-00","0","no battery","V"
"06/11/2023","11:15:23","9","default","547630319","OXY_CH9","19.425","min","149.432","μmol/L","Humid","24.579","deg","138755","µV","26.677","°C","1016.000","hPa","35.9","pmil","0","55.690","deg","20.000","°C","100.000","%a.s.","22.400","deg","20.000","°C","962.000","hPa","0.861","-0.02617","0.00035","0","0","13.56","Humid","35.35","0","78.50","281297.67","SABD0002000014","AAV2.0.0.13","3.0.3.1703","PSt7-10","180509-002","9/13/2019 10:46:52 AM","0000-00","0","no battery","V"
"06/11/2023","11:15:24","9","default","547630319","OXY_CH9","19.442","min","149.419","μmol/L","Humid","24.580","deg","138745","µV","26.677","°C","1016.000","hPa","35.9","pmil","0","55.690","deg","20.000","°C","100.000","%a.s.","22.400","deg","20.000","°C","962.000","hPa","0.861","-0.02617","0.00035","0","0","13.56","Humid","35.35","0","78.50","281303.02","SABD0002000014","AAV2.0.0.13","3.0.3.1703","PSt7-10","180509-002","9/13/2019 10:46:52 AM","0000-00","0","no battery","V"
"06/11/2023","11:15:25","9","default","547630319","OXY_CH9","19.458","min","149.405","μmol/L","Humid","24.579","deg","138743","µV","26.683","°C","1016.000","hPa","35.9","pmil","0","55.690","deg","20.000","°C","100.000","%a.s.","22.400","deg","20.000","°C","962.000","hPa","0.861","-0.02617","0.00035","0","0","13.56","Humid","35.35","0","78.50","281299.89","SABD0002000014","AAV2.0.0.13","3.0.3.1703","PSt7-10","180509-002","9/13/2019 10:46:52 AM","0000-00","0","no battery","V"
"06/11/2023","11:15:26","9","default","547630319","OXY_CH9","19.475","min","149.417","μmol/L","Humid","24.578","deg","138729","µV","26.683","°C","1016.000","hPa","35.9","pmil","0","55.690","deg","20.000","°C","100.000","%a.s.","22.400","deg","20.000","°C","962.000","hPa","0.861","-0.02617","0.00035","0","0","13.56","Humid","35.35","0","78.50","281315.51","SABD0002000014","AAV2.0.0.13","3.0.3.1703","PSt7-10","180509-002","9/13/2019 10:46:52 AM","0000-00","0","no battery","V"
"06/11/2023","11:15:27","9","default","547630319","OXY_CH9","19.492","min","149.491","μmol/L","Humid","24.572","deg","138721","µV","26.683","°C","1016.000","hPa","35.9","pmil","0","55.690","deg","20.000","°C","100.000","%a.s.","22.400","deg","20.000","°C","962.000","hPa","0.861","-0.02617","0.00035","0","0","13.56","Humid","35.35","0","78.50","281306.11","SABD0002000014","AAV2.0.0.13","3.0.3.1703","PSt7-10","180509-002","9/13/2019 10:46:52 AM","0000-00","0","no battery","V"
"06/11/2023","11:15:28","9","default","547630319","OXY_CH9","19.508","min","149.454","μmol/L","Humid","24.575","deg","138708","µV","26.683","°C","1016.000","hPa","35.9","pmil","0","55.690","deg","20.000","°C","100.000","%a.s.","22.400","deg","20.000","°C","962.000","hPa","0.861","-0.02617","0.00035","0","0","13.56","Humid","35.35","0","78.50","281301.54","SABD0002000014","AAV2.0.0.13","3.0.3.1703","PSt7-10","180509-002","9/13/2019 10:46:52 AM","0000-00","0","no battery","V"
"06/11/2023","11:15:29","9","default","547630319","OXY_CH9","19.525","min","149.500","μmol/L","Humid","24.569","deg","138696","µV","26.689","°C","1016.000","hPa","35.9","pmil","0","55.690","deg","20.000","°C","100.000","%a.s.","22.400","deg","20.000","°C","962.000","hPa","0.861","-0.02617","0.00035","0","0","13.56","Humid","35.35","0","78.50","281303.34","SABD0002000014","AAV2.0.0.13","3.0.3.1703","PSt7-10","180509-002","9/13/2019 10:46:52 AM","0000-00","0","no battery","V"
"06/11/2023","11:15:30","9","default","547630319","OXY_CH9","19.542","min","149.478","μmol/L","Humid","24.573","deg","138688","µV","26.683","°C","1016.000","hPa","35.9","pmil","0","55.690","deg","20.000","°C","100.000","%a.s.","22.400","deg","20.000","°C","962.000","hPa","0.861","-0.02617","0.00035","0","0","13.56","Humid","35.35","0","78.50","281296.54","SABD0002000014","AAV2.0.0.13","3.0.3.1703","PSt7-10","180509-002","9/13/2019 10:46:52 AM","0000-00","0","no battery","V"
"06/11/2023","11:15:31","9","default","547630319","OXY_CH9","19.558","min","149.513","μmol/L","Humid","24.568","deg","138681","µV","26.689","°C","1016.000","hPa","35.9","pmil","0","55.690","deg","20.000","°C","100.000","%a.s.","22.400","deg","20.000","°C","962.000","hPa","0.861","-0.02617","0.00035","0","0","13.56","Humid","35.35","0","78.50","281292.24","SABD0002000014","AAV2.0.0.13","3.0.3.1703","PSt7-10","180509-002","9/13/2019 10:46:52 AM","0000-00","0","no battery","V"
"06/11/2023","11:15:32","9","default","547630319","OXY_CH9","19.575","min","149.564","μmol/L","Humid","24.566","deg","138673","µV","26.683","°C","1016.000","hPa","35.9","pmil","0","55.690","deg","20.000","°C","100.000","%a.s.","22.400","deg","20.000","°C","962.000","hPa","0.861","-0.02617","0.00035","0","0","13.56","Humid","35.35","0","78.50","281298.63","SABD0002000014","AAV2.0.0.13","3.0.3.1703","PSt7-10","180509-002","9/13/2019 10:46:52 AM","0000-00","0","no battery","V"
"06/11/2023","11:15:33","9","default","547630319","OXY_CH9","19.591","min","149.500","μmol/L","Humid","24.569","deg","138665","µV","26.689","°C","1016.000","hPa","35.9","pmil","0","55.690","deg","20.000","°C","100.000","%a.s.","22.400","deg","20.000","°C","962.000","hPa","0.861","-0.02617","0.00035","0","0","13.56","Humid","35.35","0","78.50","281293.02","SABD0002000014","AAV2.0.0.13","3.0.3.1703","PSt7-10","180509-002","9/13/2019 10:46:52 AM","0000-00","0","no battery","V"
"06/11/2023","11:15:34","9","default","547630319","OXY_CH9","19.608","min","149.574","μmol/L","Humid","24.563","deg","138650","µV","26.689","°C","1016.000","hPa","35.9","pmil","0","55.690","deg","20.000","°C","100.000","%a.s.","22.400","deg","20.000","°C","962.000","hPa","0.861","-0.02617","0.00035","0","0","13.56","Humid","35.35","0","78.50","281292.47","SABD0002000014","AAV2.0.0.13","3.0.3.1703","PSt7-10","180509-002","9/13/2019 10:46:52 AM","0000-00","0","no battery","V"
"06/11/2023","11:15:35","9","default","547630319","OXY_CH9","19.625","min","149.650","μmol/L","Humid","24.559","deg","138640","µV","26.683","°C","1016.000","hPa","35.9","pmil","0","55.690","deg","20.000","°C","100.000","%a.s.","22.400","deg","20.000","°C","962.000","hPa","0.861","-0.02617","0.00035","0","0","13.56","Humid","35.35","0","78.50","281296.83","SABD0002000014","AAV2.0.0.13","3.0.3.1703","PSt7-10","180509-002","9/13/2019 10:46:52 AM","0000-00","0","no battery","V"
"06/11/2023","11:15:36","9","default","547630319","OXY_CH9","19.641","min","149.638","μmol/L","Humid","24.560","deg","138624","µV","26.683","°C","1016.000","hPa","35.9","pmil","0","55.690","deg","20.000","°C","100.000","%a.s.","22.400","deg","20.000","°C","962.000","hPa","0.861","-0.02617","0.00035","0","0","13.56","Humid","35.35","0","78.50","281279.78","SABD0002000014","AAV2.0.0.13","3.0.3.1703","PSt7-10","180509-002","9/13/2019 10:46:52 AM","0000-00","0","no battery","V"
"06/11/2023","11:15:37","9","default","547630319","OXY_CH9","19.658","min","149.589","μmol/L","Humid","24.564","deg","138615","µV","26.683","°C","1016.000","hPa","35.9","pmil","0","55.690","deg","20.000","°C","100.000","%a.s.","22.400","deg","20.000","°C","962.000","hPa","0.861","-0.02617","0.00035","0","0","13.56","Humid","35.35","0","78.50","281277.26","SABD0002000014","AAV2.0.0.13","3.0.3.1703","PSt7-10","180509-002","9/13/2019 10:46:52 AM","0000-00","0","no battery","V"
"06/11/2023","11:15:38","9","default","547630319","OXY_CH9","19.675","min","149.690","μmol/L","Humid","24.558","deg","138608","µV","26.677","°C","1016.000","hPa","35.9","pmil","0","55.690","deg","20.000","°C","100.000","%a.s.","22.400","deg","20.000","°C","962.000","hPa","0.861","-0.02617","0.00035","0","0","13.56","Humid","35.35","0","78.50","281295.56","SABD0002000014","AAV2.0.0.13","3.0.3.1703","PSt7-10","180509-002","9/13/2019 10:46:52 AM","0000-00","0","no battery","V"
"06/11/2023","11:15:39","9","default","547630319","OXY_CH9","19.692","min","149.687","μmol/L","Humid","24.556","deg","138603","µV","26.683","°C","1016.000","hPa","35.9","pmil","0","55.690","deg","20.000","°C","100.000","%a.s.","22.400","deg","20.000","°C","962.000","hPa","0.861","-0.02617","0.00035","0","0","13.56","Humid","35.35","0","78.50","281280.00","SABD0002000014","AAV2.0.0.13","3.0.3.1703","PSt7-10","180509-002","9/13/2019 10:46:52 AM","0000-00","0","no battery","V"
"06/11/2023","11:15:40","9","default","547630319","OXY_CH9","19.708","min","149.727","μmol/L","Humid","24.555","deg","138578","µV","26.677","°C","1016.000","hPa","35.9","pmil","0","55.690","deg","20.000","°C","100.000","%a.s.","22.400","deg","20.000","°C","962.000","hPa","0.861","-0.02617","0.00035","0","0","13.56","Humid","35.35","0","78.50","281278.35","SABD0002000014","AAV2.0.0.13","3.0.3.1703","PSt7-10","180509-002","9/13/2019 10:46:52 AM","0000-00","0","no battery","V"
"06/11/2023","11:15:41","9","default","547630319","OXY_CH9","19.725","min","149.737","μmol/L","Humid","24.552","deg","138566","µV","26.683","°C","1016.000","hPa","35.9","pmil","0","55.690","deg","20.000","°C","100.000","%a.s.","22.400","deg","20.000","°C","962.000","hPa","0.861","-0.02617","0.00035","0","0","13.56","Humid","35.35","0","78.50","281279.78","SABD0002000014","AAV2.0.0.13","3.0.3.1703","PSt7-10","180509-002","9/13/2019 10:46:52 AM","0000-00","0","no battery","V"
"06/11/2023","11:15:42","9","default","547630319","OXY_CH9","19.742","min","149.737","μmol/L","Humid","24.552","deg","138562","µV","26.683","°C","1016.000","hPa","35.9","pmil","0","55.690","deg","20.000","°C","100.000","%a.s.","22.400","deg","20.000","°C","962.000","hPa","0.861","-0.02617","0.00035","0","0","13.56","Humid","35.35","0","78.50","281284.12","SABD0002000014","AAV2.0.0.13","3.0.3.1703","PSt7-10","180509-002","9/13/2019 10:46:52 AM","0000-00","0","no battery","V"
"06/11/2023","11:15:43","9","default","547630319","OXY_CH9","19.758","min","149.825","μmol/L","Humid","24.547","deg","138540","µV","26.677","°C","1016.000","hPa","35.9","pmil","0","55.690","deg","20.000","°C","100.000","%a.s.","22.400","deg","20.000","°C","962.000","hPa","0.861","-0.02617","0.00035","0","0","13.56","Humid","35.35","0","78.50","281268.60","SABD0002000014","AAV2.0.0.13","3.0.3.1703","PSt7-10","180509-002","9/13/2019 10:46:52 AM","0000-00","0","no battery","V"
"06/11/2023","11:15:44","9","default","547630319","OXY_CH9","19.775","min","149.771","μmol/L","Humid","24.547","deg","138544","µV","26.689","°C","1016.000","hPa","35.9","pmil","0","55.690","deg","20.000","°C","100.000","%a.s.","22.400","deg","20.000","°C","962.000","hPa","0.861","-0.02617","0.00035","0","0","13.56","Humid","35.35","0","78.50","281285.64","SABD0002000014","AAV2.0.0.13","3.0.3.1703","PSt7-10","180509-002","9/13/2019 10:46:52 AM","0000-00","0","no battery","V"
"06/11/2023","11:15:45","9","default","547630319","OXY_CH9","19.792","min","149.847","μmol/L","Humid","24.543","deg","138526","µV","26.683","°C","1016.000","hPa","35.9","pmil","0","55.690","deg","20.000","°C","100.000","%a.s.","22.400","deg","20.000","°C","962.000","hPa","0.861","-0.02617","0.00035","0","0","13.56","Humid","35.35","0","78.50","281273.52","SABD0002000014","AAV2.0.0.13","3.0.3.1703","PSt7-10","180509-002","9/13/2019 10:46:52 AM","0000-00","0","no battery","V"
"06/11/2023","11:15:46","9","default","547630319","OXY_CH9","19.808","min","149.823","μmol/L","Humid","24.545","deg","138513","µV","26.683","°C","1016.000","hPa","35.9","pmil","0","55.690","deg","20.000","°C","100.000","%a.s.","22.400","deg","20.000","°C","962.000","hPa","0.861","-0.02617","0.00035","0","0","13.56","Humid","35.35","0","78.50","281275.80","SABD0002000014","AAV2.0.0.13","3.0.3.1703","PSt7-10","180509-002","9/13/2019 10:46:52 AM","0000-00","0","no battery","V"
"06/11/2023","11:15:47","9","default","547630319","OXY_CH9","19.825","min","149.872","μmol/L","Humid","24.541","deg","138501","µV","26.683","°C","1016.000","hPa","35.9","pmil","0","55.690","deg","20.000","°C","100.000","%a.s.","22.400","deg","20.000","°C","962.000","hPa","0.861","-0.02617","0.00035","0","0","13.56","Humid","35.35","0","78.50","281285.44","SABD0002000014","AAV2.0.0.13","3.0.3.1703","PSt7-10","180509-002","9/13/2019 10:46:52 AM","0000-00","0","no battery","V"
"06/11/2023","11:15:48","9","default","547630319","OXY_CH9","19.841","min","149.909","μmol/L","Humid","24.538","deg","138492","µV","26.683","°C","1016.000","hPa","35.9","pmil","0","55.690","deg","20.000","°C","100.000","%a.s.","22.400","deg","20.000","°C","962.000","hPa","0.861","-0.02617","0.00035","0","0","13.56","Humid","35.35","0","78.50","281276.26","SABD0002000014","AAV2.0.0.13","3.0.3.1703","PSt7-10","180509-002","9/13/2019 10:46:52 AM","0000-00","0","no battery","V"
"06/11/2023","11:15:49","9","default","547630319","OXY_CH9","19.858","min","149.855","μmol/L","Humid","24.538","deg","138487","µV","26.695","°C","1016.000","hPa","35.9","pmil","0","55.690","deg","20.000","°C","100.000","%a.s.","22.400","deg","20.000","°C","962.000","hPa","0.861","-0.02617","0.00035","0","0","13.56","Humid","35.35","0","78.50","281272.88","SABD0002000014","AAV2.0.0.13","3.0.3.1703","PSt7-10","180509-002","9/13/2019 10:46:52 AM","0000-00","0","no battery","V"
"06/11/2023","11:15:50","9","default","547630319","OXY_CH9","19.875","min","149.891","μmol/L","Humid","24.535","deg","138474","µV","26.695","°C","1016.000","hPa","35.9","pmil","0","55.690","deg","20.000","°C","100.000","%a.s.","22.400","deg","20.000","°C","962.000","hPa","0.861","-0.02617","0.00035","0","0","13.56","Humid","35.35","0","78.50","281273.53","SABD0002000014","AAV2.0.0.13","3.0.3.1703","PSt7-10","180509-002","9/13/2019 10:46:52 AM","0000-00","0","no battery","V"
"06/11/2023","11:15:51","9","default","547630319","OXY_CH9","19.891","min","149.869","μmol/L","Humid","24.539","deg","138462","µV","26.689","°C","1016.000","hPa","35.9","pmil","0","55.690","deg","20.000","°C","100.000","%a.s.","22.400","deg","20.000","°C","962.000","hPa","0.861","-0.02617","0.00035","0","0","13.56","Humid","35.35","0","78.50","281277.90","SABD0002000014","AAV2.0.0.13","3.0.3.1703","PSt7-10","180509-002","9/13/2019 10:46:52 AM","0000-00","0","no battery","V"
"06/11/2023","11:15:52","9","default","547630319","OXY_CH9","19.908","min","149.958","μmol/L","Humid","24.534","deg","138446","µV","26.683","°C","1016.000","hPa","35.9","pmil","0","55.690","deg","20.000","°C","100.000","%a.s.","22.400","deg","20.000","°C","962.000","hPa","0.861","-0.02617","0.00035","0","0","13.56","Humid","35.35","0","78.50","281276.52","SABD0002000014","AAV2.0.0.13","3.0.3.1703","PSt7-10","180509-002","9/13/2019 10:46:52 AM","0000-00","0","no battery","V"
"06/11/2023","11:15:53","9","default","547630319","OXY_CH9","19.925","min","149.973","μmol/L","Humid","24.535","deg","138447","µV","26.677","°C","1016.000","hPa","35.9","pmil","0","55.690","deg","20.000","°C","100.000","%a.s.","22.400","deg","20.000","°C","962.000","hPa","0.861","-0.02617","0.00035","0","0","13.56","Humid","35.35","0","78.50","281274.09","SABD0002000014","AAV2.0.0.13","3.0.3.1703","PSt7-10","180509-002","9/13/2019 10:46:52 AM","0000-00","0","no battery","V"
"06/11/2023","11:15:54","9","default","547630319","OXY_CH9","19.941","min","149.995","μmol/L","Humid","24.531","deg","138425","µV","26.683","°C","1016.000","hPa","35.9","pmil","0","55.690","deg","20.000","°C","100.000","%a.s.","22.400","deg","20.000","°C","962.000","hPa","0.861","-0.02617","0.00035","0","0","13.56","Humid","35.35","0","78.50","281277.50","SABD0002000014","AAV2.0.0.13","3.0.3.1703","PSt7-10","180509-002","9/13/2019 10:46:52 AM","0000-00","0","no battery","V"
"06/11/2023","11:15:55","9","default","547630319","OXY_CH9","19.958","min","149.980","μmol/L","Humid","24.530","deg","138420","µV","26.689","°C","1016.000","hPa","35.9","pmil","0","55.690","deg","20.000","°C","100.000","%a.s.","22.400","deg","20.000","°C","962.000","hPa","0.861","-0.02617","0.00035","0","0","13.56","Humid","35.35","0","78.50","281275.58","SABD0002000014","AAV2.0.0.13","3.0.3.1703","PSt7-10","180509-002","9/13/2019 10:46:52 AM","0000-00","0","no battery","V"
"06/11/2023","11:15:56","9","default","547630319","OXY_CH9","19.974","min","150.042","μmol/L","Humid","24.525","deg","138412","µV","26.689","°C","1016.000","hPa","35.9","pmil","0","55.690","deg","20.000","°C","100.000","%a.s.","22.400","deg","20.000","°C","962.000","hPa","0.861","-0.02617","0.00035","0","0","13.56","Humid","35.35","0","78.50","281256.50","SABD0002000014","AAV2.0.0.13","3.0.3.1703","PSt7-10","180509-002","9/13/2019 10:46:52 AM","0000-00","0","no battery","V"
"06/11/2023","11:15:57","9","default","547630319","OXY_CH9","19.991","min","150.042","μmol/L","Humid","24.525","deg","138395","µV","26.689","°C","1016.000","hPa","35.9","pmil","0","55.690","deg","20.000","°C","100.000","%a.s.","22.400","deg","20.000","°C","962.000","hPa","0.861","-0.02617","0.00035","0","0","13.56","Humid","35.35","0","78.50","281258.27","SABD0002000014","AAV2.0.0.13","3.0.3.1703","PSt7-10","180509-002","9/13/2019 10:46:52 AM","0000-00","0","no battery","V"
"06/11/2023","11:15:58","9","default","547630319","OXY_CH9","20.008","min","150.030","μmol/L","Humid","24.526","deg","138383","µV","26.689","°C","1016.000","hPa","35.9","pmil","0","55.690","deg","20.000","°C","100.000","%a.s.","22.400","deg","20.000","°C","962.000","hPa","0.861","-0.02617","0.00035","0","0","13.56","Humid","35.35","0","78.50","281273.13","SABD0002000014","AAV2.0.0.13","3.0.3.1703","PSt7-10","180509-002","9/13/2019 10:46:52 AM","0000-00","0","no battery","V"
"06/11/2023","11:15:59","9","default","547630319","OXY_CH9","20.024","min","150.091","μmol/L","Humid","24.521","deg","138377","µV","26.689","°C","1016.000","hPa","35.9","pmil","0","55.690","deg","20.000","°C","100.000","%a.s.","22.400","deg","20.000","°C","962.000","hPa","0.861","-0.02617","0.00035","0","0","13.56","Humid","35.35","0","78.50","281267.80","SABD0002000014","AAV2.0.0.13","3.0.3.1703","PSt7-10","180509-002","9/13/2019 10:46:52 AM","0000-00","0","no battery","V"
"06/11/2023","11:16:00","9","default","547630319","OXY_CH9","20.041","min","150.143","μmol/L","Humid","24.519","deg","138366","µV","26.683","°C","1016.000","hPa","35.9","pmil","0","55.690","deg","20.000","°C","100.000","%a.s.","22.400","deg","20.000","°C","962.000","hPa","0.861","-0.02617","0.00035","0","0","13.56","Humid","35.35","0","78.50","281271.22","SABD0002000014","AAV2.0.0.13","3.0.3.1703","PSt7-10","180509-002","9/13/2019 10:46:52 AM","0000-00","0","no battery","V"
"06/11/2023","11:16:01","9","default","547630319","OXY_CH9","20.058","min","150.091","μmol/L","Humid","24.521","deg","138352","µV","26.689","°C","1016.000","hPa","35.9","pmil","0","55.690","deg","20.000","°C","100.000","%a.s.","22.400","deg","20.000","°C","962.000","hPa","0.861","-0.02617","0.00035","0","0","13.56","Humid","35.35","0","78.50","281272.82","SABD0002000014","AAV2.0.0.13","3.0.3.1703","PSt7-10","180509-002","9/13/2019 10:46:52 AM","0000-00","0","no battery","V"
"06/11/2023","11:16:02","9","default","547630319","OXY_CH9","20.075","min","150.166","μmol/L","Humid","24.515","deg","138345","µV","26.689","°C","1016.000","hPa","35.9","pmil","0","55.690","deg","20.000","°C","100.000","%a.s.","22.400","deg","20.000","°C","962.000","hPa","0.861","-0.02617","0.00035","0","0","13.56","Humid","35.35","0","78.50","281270.78","SABD0002000014","AAV2.0.0.13","3.0.3.1703","PSt7-10","180509-002","9/13/2019 10:46:52 AM","0000-00","0","no battery","V"
"06/11/2023","11:16:03","9","default","547630319","OXY_CH9","20.092","min","150.153","μmol/L","Humid","24.516","deg","138331","µV","26.689","°C","1016.000","hPa","35.9","pmil","0","55.690","deg","20.000","°C","100.000","%a.s.","22.400","deg","20.000","°C","962.000","hPa","0.861","-0.02617","0.00035","0","0","13.56","Humid","35.35","0","78.50","281262.96","SABD0002000014","AAV2.0.0.13","3.0.3.1703","PSt7-10","180509-002","9/13/2019 10:46:52 AM","0000-00","0","no battery","V"
"06/11/2023","11:16:04","9","default","547630319","OXY_CH9","20.108","min","150.168","μmol/L","Humid","24.517","deg","138318","µV","26.683","°C","1016.000","hPa","35.9","pmil","0","55.690","deg","20.000","°C","100.000","%a.s.","22.400","deg","20.000","°C","962.000","hPa","0.861","-0.02617","0.00035","0","0","13.56","Humid","35.35","0","78.50","281271.78","SABD0002000014","AAV2.0.0.13","3.0.3.1703","PSt7-10","180509-002","9/13/2019 10:46:52 AM","0000-00","0","no battery","V"
"06/11/2023","11:16:05","9","default","547630319","OXY_CH9","20.125","min","150.218","μmol/L","Humid","24.513","deg","138310","µV","26.683","°C","1016.000","hPa","35.9","pmil","0","55.690","deg","20.000","°C","100.000","%a.s.","22.400","deg","20.000","°C","962.000","hPa","0.861","-0.02617","0.00035","0","0","13.56","Humid","35.35","0","78.50","281261.41","SABD0002000014","AAV2.0.0.13","3.0.3.1703","PSt7-10","180509-002","9/13/2019 10:46:52 AM","0000-00","0","no battery","V"
"06/11/2023","11:16:06","9","default","547630319","OXY_CH9","20.142","min","150.307","μmol/L","Humid","24.508","deg","138297","µV","26.677","°C","1016.000","hPa","35.9","pmil","0","55.690","deg","20.000","°C","100.000","%a.s.","22.400","deg","20.000","°C","962.000","hPa","0.861","-0.02617","0.00035","0","0","13.56","Humid","35.35","0","78.50","281272.45","SABD0002000014","AAV2.0.0.13","3.0.3.1703","PSt7-10","180509-002","9/13/2019 10:46:52 AM","0000-00","0","no battery","V"
"06/11/2023","11:16:07","9","default","547630319","OXY_CH9","20.159","min","150.203","μmol/L","Humid","24.512","deg","138294","µV","26.689","°C","1016.000","hPa","35.9","pmil","0","55.690","deg","20.000","°C","100.000","%a.s.","22.400","deg","20.000","°C","962.000","hPa","0.861","-0.02617","0.00035","0","0","13.56","Humid","35.35","0","78.50","281267.52","SABD0002000014","AAV2.0.0.13","3.0.3.1703","PSt7-10","180509-002","9/13/2019 10:46:52 AM","0000-00","0","no battery","V"
"06/11/2023","11:16:08","9","default","547630319","OXY_CH9","20.175","min","150.316","μmol/L","Humid","24.505","deg","138290","µV","26.683","°C","1016.000","hPa","35.9","pmil","0","55.690","deg","20.000","°C","100.000","%a.s.","22.400","deg","20.000","°C","962.000","hPa","0.861","-0.02617","0.00035","0","0","13.56","Humid","35.35","0","78.50","281275.24","SABD0002000014","AAV2.0.0.13","3.0.3.1703","PSt7-10","180509-002","9/13/2019 10:46:52 AM","0000-00","0","no battery","V"
"06/11/2023","11:16:09","9","default","547630319","OXY_CH9","20.192","min","150.289","μmol/L","Humid","24.505","deg","138273","µV","26.689","°C","1016.000","hPa","35.9","pmil","0","55.690","deg","20.000","°C","100.000","%a.s.","22.400","deg","20.000","°C","962.000","hPa","0.861","-0.02617","0.00035","0","0","13.56","Humid","35.35","0","78.50","281274.36","SABD0002000014","AAV2.0.0.13","3.0.3.1703","PSt7-10","180509-002","9/13/2019 10:46:52 AM","0000-00","0","no battery","V"
"06/11/2023","11:16:10","9","default","547630319","OXY_CH9","20.208","min","150.316","μmol/L","Humid","24.505","deg","138263","µV","26.683","°C","1016.000","hPa","35.9","pmil","0","55.690","deg","20.000","°C","100.000","%a.s.","22.400","deg","20.000","°C","962.000","hPa","0.861","-0.02617","0.00035","0","0","13.56","Humid","35.35","0","78.50","281262.44","SABD0002000014","AAV2.0.0.13","3.0.3.1703","PSt7-10","180509-002","9/13/2019 10:46:52 AM","0000-00","0","no battery","V"
"06/11/2023","11:16:11","9","default","547630319","OXY_CH9","20.225","min","150.316","μmol/L","Humid","24.505","deg","138256","µV","26.683","°C","1016.000","hPa","35.9","pmil","0","55.690","deg","20.000","°C","100.000","%a.s.","22.400","deg","20.000","°C","962.000","hPa","0.861","-0.02617","0.00035","0","0","13.56","Humid","35.35","0","78.50","281274.14","SABD0002000014","AAV2.0.0.13","3.0.3.1703","PSt7-10","180509-002","9/13/2019 10:46:52 AM","0000-00","0","no battery","V"
"06/11/2023","11:16:12","9","default","547630319","OXY_CH9","20.242","min","150.341","μmol/L","Humid","24.503","deg","138241","µV","26.683","°C","1016.000","hPa","35.9","pmil","0","55.690","deg","20.000","°C","100.000","%a.s.","22.400","deg","20.000","°C","962.000","hPa","0.861","-0.02617","0.00035","0","0","13.56","Humid","35.35","0","78.50","281273.10","SABD0002000014","AAV2.0.0.13","3.0.3.1703","PSt7-10","180509-002","9/13/2019 10:46:52 AM","0000-00","0","no battery","V"
"06/11/2023","11:16:13","9","default","547630319","OXY_CH9","20.258","min","150.316","μmol/L","Humid","24.505","deg","138227","µV","26.683","°C","1016.000","hPa","35.9","pmil","0","55.690","deg","20.000","°C","100.000","%a.s.","22.400","deg","20.000","°C","962.000","hPa","0.861","-0.02617","0.00035","0","0","13.56","Humid","35.35","0","78.50","281247.93","SABD0002000014","AAV2.0.0.13","3.0.3.1703","PSt7-10","180509-002","9/13/2019 10:46:52 AM","0000-00","0","no battery","V"
"06/11/2023","11:16:14","9","default","547630319","OXY_CH9","20.275","min","150.366","μmol/L","Humid","24.501","deg","138233","µV","26.683","°C","1016.000","hPa","35.9","pmil","0","55.690","deg","20.000","°C","100.000","%a.s.","22.400","deg","20.000","°C","962.000","hPa","0.861","-0.02617","0.00035","0","0","13.56","Humid","35.35","0","78.50","281266.59","SABD0002000014","AAV2.0.0.13","3.0.3.1703","PSt7-10","180509-002","9/13/2019 10:46:52 AM","0000-00","0","no battery","V"
"06/11/2023","11:16:15","9","default","547630319","OXY_CH9","20.291","min","150.341","μmol/L","Humid","24.503","deg","138221","µV","26.683","°C","1016.000","hPa","35.9","pmil","0","55.690","deg","20.000","°C","100.000","%a.s.","22.400","deg","20.000","°C","962.000","hPa","0.861","-0.02617","0.00035","0","0","13.56","Humid","35.35","0","78.50","281266.30","SABD0002000014","AAV2.0.0.13","3.0.3.1703","PSt7-10","180509-002","9/13/2019 10:46:52 AM","0000-00","0","no battery","V"
"06/11/2023","11:16:16","9","default","547630319","OXY_CH9","20.308","min","150.401","μmol/L","Humid","24.496","deg","138205","µV","26.689","°C","1016.000","hPa","35.9","pmil","0","55.690","deg","20.000","°C","100.000","%a.s.","22.400","deg","20.000","°C","962.000","hPa","0.861","-0.02617","0.00035","0","0","13.56","Humid","35.35","0","78.50","281265.05","SABD0002000014","AAV2.0.0.13","3.0.3.1703","PSt7-10","180509-002","9/13/2019 10:46:52 AM","0000-00","0","no battery","V"
"06/11/2023","11:16:17","9","default","547630319","OXY_CH9","20.325","min","150.440","μmol/L","Humid","24.495","deg","138199","µV","26.683","°C","1016.000","hPa","35.9","pmil","0","55.690","deg","20.000","°C","100.000","%a.s.","22.400","deg","20.000","°C","962.000","hPa","0.861","-0.02617","0.00035","0","0","13.56","Humid","35.35","0","78.50","281258.63","SABD0002000014","AAV2.0.0.13","3.0.3.1703","PSt7-10","180509-002","9/13/2019 10:46:52 AM","0000-00","0","no battery","V"
"06/11/2023","11:16:18","9","default","547630319","OXY_CH9","20.342","min","150.425","μmol/L","Humid","24.494","deg","138180","µV","26.689","°C","1016.000","hPa","35.9","pmil","0","55.690","deg","20.000","°C","100.000","%a.s.","22.400","deg","20.000","°C","962.000","hPa","0.861","-0.02617","0.00035","0","0","13.56","Humid","35.35","0","78.50","281274.96","SABD0002000014","AAV2.0.0.13","3.0.3.1703","PSt7-10","180509-002","9/13/2019 10:46:52 AM","0000-00","0","no battery","V"
"06/11/2023","11:16:19","9","default","547630319","OXY_CH9","20.358","min","150.490","μmol/L","Humid","24.491","deg","138166","µV","26.683","°C","1016.000","hPa","35.9","pmil","0","55.690","deg","20.000","°C","100.000","%a.s.","22.400","deg","20.000","°C","962.000","hPa","0.861","-0.02617","0.00035","0","0","13.56","Humid","35.35","0","78.50","281260.22","SABD0002000014","AAV2.0.0.13","3.0.3.1703","PSt7-10","180509-002","9/13/2019 10:46:52 AM","0000-00","0","no battery","V"
"06/11/2023","11:16:20","9","default","547630319","OXY_CH9","20.375","min","150.515","μmol/L","Humid","24.489","deg","138153","µV","26.683","°C","1016.000","hPa","35.9","pmil","0","55.690","deg","20.000","°C","100.000","%a.s.","22.400","deg","20.000","°C","962.000","hPa","0.861","-0.02617","0.00035","0","0","13.56","Humid","35.35","0","78.50","281254.32","SABD0002000014","AAV2.0.0.13","3.0.3.1703","PSt7-10","180509-002","9/13/2019 10:46:52 AM","0000-00","0","no battery","V"
"06/11/2023","11:16:21","9","default","547630319","OXY_CH9","20.392","min","150.515","μmol/L","Humid","24.489","deg","138150","µV","26.683","°C","1016.000","hPa","35.9","pmil","0","55.690","deg","20.000","°C","100.000","%a.s.","22.400","deg","20.000","°C","962.000","hPa","0.861","-0.02617","0.00035","0","0","13.56","Humid","35.35","0","78.50","281254.43","SABD0002000014","AAV2.0.0.13","3.0.3.1703","PSt7-10","180509-002","9/13/2019 10:46:52 AM","0000-00","0","no battery","V"
"06/11/2023","11:16:22","9","default","547630319","OXY_CH9","20.409","min","150.577","μmol/L","Humid","24.484","deg","138138","µV","26.683","°C","1016.000","hPa","35.9","pmil","0","55.690","deg","20.000","°C","100.000","%a.s.","22.400","deg","20.000","°C","962.000","hPa","0.861","-0.02617","0.00035","0","0","13.56","Humid","35.35","0","78.50","281254.42","SABD0002000014","AAV2.0.0.13","3.0.3.1703","PSt7-10","180509-002","9/13/2019 10:46:52 AM","0000-00","0","no battery","V"
"06/11/2023","11:16:23","9","default","547630319","OXY_CH9","20.425","min","150.564","μmol/L","Humid","24.485","deg","138125","µV","26.683","°C","1016.000","hPa","35.9","pmil","0","55.690","deg","20.000","°C","100.000","%a.s.","22.400","deg","20.000","°C","962.000","hPa","0.861","-0.02617","0.00035","0","0","13.56","Humid","35.35","0","78.50","281259.35","SABD0002000014","AAV2.0.0.13","3.0.3.1703","PSt7-10","180509-002","9/13/2019 10:46:52 AM","0000-00","0","no battery","V"
"06/11/2023","11:16:24","9","default","547630319","OXY_CH9","20.442","min","150.601","μmol/L","Humid","24.482","deg","138124","µV","26.683","°C","1016.000","hPa","35.9","pmil","0","55.690","deg","20.000","°C","100.000","%a.s.","22.400","deg","20.000","°C","962.000","hPa","0.861","-0.02617","0.00035","0","0","13.56","Humid","35.35","0","78.50","281264.62","SABD0002000014","AAV2.0.0.13","3.0.3.1703","PSt7-10","180509-002","9/13/2019 10:46:52 AM","0000-00","0","no battery","V"
"06/11/2023","11:16:25","9","default","547630319","OXY_CH9","20.458","min","150.562","μmol/L","Humid","24.483","deg","138108","µV","26.689","°C","1016.000","hPa","35.9","pmil","0","55.690","deg","20.000","°C","100.000","%a.s.","22.400","deg","20.000","°C","962.000","hPa","0.861","-0.02617","0.00035","0","0","13.56","Humid","35.35","0","78.50","281254.89","SABD0002000014","AAV2.0.0.13","3.0.3.1703","PSt7-10","180509-002","9/13/2019 10:46:52 AM","0000-00","0","no battery","V"
"06/11/2023","11:16:26","9","default","547630319","OXY_CH9","20.475","min","150.666","μmol/L","Humid","24.479","deg","138090","µV","26.677","°C","1016.000","hPa","35.9","pmil","0","55.690","deg","20.000","°C","100.000","%a.s.","22.400","deg","20.000","°C","962.000","hPa","0.861","-0.02617","0.00035","0","0","13.56","Humid","35.35","0","78.50","281250.94","SABD0002000014","AAV2.0.0.13","3.0.3.1703","PSt7-10","180509-002","9/13/2019 10:46:52 AM","0000-00","0","no battery","V"
"06/11/2023","11:16:27","9","default","547630319","OXY_CH9","20.491","min","150.651","μmol/L","Humid","24.478","deg","138089","µV","26.683","°C","1016.000","hPa","35.9","pmil","0","55.690","deg","20.000","°C","100.000","%a.s.","22.400","deg","20.000","°C","962.000","hPa","0.861","-0.02617","0.00035","0","0","13.56","Humid","35.35","0","78.50","281252.15","SABD0002000014","AAV2.0.0.13","3.0.3.1703","PSt7-10","180509-002","9/13/2019 10:46:52 AM","0000-00","0","no battery","V"
"06/11/2023","11:16:28","9","default","547630319","OXY_CH9","20.508","min","150.701","μmol/L","Humid","24.474","deg","138081","µV","26.683","°C","1016.000","hPa","35.9","pmil","0","55.690","deg","20.000","°C","100.000","%a.s.","22.400","deg","20.000","°C","962.000","hPa","0.861","-0.02617","0.00035","0","0","13.56","Humid","35.35","0","78.50","281246.03","SABD0002000014","AAV2.0.0.13","3.0.3.1703","PSt7-10","180509-002","9/13/2019 10:46:52 AM","0000-00","0","no battery","V"
"06/11/2023","11:16:29","9","default","547630319","OXY_CH9","20.525","min","150.661","μmol/L","Humid","24.475","deg","138066","µV","26.689","°C","1016.000","hPa","35.9","pmil","0","55.690","deg","20.000","°C","100.000","%a.s.","22.400","deg","20.000","°C","962.000","hPa","0.861","-0.02617","0.00035","0","0","13.56","Humid","35.35","0","78.50","281244.56","SABD0002000014","AAV2.0.0.13","3.0.3.1703","PSt7-10","180509-002","9/13/2019 10:46:52 AM","0000-00","0","no battery","V"
"06/11/2023","11:16:30","9","default","547630319","OXY_CH9","20.542","min","150.713","μmol/L","Humid","24.473","deg","138051","µV","26.683","°C","1016.000","hPa","35.9","pmil","0","55.690","deg","20.000","°C","100.000","%a.s.","22.400","deg","20.000","°C","962.000","hPa","0.861","-0.02617","0.00035","0","0","13.56","Humid","35.35","0","78.50","281248.51","SABD0002000014","AAV2.0.0.13","3.0.3.1703","PSt7-10","180509-002","9/13/2019 10:46:52 AM","0000-00","0","no battery","V"
"06/11/2023","11:16:31","9","default","547630319","OXY_CH9","20.558","min","150.723","μmol/L","Humid","24.470","deg","138045","µV","26.689","°C","1016.000","hPa","35.9","pmil","0","55.690","deg","20.000","°C","100.000","%a.s.","22.400","deg","20.000","°C","962.000","hPa","0.861","-0.02617","0.00035","0","0","13.56","Humid","35.35","0","78.50","281247.58","SABD0002000014","AAV2.0.0.13","3.0.3.1703","PSt7-10","180509-002","9/13/2019 10:46:52 AM","0000-00","0","no battery","V"
"06/11/2023","11:16:32","9","default","547630319","OXY_CH9","20.575","min","150.778","μmol/L","Humid","24.470","deg","138028","µV","26.677","°C","1016.000","hPa","35.9","pmil","0","55.690","deg","20.000","°C","100.000","%a.s.","22.400","deg","20.000","°C","962.000","hPa","0.861","-0.02617","0.00035","0","0","13.56","Humid","35.35","0","78.50","281244.21","SABD0002000014","AAV2.0.0.13","3.0.3.1703","PSt7-10","180509-002","9/13/2019 10:46:52 AM","0000-00","0","no battery","V"
"06/11/2023","11:16:33","9","default","547630319","OXY_CH9","20.592","min","150.725","μmol/L","Humid","24.472","deg","138026","µV","26.683","°C","1016.000","hPa","35.9","pmil","0","55.690","deg","20.000","°C","100.000","%a.s.","22.400","deg","20.000","°C","962.000","hPa","0.861","-0.02617","0.00035","0","0","13.56","Humid","35.35","0","78.50","281262.12","SABD0002000014","AAV2.0.0.13","3.0.3.1703","PSt7-10","180509-002","9/13/2019 10:46:52 AM","0000-00","0","no battery","V"
"06/11/2023","11:16:34","9","default","547630319","OXY_CH9","20.608","min","150.760","μmol/L","Humid","24.467","deg","138012","µV","26.689","°C","1016.000","hPa","35.9","pmil","0","55.690","deg","20.000","°C","100.000","%a.s.","22.400","deg","20.000","°C","962.000","hPa","0.861","-0.02617","0.00035","0","0","13.56","Humid","35.35","0","78.50","281238.74","SABD0002000014","AAV2.0.0.13","3.0.3.1703","PSt7-10","180509-002","9/13/2019 10:46:52 AM","0000-00","0","no battery","V"
"06/11/2023","11:16:35","9","default","547630319","OXY_CH9","20.625","min","150.812","μmol/L","Humid","24.465","deg","137997","µV","26.683","°C","1016.000","hPa","35.9","pmil","0","55.690","deg","20.000","°C","100.000","%a.s.","22.400","deg","20.000","°C","962.000","hPa","0.861","-0.02617","0.00035","0","0","13.56","Humid","35.35","0","78.50","281244.36","SABD0002000014","AAV2.0.0.13","3.0.3.1703","PSt7-10","180509-002","9/13/2019 10:46:52 AM","0000-00","0","no battery","V"
"06/11/2023","11:16:36","9","default","547630319","OXY_CH9","20.642","min","150.812","μmol/L","Humid","24.465","deg","137985","µV","26.683","°C","1016.000","hPa","35.9","pmil","0","55.690","deg","20.000","°C","100.000","%a.s.","22.400","deg","20.000","°C","962.000","hPa","0.861","-0.02617","0.00035","0","0","13.56","Humid","35.35","0","78.50","281256.24","SABD0002000014","AAV2.0.0.13","3.0.3.1703","PSt7-10","180509-002","9/13/2019 10:46:52 AM","0000-00","0","no battery","V"
"06/11/2023","11:16:37","9","default","547630319","OXY_CH9","20.658","min","150.825","μmol/L","Humid","24.464","deg","137986","µV","26.683","°C","1016.000","hPa","35.9","pmil","0","55.690","deg","20.000","°C","100.000","%a.s.","22.400","deg","20.000","°C","962.000","hPa","0.861","-0.02617","0.00035","0","0","13.56","Humid","35.35","0","78.50","281250.03","SABD0002000014","AAV2.0.0.13","3.0.3.1703","PSt7-10","180509-002","9/13/2019 10:46:52 AM","0000-00","0","no battery","V"
"06/11/2023","11:16:38","9","default","547630319","OXY_CH9","20.674","min","150.849","μmol/L","Humid","24.462","deg","137961","µV","26.683","°C","1016.000","hPa","35.9","pmil","0","55.690","deg","20.000","°C","100.000","%a.s.","22.400","deg","20.000","°C","962.000","hPa","0.861","-0.02617","0.00035","0","0","13.56","Humid","35.35","0","78.50","281242.96","SABD0002000014","AAV2.0.0.13","3.0.3.1703","PSt7-10","180509-002","9/13/2019 10:46:52 AM","0000-00","0","no battery","V"
"06/11/2023","11:16:39","9","default","547630319","OXY_CH9","20.691","min","150.902","μmol/L","Humid","24.460","deg","137965","µV","26.677","°C","1016.000","hPa","35.9","pmil","0","55.690","deg","20.000","°C","100.000","%a.s.","22.400","deg","20.000","°C","962.000","hPa","0.861","-0.02617","0.00035","0","0","13.56","Humid","35.35","0","78.50","281248.78","SABD0002000014","AAV2.0.0.13","3.0.3.1703","PSt7-10","180509-002","9/13/2019 10:46:52 AM","0000-00","0","no battery","V"
"06/11/2023","11:16:40","9","default","547630319","OXY_CH9","20.708","min","150.859","μmol/L","Humid","24.459","deg","137946","µV","26.689","°C","1016.000","hPa","35.9","pmil","0","55.690","deg","20.000","°C","100.000","%a.s.","22.400","deg","20.000","°C","962.000","hPa","0.861","-0.02617","0.00035","0","0","13.56","Humid","35.35","0","78.50","281236.06","SABD0002000014","AAV2.0.0.13","3.0.3.1703","PSt7-10","180509-002","9/13/2019 10:46:52 AM","0000-00","0","no battery","V"
"06/11/2023","11:16:41","9","default","547630319","OXY_CH9","20.725","min","150.887","μmol/L","Humid","24.459","deg","137933","µV","26.683","°C","1016.000","hPa","35.9","pmil","0","55.690","deg","20.000","°C","100.000","%a.s.","22.400","deg","20.000","°C","962.000","hPa","0.861","-0.02617","0.00035","0","0","13.56","Humid","35.35","0","78.50","281230.93","SABD0002000014","AAV2.0.0.13","3.0.3.1703","PSt7-10","180509-002","9/13/2019 10:46:52 AM","0000-00","0","no battery","V"
"06/11/2023","11:16:42","9","default","547630319","OXY_CH9","20.742","min","150.989","μmol/L","Humid","24.453","deg","137935","µV","26.677","°C","1016.000","hPa","35.9","pmil","0","55.690","deg","20.000","°C","100.000","%a.s.","22.400","deg","20.000","°C","962.000","hPa","0.861","-0.02617","0.00035","0","0","13.56","Humid","35.35","0","78.50","281242.88","SABD0002000014","AAV2.0.0.13","3.0.3.1703","PSt7-10","180509-002","9/13/2019 10:46:52 AM","0000-00","0","no battery","V"
"06/11/2023","11:16:43","9","default","547630319","OXY_CH9","20.758","min","150.936","μmol/L","Humid","24.455","deg","137923","µV","26.683","°C","1016.000","hPa","35.9","pmil","0","55.690","deg","20.000","°C","100.000","%a.s.","22.400","deg","20.000","°C","962.000","hPa","0.861","-0.02617","0.00035","0","0","13.56","Humid","35.35","0","78.50","281233.82","SABD0002000014","AAV2.0.0.13","3.0.3.1703","PSt7-10","180509-002","9/13/2019 10:46:52 AM","0000-00","0","no battery","V"
"06/11/2023","11:16:44","9","default","547630319","OXY_CH9","20.775","min","150.974","μmol/L","Humid","24.452","deg","137905","µV","26.683","°C","1016.000","hPa","35.9","pmil","0","55.690","deg","20.000","°C","100.000","%a.s.","22.400","deg","20.000","°C","962.000","hPa","0.861","-0.02617","0.00035","0","0","13.56","Humid","35.35","0","78.50","281237.64","SABD0002000014","AAV2.0.0.13","3.0.3.1703","PSt7-10","180509-002","9/13/2019 10:46:52 AM","0000-00","0","no battery","V"
"06/11/2023","11:16:45","9","default","547630319","OXY_CH9","20.792","min","150.971","μmol/L","Humid","24.450","deg","137906","µV","26.689","°C","1016.000","hPa","35.9","pmil","0","55.690","deg","20.000","°C","100.000","%a.s.","22.400","deg","20.000","°C","962.000","hPa","0.861","-0.02617","0.00035","0","0","13.56","Humid","35.35","0","78.50","281239.33","SABD0002000014","AAV2.0.0.13","3.0.3.1703","PSt7-10","180509-002","9/13/2019 10:46:52 AM","0000-00","0","no battery","V"
"06/11/2023","11:16:46","9","default","547630319","OXY_CH9","20.809","min","150.984","μmol/L","Humid","24.449","deg","137883","µV","26.689","°C","1016.000","hPa","35.9","pmil","0","55.690","deg","20.000","°C","100.000","%a.s.","22.400","deg","20.000","°C","962.000","hPa","0.861","-0.02617","0.00035","0","0","13.56","Humid","35.35","0","78.50","281247.70","SABD0002000014","AAV2.0.0.13","3.0.3.1703","PSt7-10","180509-002","9/13/2019 10:46:52 AM","0000-00","0","no battery","V"
"06/11/2023","11:16:47","9","default","547630319","OXY_CH9","20.825","min","151.011","μmol/L","Humid","24.449","deg","137880","µV","26.683","°C","1016.000","hPa","35.9","pmil","0","55.690","deg","20.000","°C","100.000","%a.s.","22.400","deg","20.000","°C","962.000","hPa","0.861","-0.02617","0.00035","0","0","13.56","Humid","35.35","0","78.50","281245.31","SABD0002000014","AAV2.0.0.13","3.0.3.1703","PSt7-10","180509-002","9/13/2019 10:46:52 AM","0000-00","0","no battery","V"
"06/11/2023","11:16:48","9","default","547630319","OXY_CH9","20.842","min","151.036","μmol/L","Humid","24.447","deg","137864","µV","26.683","°C","1016.000","hPa","35.9","pmil","0","55.690","deg","20.000","°C","100.000","%a.s.","22.400","deg","20.000","°C","962.000","hPa","0.861","-0.02617","0.00035","0","0","13.56","Humid","35.35","0","78.50","281228.17","SABD0002000014","AAV2.0.0.13","3.0.3.1703","PSt7-10","180509-002","9/13/2019 10:46:52 AM","0000-00","0","no battery","V"
"06/11/2023","11:16:49","9","default","547630319","OXY_CH9","20.858","min","151.061","μmol/L","Humid","24.445","deg","137857","µV","26.683","°C","1016.000","hPa","35.9","pmil","0","55.690","deg","20.000","°C","100.000","%a.s.","22.400","deg","20.000","°C","962.000","hPa","0.861","-0.02617","0.00035","0","0","13.56","Humid","35.35","0","78.50","281228.12","SABD0002000014","AAV2.0.0.13","3.0.3.1703","PSt7-10","180509-002","9/13/2019 10:46:52 AM","0000-00","0","no battery","V"
"06/11/2023","11:16:50","9","default","547630319","OXY_CH9","20.875","min","151.058","μmol/L","Humid","24.443","deg","137848","µV","26.689","°C","1016.000","hPa","35.9","pmil","0","55.690","deg","20.000","°C","100.000","%a.s.","22.400","deg","20.000","°C","962.000","hPa","0.861","-0.02617","0.00035","0","0","13.56","Humid","35.35","0","78.50","281235.23","SABD0002000014","AAV2.0.0.13","3.0.3.1703","PSt7-10","180509-002","9/13/2019 10:46:52 AM","0000-00","0","no battery","V"
"06/11/2023","11:16:51","9","default","547630319","OXY_CH9","20.892","min","151.096","μmol/L","Humid","24.440","deg","137841","µV","26.689","°C","1016.000","hPa","35.9","pmil","0","55.690","deg","20.000","°C","100.000","%a.s.","22.400","deg","20.000","°C","962.000","hPa","0.861","-0.02617","0.00035","0","0","13.56","Humid","35.35","0","78.50","281235.28","SABD0002000014","AAV2.0.0.13","3.0.3.1703","PSt7-10","180509-002","9/13/2019 10:46:52 AM","0000-00","0","no battery","V"
"06/11/2023","11:16:52","9","default","547630319","OXY_CH9","20.908","min","151.083","μmol/L","Humid","24.441","deg","137834","µV","26.689","°C","1016.000","hPa","35.9","pmil","0","55.690","deg","20.000","°C","100.000","%a.s.","22.400","deg","20.000","°C","962.000","hPa","0.861","-0.02617","0.00035","0","0","13.56","Humid","35.35","0","78.50","281242.79","SABD0002000014","AAV2.0.0.13","3.0.3.1703","PSt7-10","180509-002","9/13/2019 10:46:52 AM","0000-00","0","no battery","V"
"06/11/2023","11:16:53","9","default","547630319","OXY_CH9","20.925","min","151.133","μmol/L","Humid","24.437","deg","137821","µV","26.689","°C","1016.000","hPa","35.9","pmil","0","55.690","deg","20.000","°C","100.000","%a.s.","22.400","deg","20.000","°C","962.000","hPa","0.861","-0.02617","0.00035","0","0","13.56","Humid","35.35","0","78.50","281241.92","SABD0002000014","AAV2.0.0.13","3.0.3.1703","PSt7-10","180509-002","9/13/2019 10:46:52 AM","0000-00","0","no battery","V"
"06/11/2023","11:16:54","9","default","547630319","OXY_CH9","20.941","min","151.158","μmol/L","Humid","24.435","deg","137810","µV","26.689","°C","1016.000","hPa","35.9","pmil","0","55.690","deg","20.000","°C","100.000","%a.s.","22.400","deg","20.000","°C","962.000","hPa","0.861","-0.02617","0.00035","0","0","13.56","Humid","35.35","0","78.50","281239.75","SABD0002000014","AAV2.0.0.13","3.0.3.1703","PSt7-10","180509-002","9/13/2019 10:46:52 AM","0000-00","0","no battery","V"
"06/11/2023","11:16:55","9","default","547630319","OXY_CH9","20.958","min","151.170","μmol/L","Humid","24.434","deg","137799","µV","26.689","°C","1016.000","hPa","35.9","pmil","0","55.690","deg","20.000","°C","100.000","%a.s.","22.400","deg","20.000","°C","962.000","hPa","0.861","-0.02617","0.00035","0","0","13.56","Humid","35.35","0","78.50","281222.83","SABD0002000014","AAV2.0.0.13","3.0.3.1703","PSt7-10","180509-002","9/13/2019 10:46:52 AM","0000-00","0","no battery","V"
"06/11/2023","11:16:56","9","default","547630319","OXY_CH9","20.975","min","151.198","μmol/L","Humid","24.434","deg","137786","µV","26.683","°C","1016.000","hPa","35.9","pmil","0","55.690","deg","20.000","°C","100.000","%a.s.","22.400","deg","20.000","°C","962.000","hPa","0.861","-0.02617","0.00035","0","0","13.56","Humid","35.35","0","78.50","281234.56","SABD0002000014","AAV2.0.0.13","3.0.3.1703","PSt7-10","180509-002","9/13/2019 10:46:52 AM","0000-00","0","no battery","V"
"06/11/2023","11:16:57","9","default","547630319","OXY_CH9","20.991","min","151.210","μmol/L","Humid","24.433","deg","137773","µV","26.683","°C","1016.000","hPa","35.9","pmil","0","55.690","deg","20.000","°C","100.000","%a.s.","22.400","deg","20.000","°C","962.000","hPa","0.861","-0.02617","0.00035","0","0","13.56","Humid","35.35","0","78.50","281226.45","SABD0002000014","AAV2.0.0.13","3.0.3.1703","PSt7-10","180509-002","9/13/2019 10:46:52 AM","0000-00","0","no battery","V"
"06/11/2023","11:16:58","9","default","547630319","OXY_CH9","21.008","min","151.235","μmol/L","Humid","24.431","deg","137762","µV","26.683","°C","1016.000","hPa","35.9","pmil","0","55.690","deg","20.000","°C","100.000","%a.s.","22.400","deg","20.000","°C","962.000","hPa","0.861","-0.02617","0.00035","0","0","13.56","Humid","35.35","0","78.50","281224.86","SABD0002000014","AAV2.0.0.13","3.0.3.1703","PSt7-10","180509-002","9/13/2019 10:46:52 AM","0000-00","0","no battery","V"
"06/11/2023","11:16:59","9","default","547630319","OXY_CH9","21.025","min","151.245","μmol/L","Humid","24.428","deg","137757","µV","26.689","°C","1016.000","hPa","35.9","pmil","0","55.690","deg","20.000","°C","100.000","%a.s.","22.400","deg","20.000","°C","962.000","hPa","0.861","-0.02617","0.00035","0","0","13.56","Humid","35.35","0","78.50","281229.36","SABD0002000014","AAV2.0.0.13","3.0.3.1703","PSt7-10","180509-002","9/13/2019 10:46:52 AM","0000-00","0","no battery","V"
"06/11/2023","11:17:00","9","default","547630319","OXY_CH9","21.041","min","151.312","μmol/L","Humid","24.427","deg","137743","µV","26.677","°C","1016.000","hPa","35.9","pmil","0","55.690","deg","20.000","°C","100.000","%a.s.","22.400","deg","20.000","°C","962.000","hPa","0.861","-0.02617","0.00035","0","0","13.56","Humid","35.35","0","78.50","281232.36","SABD0002000014","AAV2.0.0.13","3.0.3.1703","PSt7-10","180509-002","9/13/2019 10:46:52 AM","0000-00","0","no battery","V"
"06/11/2023","11:17:01","9","default","547630319","OXY_CH9","21.058","min","151.372","μmol/L","Humid","24.420","deg","137725","µV","26.683","°C","1016.000","hPa","35.9","pmil","0","55.690","deg","20.000","°C","100.000","%a.s.","22.400","deg","20.000","°C","962.000","hPa","0.861","-0.02617","0.00035","0","0","13.56","Humid","35.35","0","78.50","281222.03","SABD0002000014","AAV2.0.0.13","3.0.3.1703","PSt7-10","180509-002","9/13/2019 10:46:52 AM","0000-00","0","no battery","V"
"06/11/2023","11:17:02","9","default","547630319","OXY_CH9","21.075","min","151.310","μmol/L","Humid","24.425","deg","137717","µV","26.683","°C","1016.000","hPa","35.9","pmil","0","55.690","deg","20.000","°C","100.000","%a.s.","22.400","deg","20.000","°C","962.000","hPa","0.861","-0.02617","0.00035","0","0","13.56","Humid","35.35","0","78.50","281229.94","SABD0002000014","AAV2.0.0.13","3.0.3.1703","PSt7-10","180509-002","9/13/2019 10:46:52 AM","0000-00","0","no battery","V"
"06/11/2023","11:17:03","9","default","547630319","OXY_CH9","21.092","min","151.372","μmol/L","Humid","24.420","deg","137705","µV","26.683","°C","1016.000","hPa","35.9","pmil","0","55.690","deg","20.000","°C","100.000","%a.s.","22.400","deg","20.000","°C","962.000","hPa","0.861","-0.02617","0.00035","0","0","13.56","Humid","35.35","0","78.50","281227.48","SABD0002000014","AAV2.0.0.13","3.0.3.1703","PSt7-10","180509-002","9/13/2019 10:46:52 AM","0000-00","0","no battery","V"
"06/11/2023","11:17:04","9","default","547630319","OXY_CH9","21.108","min","151.372","μmol/L","Humid","24.420","deg","137705","µV","26.683","°C","1016.000","hPa","35.9","pmil","0","55.690","deg","20.000","°C","100.000","%a.s.","22.400","deg","20.000","°C","962.000","hPa","0.861","-0.02617","0.00035","0","0","13.56","Humid","35.35","0","78.50","281219.51","SABD0002000014","AAV2.0.0.13","3.0.3.1703","PSt7-10","180509-002","9/13/2019 10:46:52 AM","0000-00","0","no battery","V"
"06/11/2023","11:17:05","9","default","547630319","OXY_CH9","21.125","min","151.345","μmol/L","Humid","24.420","deg","137691","µV","26.689","°C","1016.000","hPa","35.9","pmil","0","55.690","deg","20.000","°C","100.000","%a.s.","22.400","deg","20.000","°C","962.000","hPa","0.861","-0.02617","0.00035","0","0","13.56","Humid","35.35","0","78.50","281222.97","SABD0002000014","AAV2.0.0.13","3.0.3.1703","PSt7-10","180509-002","9/13/2019 10:46:52 AM","0000-00","0","no battery","V"
"06/11/2023","11:17:06","9","default","547630319","OXY_CH9","21.141","min","151.410","μmol/L","Humid","24.417","deg","137674","µV","26.683","°C","1016.000","hPa","35.9","pmil","0","55.690","deg","20.000","°C","100.000","%a.s.","22.400","deg","20.000","°C","962.000","hPa","0.861","-0.02617","0.00035","0","0","13.56","Humid","35.35","0","78.50","281226.70","SABD0002000014","AAV2.0.0.13","3.0.3.1703","PSt7-10","180509-002","9/13/2019 10:46:52 AM","0000-00","0","no battery","V"
"06/11/2023","11:17:07","9","default","547630319","OXY_CH9","21.158","min","151.435","μmol/L","Humid","24.415","deg","137678","µV","26.683","°C","1016.000","hPa","35.9","pmil","0","55.690","deg","20.000","°C","100.000","%a.s.","22.400","deg","20.000","°C","962.000","hPa","0.861","-0.02617","0.00035","0","0","13.56","Humid","35.35","0","78.50","281223.45","SABD0002000014","AAV2.0.0.13","3.0.3.1703","PSt7-10","180509-002","9/13/2019 10:46:52 AM","0000-00","0","no battery","V"
"06/11/2023","11:17:08","9","default","547630319","OXY_CH9","21.175","min","151.382","μmol/L","Humid","24.417","deg","137659","µV","26.689","°C","1016.000","hPa","35.9","pmil","0","55.690","deg","20.000","°C","100.000","%a.s.","22.400","deg","20.000","°C","962.000","hPa","0.861","-0.02617","0.00035","0","0","13.56","Humid","35.35","0","78.50","281225.84","SABD0002000014","AAV2.0.0.13","3.0.3.1703","PSt7-10","180509-002","9/13/2019 10:46:52 AM","0000-00","0","no battery","V"
"06/11/2023","11:17:09","9","default","547630319","OXY_CH9","21.191","min","151.500","μmol/L","Humid","24.412","deg","137637","µV","26.677","°C","1016.000","hPa","35.9","pmil","0","55.690","deg","20.000","°C","100.000","%a.s.","22.400","deg","20.000","°C","962.000","hPa","0.861","-0.02617","0.00035","0","0","13.56","Humid","35.35","0","78.50","281217.96","SABD0002000014","AAV2.0.0.13","3.0.3.1703","PSt7-10","180509-002","9/13/2019 10:46:52 AM","0000-00","0","no battery","V"
"06/11/2023","11:17:10","9","default","547630319","OXY_CH9","21.208","min","151.510","μmol/L","Humid","24.409","deg","137640","µV","26.683","°C","1016.000","hPa","35.9","pmil","0","55.690","deg","20.000","°C","100.000","%a.s.","22.400","deg","20.000","°C","962.000","hPa","0.861","-0.02617","0.00035","0","0","13.56","Humid","35.35","0","78.50","281227.73","SABD0002000014","AAV2.0.0.13","3.0.3.1703","PSt7-10","180509-002","9/13/2019 10:46:52 AM","0000-00","0","no battery","V"
"06/11/2023","11:17:11","9","default","547630319","OXY_CH9","21.225","min","151.534","μmol/L","Humid","24.407","deg","137628","µV","26.683","°C","1016.000","hPa","35.9","pmil","0","55.690","deg","20.000","°C","100.000","%a.s.","22.400","deg","20.000","°C","962.000","hPa","0.861","-0.02617","0.00035","0","0","13.56","Humid","35.35","0","78.50","281218.10","SABD0002000014","AAV2.0.0.13","3.0.3.1703","PSt7-10","180509-002","9/13/2019 10:46:52 AM","0000-00","0","no battery","V"
"06/11/2023","11:17:12","9","default","547630319","OXY_CH9","21.241","min","151.587","μmol/L","Humid","24.405","deg","137619","µV","26.677","°C","1016.000","hPa","35.9","pmil","0","55.690","deg","20.000","°C","100.000","%a.s.","22.400","deg","20.000","°C","962.000","hPa","0.861","-0.02617","0.00035","0","0","13.56","Humid","35.35","0","78.50","281216.38","SABD0002000014","AAV2.0.0.13","3.0.3.1703","PSt7-10","180509-002","9/13/2019 10:46:52 AM","0000-00","0","no battery","V"
"06/11/2023","11:17:13","9","default","547630319","OXY_CH9","21.258","min","151.544","μmol/L","Humid","24.404","deg","137608","µV","26.689","°C","1016.000","hPa","35.9","pmil","0","55.690","deg","20.000","°C","100.000","%a.s.","22.400","deg","20.000","°C","962.000","hPa","0.861","-0.02617","0.00035","0","0","13.56","Humid","35.35","0","78.50","281216.36","SABD0002000014","AAV2.0.0.13","3.0.3.1703","PSt7-10","180509-002","9/13/2019 10:46:52 AM","0000-00","0","no battery","V"
"06/11/2023","11:17:14","9","default","547630319","OXY_CH9","21.275","min","151.557","μmol/L","Humid","24.403","deg","137594","µV","26.689","°C","1016.000","hPa","35.9","pmil","0","55.690","deg","20.000","°C","100.000","%a.s.","22.400","deg","20.000","°C","962.000","hPa","0.861","-0.02617","0.00035","0","0","13.56","Humid","35.35","0","78.50","281213.52","SABD0002000014","AAV2.0.0.13","3.0.3.1703","PSt7-10","180509-002","9/13/2019 10:46:52 AM","0000-00","0","no battery","V"
"06/11/2023","11:17:15","9","default","547630319","OXY_CH9","21.291","min","151.584","μmol/L","Humid","24.403","deg","137579","µV","26.683","°C","1016.000","hPa","35.9","pmil","0","55.690","deg","20.000","°C","100.000","%a.s.","22.400","deg","20.000","°C","962.000","hPa","0.861","-0.02617","0.00035","0","0","13.56","Humid","35.35","0","78.50","281205.36","SABD0002000014","AAV2.0.0.13","3.0.3.1703","PSt7-10","180509-002","9/13/2019 10:46:52 AM","0000-00","0","no battery","V"
"06/11/2023","11:17:16","9","default","547630319","OXY_CH9","21.308","min","151.634","μmol/L","Humid","24.399","deg","137567","µV","26.683","°C","1016.000","hPa","35.9","pmil","0","55.690","deg","20.000","°C","100.000","%a.s.","22.400","deg","20.000","°C","962.000","hPa","0.861","-0.02617","0.00035","0","0","13.56","Humid","35.35","0","78.50","281221.65","SABD0002000014","AAV2.0.0.13","3.0.3.1703","PSt7-10","180509-002","9/13/2019 10:46:52 AM","0000-00","0","no battery","V"
"06/11/2023","11:17:17","9","default","547630319","OXY_CH9","21.325","min","151.607","μmol/L","Humid","24.399","deg","137559","µV","26.689","°C","1016.000","hPa","35.9","pmil","0","55.690","deg","20.000","°C","100.000","%a.s.","22.400","deg","20.000","°C","962.000","hPa","0.861","-0.02617","0.00035","0","0","13.56","Humid","35.35","0","78.50","281201.21","SABD0002000014","AAV2.0.0.13","3.0.3.1703","PSt7-10","180509-002","9/13/2019 10:46:52 AM","0000-00","0","no battery","V"
"06/11/2023","11:17:18","9","default","547630319","OXY_CH9","21.342","min","151.609","μmol/L","Humid","24.401","deg","137549","µV","26.683","°C","1016.000","hPa","35.9","pmil","0","55.690","deg","20.000","°C","100.000","%a.s.","22.400","deg","20.000","°C","962.000","hPa","0.861","-0.02617","0.00035","0","0","13.56","Humid","35.35","0","78.50","281218.97","SABD0002000014","AAV2.0.0.13","3.0.3.1703","PSt7-10","180509-002","9/13/2019 10:46:52 AM","0000-00","0","no battery","V"
"06/11/2023","11:17:19","9","default","547630319","OXY_CH9","21.358","min","151.632","μmol/L","Humid","24.397","deg","137538","µV","26.689","°C","1016.000","hPa","35.9","pmil","0","55.690","deg","20.000","°C","100.000","%a.s.","22.400","deg","20.000","°C","962.000","hPa","0.861","-0.02617","0.00035","0","0","13.56","Humid","35.35","0","78.50","281207.03","SABD0002000014","AAV2.0.0.13","3.0.3.1703","PSt7-10","180509-002","9/13/2019 10:46:52 AM","0000-00","0","no battery","V"
"06/11/2023","11:17:20","9","default","547630319","OXY_CH9","21.375","min","151.697","μmol/L","Humid","24.394","deg","137537","µV","26.683","°C","1016.000","hPa","35.9","pmil","0","55.690","deg","20.000","°C","100.000","%a.s.","22.400","deg","20.000","°C","962.000","hPa","0.861","-0.02617","0.00035","0","0","13.56","Humid","35.35","0","78.50","281211.28","SABD0002000014","AAV2.0.0.13","3.0.3.1703","PSt7-10","180509-002","9/13/2019 10:46:52 AM","0000-00","0","no battery","V"
"06/11/2023","11:17:21","9","default","547630319","OXY_CH9","21.392","min","151.694","μmol/L","Humid","24.392","deg","137531","µV","26.689","°C","1016.000","hPa","35.9","pmil","0","55.690","deg","20.000","°C","100.000","%a.s.","22.400","deg","20.000","°C","962.000","hPa","0.861","-0.02617","0.00035","0","0","13.56","Humid","35.35","0","78.50","281221.64","SABD0002000014","AAV2.0.0.13","3.0.3.1703","PSt7-10","180509-002","9/13/2019 10:46:52 AM","0000-00","0","no battery","V"
"06/11/2023","11:17:22","9","default","547630319","OXY_CH9","21.408","min","151.759","μmol/L","Humid","24.389","deg","137504","µV","26.683","°C","1016.000","hPa","35.9","pmil","0","55.690","deg","20.000","°C","100.000","%a.s.","22.400","deg","20.000","°C","962.000","hPa","0.861","-0.02617","0.00035","0","0","13.56","Humid","35.35","0","78.50","281212.41","SABD0002000014","AAV2.0.0.13","3.0.3.1703","PSt7-10","180509-002","9/13/2019 10:46:52 AM","0000-00","0","no battery","V"
"06/11/2023","11:17:23","9","default","547630319","OXY_CH9","21.425","min","151.737","μmol/L","Humid","24.393","deg","137505","µV","26.677","°C","1016.000","hPa","35.9","pmil","0","55.690","deg","20.000","°C","100.000","%a.s.","22.400","deg","20.000","°C","962.000","hPa","0.861","-0.02617","0.00035","0","0","13.56","Humid","35.35","0","78.50","281213.50","SABD0002000014","AAV2.0.0.13","3.0.3.1703","PSt7-10","180509-002","9/13/2019 10:46:52 AM","0000-00","0","no battery","V"
"06/11/2023","11:17:24","9","default","547630319","OXY_CH9","21.441","min","151.772","μmol/L","Humid","24.388","deg","137493","µV","26.683","°C","1016.000","hPa","35.9","pmil","0","55.690","deg","20.000","°C","100.000","%a.s.","22.400","deg","20.000","°C","962.000","hPa","0.861","-0.02617","0.00035","0","0","13.56","Humid","35.35","0","78.50","281205.71","SABD0002000014","AAV2.0.0.13","3.0.3.1703","PSt7-10","180509-002","9/13/2019 10:46:52 AM","0000-00","0","no battery","V"
"06/11/2023","11:17:25","9","default","547630319","OXY_CH9","21.458","min","151.732","μmol/L","Humid","24.389","deg","137477","µV","26.689","°C","1016.000","hPa","35.9","pmil","0","55.690","deg","20.000","°C","100.000","%a.s.","22.400","deg","20.000","°C","962.000","hPa","0.861","-0.02617","0.00035","0","0","13.56","Humid","35.35","0","78.50","281200.92","SABD0002000014","AAV2.0.0.13","3.0.3.1703","PSt7-10","180509-002","9/13/2019 10:46:52 AM","0000-00","0","no battery","V"
"06/11/2023","11:17:26","9","default","547630319","OXY_CH9","21.475","min","151.782","μmol/L","Humid","24.385","deg","137467","µV","26.689","°C","1016.000","hPa","35.9","pmil","0","55.690","deg","20.000","°C","100.000","%a.s.","22.400","deg","20.000","°C","962.000","hPa","0.861","-0.02617","0.00035","0","0","13.56","Humid","35.35","0","78.50","281210.43","SABD0002000014","AAV2.0.0.13","3.0.3.1703","PSt7-10","180509-002","9/13/2019 10:46:52 AM","0000-00","0","no battery","V"
"06/11/2023","11:17:27","9","default","547630319","OXY_CH9","21.491","min","151.837","μmol/L","Humid","24.385","deg","137462","µV","26.677","°C","1016.000","hPa","35.9","pmil","0","55.690","deg","20.000","°C","100.000","%a.s.","22.400","deg","20.000","°C","962.000","hPa","0.861","-0.02617","0.00035","0","0","13.56","Humid","35.35","0","78.50","281214.66","SABD0002000014","AAV2.0.0.13","3.0.3.1703","PSt7-10","180509-002","9/13/2019 10:46:52 AM","0000-00","0","no battery","V"
"06/11/2023","11:17:28","9","default","547630319","OXY_CH9","21.508","min","151.797","μmol/L","Humid","24.386","deg","137451","µV","26.683","°C","1016.000","hPa","35.9","pmil","0","55.690","deg","20.000","°C","100.000","%a.s.","22.400","deg","20.000","°C","962.000","hPa","0.861","-0.02617","0.00035","0","0","13.56","Humid","35.35","0","78.50","281202.45","SABD0002000014","AAV2.0.0.13","3.0.3.1703","PSt7-10","180509-002","9/13/2019 10:46:52 AM","0000-00","0","no battery","V"
"06/11/2023","11:17:29","9","default","547630319","OXY_CH9","21.525","min","151.847","μmol/L","Humid","24.382","deg","137441","µV","26.683","°C","1016.000","hPa","35.9","pmil","0","55.690","deg","20.000","°C","100.000","%a.s.","22.400","deg","20.000","°C","962.000","hPa","0.861","-0.02617","0.00035","0","0","13.56","Humid","35.35","0","78.50","281207.98","SABD0002000014","AAV2.0.0.13","3.0.3.1703","PSt7-10","180509-002","9/13/2019 10:46:52 AM","0000-00","0","no battery","V"
"06/11/2023","11:17:30","9","default","547630319","OXY_CH9","21.541","min","151.860","μmol/L","Humid","24.381","deg","137438","µV","26.683","°C","1016.000","hPa","35.9","pmil","0","55.690","deg","20.000","°C","100.000","%a.s.","22.400","deg","20.000","°C","962.000","hPa","0.861","-0.02617","0.00035","0","0","13.56","Humid","35.35","0","78.50","281208.95","SABD0002000014","AAV2.0.0.13","3.0.3.1703","PSt7-10","180509-002","9/13/2019 10:46:52 AM","0000-00","0","no battery","V"
"06/11/2023","11:17:31","9","default","547630319","OXY_CH9","21.558","min","151.885","μmol/L","Humid","24.379","deg","137416","µV","26.683","°C","1016.000","hPa","35.9","pmil","0","55.690","deg","20.000","°C","100.000","%a.s.","22.400","deg","20.000","°C","962.000","hPa","0.861","-0.02617","0.00035","0","0","13.56","Humid","35.35","0","78.50","281203.58","SABD0002000014","AAV2.0.0.13","3.0.3.1703","PSt7-10","180509-002","9/13/2019 10:46:52 AM","0000-00","0","no battery","V"
"06/11/2023","11:17:32","9","default","547630319","OXY_CH9","21.575","min","151.910","μmol/L","Humid","24.377","deg","137408","µV","26.683","°C","1016.000","hPa","35.9","pmil","0","55.690","deg","20.000","°C","100.000","%a.s.","22.400","deg","20.000","°C","962.000","hPa","0.861","-0.02617","0.00035","0","0","13.56","Humid","35.35","0","78.50","281206.66","SABD0002000014","AAV2.0.0.13","3.0.3.1703","PSt7-10","180509-002","9/13/2019 10:46:52 AM","0000-00","0","no battery","V"
"06/11/2023","11:17:33","9","default","547630319","OXY_CH9","21.592","min","151.897","μmol/L","Humid","24.378","deg","137409","µV","26.683","°C","1016.000","hPa","35.9","pmil","0","55.690","deg","20.000","°C","100.000","%a.s.","22.400","deg","20.000","°C","962.000","hPa","0.861","-0.02617","0.00035","0","0","13.56","Humid","35.35","0","78.50","281210.30","SABD0002000014","AAV2.0.0.13","3.0.3.1703","PSt7-10","180509-002","9/13/2019 10:46:52 AM","0000-00","0","no battery","V"
"06/11/2023","11:17:34","9","default","547630319","OXY_CH9","21.608","min","151.962","μmol/L","Humid","24.375","deg","137397","µV","26.677","°C","1016.000","hPa","35.9","pmil","0","55.690","deg","20.000","°C","100.000","%a.s.","22.400","deg","20.000","°C","962.000","hPa","0.861","-0.02617","0.00035","0","0","13.56","Humid","35.35","0","78.50","281206.19","SABD0002000014","AAV2.0.0.13","3.0.3.1703","PSt7-10","180509-002","9/13/2019 10:46:52 AM","0000-00","0","no battery","V"
"06/11/2023","11:17:35","9","default","547630319","OXY_CH9","21.625","min","151.895","μmol/L","Humid","24.376","deg","137388","µV","26.689","°C","1016.000","hPa","35.9","pmil","0","55.690","deg","20.000","°C","100.000","%a.s.","22.400","deg","20.000","°C","962.000","hPa","0.861","-0.02617","0.00035","0","0","13.56","Humid","35.35","0","78.50","281205.95","SABD0002000014","AAV2.0.0.13","3.0.3.1703","PSt7-10","180509-002","9/13/2019 10:46:52 AM","0000-00","0","no battery","V"
"06/11/2023","11:17:36","9","default","547630319","OXY_CH9","21.642","min","151.997","μmol/L","Humid","24.370","deg","137373","µV","26.683","°C","1016.000","hPa","35.9","pmil","0","55.690","deg","20.000","°C","100.000","%a.s.","22.400","deg","20.000","°C","962.000","hPa","0.861","-0.02617","0.00035","0","0","13.56","Humid","35.35","0","78.50","281206.79","SABD0002000014","AAV2.0.0.13","3.0.3.1703","PSt7-10","180509-002","9/13/2019 10:46:52 AM","0000-00","0","no battery","V"
"06/11/2023","11:17:37","9","default","547630319","OXY_CH9","21.658","min","152.050","μmol/L","Humid","24.368","deg","137369","µV","26.677","°C","1016.000","hPa","35.9","pmil","0","55.690","deg","20.000","°C","100.000","%a.s.","22.400","deg","20.000","°C","962.000","hPa","0.861","-0.02617","0.00035","0","0","13.56","Humid","35.35","0","78.50","281213.68","SABD0002000014","AAV2.0.0.13","3.0.3.1703","PSt7-10","180509-002","9/13/2019 10:46:52 AM","0000-00","0","no battery","V"
"06/11/2023","11:17:38","9","default","547630319","OXY_CH9","21.675","min","152.010","μmol/L","Humid","24.369","deg","137357","µV","26.683","°C","1016.000","hPa","35.9","pmil","0","55.690","deg","20.000","°C","100.000","%a.s.","22.400","deg","20.000","°C","962.000","hPa","0.861","-0.02617","0.00035","0","0","13.56","Humid","35.35","0","78.50","281204.73","SABD0002000014","AAV2.0.0.13","3.0.3.1703","PSt7-10","180509-002","9/13/2019 10:46:52 AM","0000-00","0","no battery","V"
"06/11/2023","11:17:39","9","default","547630319","OXY_CH9","21.692","min","152.038","μmol/L","Humid","24.369","deg","137345","µV","26.677","°C","1016.000","hPa","35.9","pmil","0","55.690","deg","20.000","°C","100.000","%a.s.","22.400","deg","20.000","°C","962.000","hPa","0.861","-0.02617","0.00035","0","0","13.56","Humid","35.35","0","78.50","281211.65","SABD0002000014","AAV2.0.0.13","3.0.3.1703","PSt7-10","180509-002","9/13/2019 10:46:52 AM","0000-00","0","no battery","V"
"06/11/2023","11:17:40","9","default","547630319","OXY_CH9","21.708","min","152.085","μmol/L","Humid","24.363","deg","137330","µV","26.683","°C","1016.000","hPa","35.9","pmil","0","55.690","deg","20.000","°C","100.000","%a.s.","22.400","deg","20.000","°C","962.000","hPa","0.861","-0.02617","0.00035","0","0","13.56","Humid","35.35","0","78.50","281207.90","SABD0002000014","AAV2.0.0.13","3.0.3.1703","PSt7-10","180509-002","9/13/2019 10:46:52 AM","0000-00","0","no battery","V"
"06/11/2023","11:17:41","9","default","547630319","OXY_CH9","21.725","min","152.075","μmol/L","Humid","24.366","deg","137318","µV","26.677","°C","1016.000","hPa","35.9","pmil","0","55.690","deg","20.000","°C","100.000","%a.s.","22.400","deg","20.000","°C","962.000","hPa","0.861","-0.02617","0.00035","0","0","13.56","Humid","35.35","0","78.50","281201.41","SABD0002000014","AAV2.0.0.13","3.0.3.1703","PSt7-10","180509-002","9/13/2019 10:46:52 AM","0000-00","0","no battery","V"
"06/11/2023","11:17:42","9","default","547630319","OXY_CH9","21.742","min","152.073","μmol/L","Humid","24.364","deg","137307","µV","26.683","°C","1016.000","hPa","35.9","pmil","0","55.690","deg","20.000","°C","100.000","%a.s.","22.400","deg","20.000","°C","962.000","hPa","0.861","-0.02617","0.00035","0","0","13.56","Humid","35.35","0","78.50","281188.95","SABD0002000014","AAV2.0.0.13","3.0.3.1703","PSt7-10","180509-002","9/13/2019 10:46:52 AM","0000-00","0","no battery","V"
"06/11/2023","11:17:43","9","default","547630319","OXY_CH9","21.758","min","152.123","μmol/L","Humid","24.360","deg","137293","µV","26.683","°C","1016.000","hPa","35.9","pmil","0","55.690","deg","20.000","°C","100.000","%a.s.","22.400","deg","20.000","°C","962.000","hPa","0.861","-0.02617","0.00035","0","0","13.56","Humid","35.35","0","78.50","281207.88","SABD0002000014","AAV2.0.0.13","3.0.3.1703","PSt7-10","180509-002","9/13/2019 10:46:52 AM","0000-00","0","no battery","V"
"06/11/2023","11:17:44","9","default","547630319","OXY_CH9","21.775","min","152.145","μmol/L","Humid","24.356","deg","137296","µV","26.689","°C","1016.000","hPa","35.9","pmil","0","55.690","deg","20.000","°C","100.000","%a.s.","22.400","deg","20.000","°C","962.000","hPa","0.861","-0.02617","0.00035","0","0","13.56","Humid","35.35","0","78.50","281220.01","SABD0002000014","AAV2.0.0.13","3.0.3.1703","PSt7-10","180509-002","9/13/2019 10:46:52 AM","0000-00","0","no battery","V"
"06/11/2023","11:17:45","9","default","547630319","OXY_CH9","21.792","min","152.163","μmol/L","Humid","24.359","deg","137280","µV","26.677","°C","1016.000","hPa","35.9","pmil","0","55.690","deg","20.000","°C","100.000","%a.s.","22.400","deg","20.000","°C","962.000","hPa","0.861","-0.02617","0.00035","0","0","13.56","Humid","35.35","0","78.50","281206.77","SABD0002000014","AAV2.0.0.13","3.0.3.1703","PSt7-10","180509-002","9/13/2019 10:46:52 AM","0000-00","0","no battery","V"
"06/11/2023","11:17:46","9","default","547630319","OXY_CH9","21.808","min","152.173","μmol/L","Humid","24.356","deg","137264","µV","26.683","°C","1016.000","hPa","35.9","pmil","0","55.690","deg","20.000","°C","100.000","%a.s.","22.400","deg","20.000","°C","962.000","hPa","0.861","-0.02617","0.00035","0","0","13.56","Humid","35.35","0","78.50","281204.78","SABD0002000014","AAV2.0.0.13","3.0.3.1703","PSt7-10","180509-002","9/13/2019 10:46:52 AM","0000-00","0","no battery","V"
"06/11/2023","11:17:47","9","default","547630319","OXY_CH9","21.825","min","152.196","μmol/L","Humid","24.352","deg","137262","µV","26.689","°C","1016.000","hPa","35.9","pmil","0","55.690","deg","20.000","°C","100.000","%a.s.","22.400","deg","20.000","°C","962.000","hPa","0.861","-0.02617","0.00035","0","0","13.56","Humid","35.35","0","78.50","281204.61","SABD0002000014","AAV2.0.0.13","3.0.3.1703","PSt7-10","180509-002","9/13/2019 10:46:52 AM","0000-00","0","no battery","V"
"06/11/2023","11:17:48","9","default","547630319","OXY_CH9","21.841","min","152.251","μmol/L","Humid","24.352","deg","137246","µV","26.677","°C","1016.000","hPa","35.9","pmil","0","55.690","deg","20.000","°C","100.000","%a.s.","22.400","deg","20.000","°C","962.000","hPa","0.861","-0.02617","0.00035","0","0","13.56","Humid","35.35","0","78.50","281210.31","SABD0002000014","AAV2.0.0.13","3.0.3.1703","PSt7-10","180509-002","9/13/2019 10:46:52 AM","0000-00","0","no battery","V"
"06/11/2023","11:17:49","9","default","547630319","OXY_CH9","21.858","min","152.196","μmol/L","Humid","24.352","deg","137242","µV","26.689","°C","1016.000","hPa","35.9","pmil","0","55.690","deg","20.000","°C","100.000","%a.s.","22.400","deg","20.000","°C","962.000","hPa","0.861","-0.02617","0.00035","0","0","13.56","Humid","35.35","0","78.50","281217.58","SABD0002000014","AAV2.0.0.13","3.0.3.1703","PSt7-10","180509-002","9/13/2019 10:46:52 AM","0000-00","0","no battery","V"
"06/11/2023","11:17:50","9","default","547630319","OXY_CH9","21.875","min","152.248","μmol/L","Humid","24.350","deg","137242","µV","26.683","°C","1016.000","hPa","35.9","pmil","0","55.690","deg","20.000","°C","100.000","%a.s.","22.400","deg","20.000","°C","962.000","hPa","0.861","-0.02617","0.00035","0","0","13.56","Humid","35.35","0","78.50","281214.06","SABD0002000014","AAV2.0.0.13","3.0.3.1703","PSt7-10","180509-002","9/13/2019 10:46:52 AM","0000-00","0","no battery","V"
"06/11/2023","11:17:51","9","default","547630319","OXY_CH9","21.891","min","152.286","μmol/L","Humid","24.347","deg","137223","µV","26.683","°C","1016.000","hPa","35.9","pmil","0","55.690","deg","20.000","°C","100.000","%a.s.","22.400","deg","20.000","°C","962.000","hPa","0.861","-0.02617","0.00035","0","0","13.56","Humid","35.35","0","78.50","281219.83","SABD0002000014","AAV2.0.0.13","3.0.3.1703","PSt7-10","180509-002","9/13/2019 10:46:52 AM","0000-00","0","no battery","V"
"06/11/2023","11:17:52","9","default","547630319","OXY_CH9","21.908","min","152.299","μmol/L","Humid","24.346","deg","137209","µV","26.683","°C","1016.000","hPa","35.9","pmil","0","55.690","deg","20.000","°C","100.000","%a.s.","22.400","deg","20.000","°C","962.000","hPa","0.861","-0.02617","0.00035","0","0","13.56","Humid","35.35","0","78.50","281218.36","SABD0002000014","AAV2.0.0.13","3.0.3.1703","PSt7-10","180509-002","9/13/2019 10:46:52 AM","0000-00","0","no battery","V"
"06/11/2023","11:17:53","9","default","547630319","OXY_CH9","21.925","min","152.324","μmol/L","Humid","24.344","deg","137193","µV","26.683","°C","1016.000","hPa","35.9","pmil","0","55.690","deg","20.000","°C","100.000","%a.s.","22.400","deg","20.000","°C","962.000","hPa","0.861","-0.02617","0.00035","0","0","13.56","Humid","35.35","0","78.50","281200.14","SABD0002000014","AAV2.0.0.13","3.0.3.1703","PSt7-10","180509-002","9/13/2019 10:46:52 AM","0000-00","0","no battery","V"
"06/11/2023","11:17:54","9","default","547630319","OXY_CH9","21.941","min","152.351","μmol/L","Humid","24.344","deg","137186","µV","26.677","°C","1016.000","hPa","35.9","pmil","0","55.690","deg","20.000","°C","100.000","%a.s.","22.400","deg","20.000","°C","962.000","hPa","0.861","-0.02617","0.00035","0","0","13.56","Humid","35.35","0","78.50","281197.94","SABD0002000014","AAV2.0.0.13","3.0.3.1703","PSt7-10","180509-002","9/13/2019 10:46:52 AM","0000-00","0","no battery","V"
"06/11/2023","11:17:55","9","default","547630319","OXY_CH9","21.958","min","152.414","μmol/L","Humid","24.339","deg","137183","µV","26.677","°C","1016.000","hPa","35.9","pmil","0","55.690","deg","20.000","°C","100.000","%a.s.","22.400","deg","20.000","°C","962.000","hPa","0.861","-0.02617","0.00035","0","0","13.56","Humid","35.35","0","78.50","281195.36","SABD0002000014","AAV2.0.0.13","3.0.3.1703","PSt7-10","180509-002","9/13/2019 10:46:52 AM","0000-00","0","no battery","V"
"06/11/2023","11:17:56","9","default","547630319","OXY_CH9","21.975","min","152.387","μmol/L","Humid","24.339","deg","137159","µV","26.683","°C","1016.000","hPa","35.9","pmil","0","55.690","deg","20.000","°C","100.000","%a.s.","22.400","deg","20.000","°C","962.000","hPa","0.861","-0.02617","0.00035","0","0","13.56","Humid","35.35","0","78.50","281197.93","SABD0002000014","AAV2.0.0.13","3.0.3.1703","PSt7-10","180509-002","9/13/2019 10:46:52 AM","0000-00","0","no battery","V"
"06/11/2023","11:17:57","9","default","547630319","OXY_CH9","21.991","min","152.399","μmol/L","Humid","24.338","deg","137146","µV","26.683","°C","1016.000","hPa","35.9","pmil","0","55.690","deg","20.000","°C","100.000","%a.s.","22.400","deg","20.000","°C","962.000","hPa","0.861","-0.02617","0.00035","0","0","13.56","Humid","35.35","0","78.50","281188.02","SABD0002000014","AAV2.0.0.13","3.0.3.1703","PSt7-10","180509-002","9/13/2019 10:46:52 AM","0000-00","0","no battery","V"
"06/11/2023","11:17:58","9","default","547630319","OXY_CH9","22.008","min","152.437","μmol/L","Humid","24.335","deg","137139","µV","26.683","°C","1016.000","hPa","35.9","pmil","0","55.690","deg","20.000","°C","100.000","%a.s.","22.400","deg","20.000","°C","962.000","hPa","0.861","-0.02617","0.00035","0","0","13.56","Humid","35.35","0","78.50","281208.43","SABD0002000014","AAV2.0.0.13","3.0.3.1703","PSt7-10","180509-002","9/13/2019 10:46:52 AM","0000-00","0","no battery","V"
"06/11/2023","11:17:59","9","default","547630319","OXY_CH9","22.025","min","152.422","μmol/L","Humid","24.334","deg","137124","µV","26.689","°C","1016.000","hPa","35.9","pmil","0","55.690","deg","20.000","°C","100.000","%a.s.","22.400","deg","20.000","°C","962.000","hPa","0.861","-0.02617","0.00035","0","0","13.56","Humid","35.35","0","78.50","281201.29","SABD0002000014","AAV2.0.0.13","3.0.3.1703","PSt7-10","180509-002","9/13/2019 10:46:52 AM","0000-00","0","no battery","V"
"06/11/2023","11:18:00","9","default","547630319","OXY_CH9","22.041","min","152.437","μmol/L","Humid","24.335","deg","137116","µV","26.683","°C","1016.000","hPa","35.9","pmil","0","55.690","deg","20.000","°C","100.000","%a.s.","22.400","deg","20.000","°C","962.000","hPa","0.861","-0.02617","0.00035","0","0","13.56","Humid","35.35","0","78.50","281198.00","SABD0002000014","AAV2.0.0.13","3.0.3.1703","PSt7-10","180509-002","9/13/2019 10:46:52 AM","0000-00","0","no battery","V"
"06/11/2023","11:18:01","9","default","547630319","OXY_CH9","22.058","min","152.460","μmol/L","Humid","24.331","deg","137116","µV","26.689","°C","1016.000","hPa","35.9","pmil","0","55.690","deg","20.000","°C","100.000","%a.s.","22.400","deg","20.000","°C","962.000","hPa","0.861","-0.02617","0.00035","0","0","13.56","Humid","35.35","0","78.50","281200.33","SABD0002000014","AAV2.0.0.13","3.0.3.1703","PSt7-10","180509-002","9/13/2019 10:46:52 AM","0000-00","0","no battery","V"
"06/11/2023","11:18:02","9","default","547630319","OXY_CH9","22.074","min","152.462","μmol/L","Humid","24.333","deg","137096","µV","26.683","°C","1016.000","hPa","35.9","pmil","0","55.690","deg","20.000","°C","100.000","%a.s.","22.400","deg","20.000","°C","962.000","hPa","0.861","-0.02617","0.00035","0","0","13.56","Humid","35.35","0","78.50","281185.67","SABD0002000014","AAV2.0.0.13","3.0.3.1703","PSt7-10","180509-002","9/13/2019 10:46:52 AM","0000-00","0","no battery","V"
"06/11/2023","11:18:03","9","default","547630319","OXY_CH9","22.091","min","152.475","μmol/L","Humid","24.332","deg","137093","µV","26.683","°C","1016.000","hPa","35.9","pmil","0","55.690","deg","20.000","°C","100.000","%a.s.","22.400","deg","20.000","°C","962.000","hPa","0.861","-0.02617","0.00035","0","0","13.56","Humid","35.35","0","78.50","281197.35","SABD0002000014","AAV2.0.0.13","3.0.3.1703","PSt7-10","180509-002","9/13/2019 10:46:52 AM","0000-00","0","no battery","V"
"06/11/2023","11:18:04","9","default","547630319","OXY_CH9","22.108","min","152.500","μmol/L","Humid","24.330","deg","137078","µV","26.683","°C","1016.000","hPa","35.9","pmil","0","55.690","deg","20.000","°C","100.000","%a.s.","22.400","deg","20.000","°C","962.000","hPa","0.861","-0.02617","0.00035","0","0","13.56","Humid","35.35","0","78.50","281190.80","SABD0002000014","AAV2.0.0.13","3.0.3.1703","PSt7-10","180509-002","9/13/2019 10:46:52 AM","0000-00","0","no battery","V"
"06/11/2023","11:18:05","9","default","547630319","OXY_CH9","22.125","min","152.538","μmol/L","Humid","24.327","deg","137072","µV","26.683","°C","1016.000","hPa","35.9","pmil","0","55.690","deg","20.000","°C","100.000","%a.s.","22.400","deg","20.000","°C","962.000","hPa","0.861","-0.02617","0.00035","0","0","13.56","Humid","35.35","0","78.50","281197.92","SABD0002000014","AAV2.0.0.13","3.0.3.1703","PSt7-10","180509-002","9/13/2019 10:46:52 AM","0000-00","0","no battery","V"
"06/11/2023","11:18:06","9","default","547630319","OXY_CH9","22.142","min","152.535","μmol/L","Humid","24.325","deg","137065","µV","26.689","°C","1016.000","hPa","35.9","pmil","0","55.690","deg","20.000","°C","100.000","%a.s.","22.400","deg","20.000","°C","962.000","hPa","0.861","-0.02617","0.00035","0","0","13.56","Humid","35.35","0","78.50","281194.45","SABD0002000014","AAV2.0.0.13","3.0.3.1703","PSt7-10","180509-002","9/13/2019 10:46:52 AM","0000-00","0","no battery","V"
"06/11/2023","11:18:07","9","default","547630319","OXY_CH9","22.159","min","152.638","μmol/L","Humid","24.319","deg","137055","µV","26.683","°C","1016.000","hPa","35.9","pmil","0","55.690","deg","20.000","°C","100.000","%a.s.","22.400","deg","20.000","°C","962.000","hPa","0.861","-0.02617","0.00035","0","0","13.56","Humid","35.35","0","78.50","281202.74","SABD0002000014","AAV2.0.0.13","3.0.3.1703","PSt7-10","180509-002","9/13/2019 10:46:52 AM","0000-00","0","no battery","V"
"06/11/2023","11:18:08","9","default","547630319","OXY_CH9","22.175","min","152.613","μmol/L","Humid","24.321","deg","137050","µV","26.683","°C","1016.000","hPa","35.9","pmil","0","55.690","deg","20.000","°C","100.000","%a.s.","22.400","deg","20.000","°C","962.000","hPa","0.861","-0.02617","0.00035","0","0","13.56","Humid","35.35","0","78.50","281204.76","SABD0002000014","AAV2.0.0.13","3.0.3.1703","PSt7-10","180509-002","9/13/2019 10:46:52 AM","0000-00","0","no battery","V"
"06/11/2023","11:18:09","9","default","547630319","OXY_CH9","22.192","min","152.651","μmol/L","Humid","24.318","deg","137044","µV","26.683","°C","1016.000","hPa","35.9","pmil","0","55.690","deg","20.000","°C","100.000","%a.s.","22.400","deg","20.000","°C","962.000","hPa","0.861","-0.02617","0.00035","0","0","13.56","Humid","35.35","0","78.50","281196.59","SABD0002000014","AAV2.0.0.13","3.0.3.1703","PSt7-10","180509-002","9/13/2019 10:46:52 AM","0000-00","0","no battery","V"
"06/11/2023","11:18:10","9","default","547630319","OXY_CH9","22.209","min","152.676","μmol/L","Humid","24.316","deg","137026","µV","26.683","°C","1016.000","hPa","35.9","pmil","0","55.690","deg","20.000","°C","100.000","%a.s.","22.400","deg","20.000","°C","962.000","hPa","0.861","-0.02617","0.00035","0","0","13.56","Humid","35.35","0","78.50","281205.54","SABD0002000014","AAV2.0.0.13","3.0.3.1703","PSt7-10","180509-002","9/13/2019 10:46:52 AM","0000-00","0","no battery","V"
"06/11/2023","11:18:11","9","default","547630319","OXY_CH9","22.225","min","152.664","μmol/L","Humid","24.317","deg","137016","µV","26.683","°C","1016.000","hPa","35.9","pmil","0","55.690","deg","20.000","°C","100.000","%a.s.","22.400","deg","20.000","°C","962.000","hPa","0.861","-0.02617","0.00035","0","0","13.56","Humid","35.35","0","78.50","281192.09","SABD0002000014","AAV2.0.0.13","3.0.3.1703","PSt7-10","180509-002","9/13/2019 10:46:52 AM","0000-00","0","no battery","V"
"06/11/2023","11:18:12","9","default","547630319","OXY_CH9","22.242","min","152.636","μmol/L","Humid","24.317","deg","137001","µV","26.689","°C","1016.000","hPa","35.9","pmil","0","55.690","deg","20.000","°C","100.000","%a.s.","22.400","deg","20.000","°C","962.000","hPa","0.861","-0.02617","0.00035","0","0","13.56","Humid","35.35","0","78.50","281192.97","SABD0002000014","AAV2.0.0.13","3.0.3.1703","PSt7-10","180509-002","9/13/2019 10:46:52 AM","0000-00","0","no battery","V"
"06/11/2023","11:18:13","9","default","547630319","OXY_CH9","22.259","min","152.749","μmol/L","Humid","24.308","deg","136996","µV","26.689","°C","1016.000","hPa","35.9","pmil","0","55.690","deg","20.000","°C","100.000","%a.s.","22.400","deg","20.000","°C","962.000","hPa","0.861","-0.02617","0.00035","0","0","13.56","Humid","35.35","0","78.50","281199.91","SABD0002000014","AAV2.0.0.13","3.0.3.1703","PSt7-10","180509-002","9/13/2019 10:46:52 AM","0000-00","0","no battery","V"
"06/11/2023","11:18:14","9","default","547630319","OXY_CH9","22.275","min","152.686","μmol/L","Humid","24.313","deg","136974","µV","26.689","°C","1016.000","hPa","35.9","pmil","0","55.690","deg","20.000","°C","100.000","%a.s.","22.400","deg","20.000","°C","962.000","hPa","0.861","-0.02617","0.00035","0","0","13.56","Humid","35.35","0","78.50","281190.50","SABD0002000014","AAV2.0.0.13","3.0.3.1703","PSt7-10","180509-002","9/13/2019 10:46:52 AM","0000-00","0","no battery","V"
"06/11/2023","11:18:15","9","default","547630319","OXY_CH9","22.292","min","152.752","μmol/L","Humid","24.310","deg","136975","µV","26.683","°C","1016.000","hPa","35.9","pmil","0","55.690","deg","20.000","°C","100.000","%a.s.","22.400","deg","20.000","°C","962.000","hPa","0.861","-0.02617","0.00035","0","0","13.56","Humid","35.35","0","78.50","281192.13","SABD0002000014","AAV2.0.0.13","3.0.3.1703","PSt7-10","180509-002","9/13/2019 10:46:52 AM","0000-00","0","no battery","V"
"06/11/2023","11:18:16","9","default","547630319","OXY_CH9","22.308","min","152.752","μmol/L","Humid","24.310","deg","136964","µV","26.683","°C","1016.000","hPa","35.9","pmil","0","55.690","deg","20.000","°C","100.000","%a.s.","22.400","deg","20.000","°C","962.000","hPa","0.861","-0.02617","0.00035","0","0","13.56","Humid","35.35","0","78.50","281190.49","SABD0002000014","AAV2.0.0.13","3.0.3.1703","PSt7-10","180509-002","9/13/2019 10:46:52 AM","0000-00","0","no battery","V"
"06/11/2023","11:18:17","9","default","547630319","OXY_CH9","22.325","min","152.777","μmol/L","Humid","24.308","deg","136957","µV","26.683","°C","1016.000","hPa","35.9","pmil","0","55.690","deg","20.000","°C","100.000","%a.s.","22.400","deg","20.000","°C","962.000","hPa","0.861","-0.02617","0.00035","0","0","13.56","Humid","35.35","0","78.50","281192.19","SABD0002000014","AAV2.0.0.13","3.0.3.1703","PSt7-10","180509-002","9/13/2019 10:46:52 AM","0000-00","0","no battery","V"
"06/11/2023","11:18:18","9","default","547630319","OXY_CH9","22.342","min","152.790","μmol/L","Humid","24.307","deg","136939","µV","26.683","°C","1016.000","hPa","35.9","pmil","0","55.690","deg","20.000","°C","100.000","%a.s.","22.400","deg","20.000","°C","962.000","hPa","0.861","-0.02617","0.00035","0","0","13.56","Humid","35.35","0","78.50","281208.67","SABD0002000014","AAV2.0.0.13","3.0.3.1703","PSt7-10","180509-002","9/13/2019 10:46:52 AM","0000-00","0","no battery","V"
"06/11/2023","11:18:19","9","default","547630319","OXY_CH9","22.358","min","152.880","μmol/L","Humid","24.302","deg","136928","µV","26.677","°C","1016.000","hPa","35.9","pmil","0","55.690","deg","20.000","°C","100.000","%a.s.","22.400","deg","20.000","°C","962.000","hPa","0.861","-0.02617","0.00035","0","0","13.56","Humid","35.35","0","78.50","281186.70","SABD0002000014","AAV2.0.0.13","3.0.3.1703","PSt7-10","180509-002","9/13/2019 10:46:52 AM","0000-00","0","no battery","V"
"06/11/2023","11:18:20","9","default","547630319","OXY_CH9","22.375","min","152.880","μmol/L","Humid","24.302","deg","136918","µV","26.677","°C","1016.000","hPa","35.9","pmil","0","55.690","deg","20.000","°C","100.000","%a.s.","22.400","deg","20.000","°C","962.000","hPa","0.861","-0.02617","0.00035","0","0","13.56","Humid","35.35","0","78.50","281195.26","SABD0002000014","AAV2.0.0.13","3.0.3.1703","PSt7-10","180509-002","9/13/2019 10:46:52 AM","0000-00","0","no battery","V"
"06/11/2023","11:18:21","9","default","547630319","OXY_CH9","22.391","min","152.903","μmol/L","Humid","24.298","deg","136907","µV","26.683","°C","1016.000","hPa","35.9","pmil","0","55.690","deg","20.000","°C","100.000","%a.s.","22.400","deg","20.000","°C","962.000","hPa","0.861","-0.02617","0.00035","0","0","13.56","Humid","35.35","0","78.50","281183.82","SABD0002000014","AAV2.0.0.13","3.0.3.1703","PSt7-10","180509-002","9/13/2019 10:46:52 AM","0000-00","0","no battery","V"
"06/11/2023","11:18:22","9","default","547630319","OXY_CH9","22.408","min","152.878","μmol/L","Humid","24.300","deg","136893","µV","26.683","°C","1016.000","hPa","35.9","pmil","0","55.690","deg","20.000","°C","100.000","%a.s.","22.400","deg","20.000","°C","962.000","hPa","0.861","-0.02617","0.00035","0","0","13.56","Humid","35.35","0","78.50","281191.86","SABD0002000014","AAV2.0.0.13","3.0.3.1703","PSt7-10","180509-002","9/13/2019 10:46:52 AM","0000-00","0","no battery","V"
"06/11/2023","11:18:23","9","default","547630319","OXY_CH9","22.425","min","152.888","μmol/L","Humid","24.297","deg","136886","µV","26.689","°C","1016.000","hPa","35.9","pmil","0","55.690","deg","20.000","°C","100.000","%a.s.","22.400","deg","20.000","°C","962.000","hPa","0.861","-0.02617","0.00035","0","0","13.56","Humid","35.35","0","78.50","281187.52","SABD0002000014","AAV2.0.0.13","3.0.3.1703","PSt7-10","180509-002","9/13/2019 10:46:52 AM","0000-00","0","no battery","V"
"06/11/2023","11:18:24","9","default","547630319","OXY_CH9","22.441","min","152.888","μmol/L","Humid","24.297","deg","136874","µV","26.689","°C","1016.000","hPa","35.9","pmil","0","55.690","deg","20.000","°C","100.000","%a.s.","22.400","deg","20.000","°C","962.000","hPa","0.861","-0.02617","0.00035","0","0","13.56","Humid","35.35","0","78.50","281176.15","SABD0002000014","AAV2.0.0.13","3.0.3.1703","PSt7-10","180509-002","9/13/2019 10:46:52 AM","0000-00","0","no battery","V"
"06/11/2023","11:18:25","9","default","547630319","OXY_CH9","22.458","min","152.941","μmol/L","Humid","24.295","deg","136868","µV","26.683","°C","1016.000","hPa","35.9","pmil","0","55.690","deg","20.000","°C","100.000","%a.s.","22.400","deg","20.000","°C","962.000","hPa","0.861","-0.02617","0.00035","0","0","13.56","Humid","35.35","0","78.50","281184.20","SABD0002000014","AAV2.0.0.13","3.0.3.1703","PSt7-10","180509-002","9/13/2019 10:46:52 AM","0000-00","0","no battery","V"
"06/11/2023","11:18:26","9","default","547630319","OXY_CH9","22.475","min","152.964","μmol/L","Humid","24.291","deg","136850","µV","26.689","°C","1016.000","hPa","35.9","pmil","0","55.690","deg","20.000","°C","100.000","%a.s.","22.400","deg","20.000","°C","962.000","hPa","0.861","-0.02617","0.00035","0","0","13.56","Humid","35.35","0","78.50","281176.65","SABD0002000014","AAV2.0.0.13","3.0.3.1703","PSt7-10","180509-002","9/13/2019 10:46:52 AM","0000-00","0","no battery","V"
"06/11/2023","11:18:27","9","default","547630319","OXY_CH9","22.491","min","152.976","μmol/L","Humid","24.290","deg","136844","µV","26.689","°C","1016.000","hPa","35.9","pmil","0","55.690","deg","20.000","°C","100.000","%a.s.","22.400","deg","20.000","°C","962.000","hPa","0.861","-0.02617","0.00035","0","0","13.56","Humid","35.35","0","78.50","281180.74","SABD0002000014","AAV2.0.0.13","3.0.3.1703","PSt7-10","180509-002","9/13/2019 10:46:52 AM","0000-00","0","no battery","V"
"06/11/2023","11:18:28","9","default","547630319","OXY_CH9","22.508","min","153.042","μmol/L","Humid","24.287","deg","136846","µV","26.683","°C","1016.000","hPa","35.9","pmil","0","55.690","deg","20.000","°C","100.000","%a.s.","22.400","deg","20.000","°C","962.000","hPa","0.861","-0.02617","0.00035","0","0","13.56","Humid","35.35","0","78.50","281187.11","SABD0002000014","AAV2.0.0.13","3.0.3.1703","PSt7-10","180509-002","9/13/2019 10:46:52 AM","0000-00","0","no battery","V"
"06/11/2023","11:18:29","9","default","547630319","OXY_CH9","22.524","min","152.976","μmol/L","Humid","24.290","deg","136818","µV","26.689","°C","1016.000","hPa","35.9","pmil","0","55.690","deg","20.000","°C","100.000","%a.s.","22.400","deg","20.000","°C","962.000","hPa","0.861","-0.02617","0.00035","0","0","13.56","Humid","35.35","0","78.50","281183.56","SABD0002000014","AAV2.0.0.13","3.0.3.1703","PSt7-10","180509-002","9/13/2019 10:46:52 AM","0000-00","0","no battery","V"
"06/11/2023","11:18:30","9","default","547630319","OXY_CH9","22.542","min","153.055","μmol/L","Humid","24.286","deg","136813","µV","26.683","°C","1016.000","hPa","35.9","pmil","0","55.690","deg","20.000","°C","100.000","%a.s.","22.400","deg","20.000","°C","962.000","hPa","0.861","-0.02617","0.00035","0","0","13.56","Humid","35.35","0","78.50","281173.01","SABD0002000014","AAV2.0.0.13","3.0.3.1703","PSt7-10","180509-002","9/13/2019 10:46:52 AM","0000-00","0","no battery","V"
"06/11/2023","11:18:31","9","default","547630319","OXY_CH9","22.559","min","153.093","μmol/L","Humid","24.283","deg","136802","µV","26.683","°C","1016.000","hPa","35.9","pmil","0","55.690","deg","20.000","°C","100.000","%a.s.","22.400","deg","20.000","°C","962.000","hPa","0.861","-0.02617","0.00035","0","0","13.56","Humid","35.35","0","78.50","281184.64","SABD0002000014","AAV2.0.0.13","3.0.3.1703","PSt7-10","180509-002","9/13/2019 10:46:52 AM","0000-00","0","no battery","V"
"06/11/2023","11:18:32","9","default","547630319","OXY_CH9","22.575","min","153.067","μmol/L","Humid","24.285","deg","136792","µV","26.683","°C","1016.000","hPa","35.9","pmil","0","55.690","deg","20.000","°C","100.000","%a.s.","22.400","deg","20.000","°C","962.000","hPa","0.861","-0.02617","0.00035","0","0","13.56","Humid","35.35","0","78.50","281189.58","SABD0002000014","AAV2.0.0.13","3.0.3.1703","PSt7-10","180509-002","9/13/2019 10:46:52 AM","0000-00","0","no battery","V"
"06/11/2023","11:18:33","9","default","547630319","OXY_CH9","22.592","min","153.090","μmol/L","Humid","24.281","deg","136781","µV","26.689","°C","1016.000","hPa","35.9","pmil","0","55.690","deg","20.000","°C","100.000","%a.s.","22.400","deg","20.000","°C","962.000","hPa","0.861","-0.02617","0.00035","0","0","13.56","Humid","35.35","0","78.50","281190.07","SABD0002000014","AAV2.0.0.13","3.0.3.1703","PSt7-10","180509-002","9/13/2019 10:46:52 AM","0000-00","0","no battery","V"
"06/11/2023","11:18:34","9","default","547630319","OXY_CH9","22.608","min","153.156","μmol/L","Humid","24.278","deg","136764","µV","26.683","°C","1016.000","hPa","35.9","pmil","0","55.690","deg","20.000","°C","100.000","%a.s.","22.400","deg","20.000","°C","962.000","hPa","0.861","-0.02617","0.00035","0","0","13.56","Humid","35.35","0","78.50","281163.66","SABD0002000014","AAV2.0.0.13","3.0.3.1703","PSt7-10","180509-002","9/13/2019 10:46:52 AM","0000-00","0","no battery","V"
"06/11/2023","11:18:35","9","default","547630319","OXY_CH9","22.625","min","153.169","μmol/L","Humid","24.277","deg","136759","µV","26.683","°C","1016.000","hPa","35.9","pmil","0","55.690","deg","20.000","°C","100.000","%a.s.","22.400","deg","20.000","°C","962.000","hPa","0.861","-0.02617","0.00035","0","0","13.56","Humid","35.35","0","78.50","281186.01","SABD0002000014","AAV2.0.0.13","3.0.3.1703","PSt7-10","180509-002","9/13/2019 10:46:52 AM","0000-00","0","no battery","V"
"06/11/2023","11:18:36","9","default","547630319","OXY_CH9","22.642","min","153.207","μmol/L","Humid","24.274","deg","136738","µV","26.683","°C","1016.000","hPa","35.9","pmil","0","55.690","deg","20.000","°C","100.000","%a.s.","22.400","deg","20.000","°C","962.000","hPa","0.861","-0.02617","0.00035","0","0","13.56","Humid","35.35","0","78.50","281188.35","SABD0002000014","AAV2.0.0.13","3.0.3.1703","PSt7-10","180509-002","9/13/2019 10:46:52 AM","0000-00","0","no battery","V"
"06/11/2023","11:18:37","9","default","547630319","OXY_CH9","22.658","min","153.166","μmol/L","Humid","24.275","deg","136731","µV","26.689","°C","1016.000","hPa","35.9","pmil","0","55.690","deg","20.000","°C","100.000","%a.s.","22.400","deg","20.000","°C","962.000","hPa","0.861","-0.02617","0.00035","0","0","13.56","Humid","35.35","0","78.50","281178.94","SABD0002000014","AAV2.0.0.13","3.0.3.1703","PSt7-10","180509-002","9/13/2019 10:46:52 AM","0000-00","0","no battery","V"
"06/11/2023","11:18:38","9","default","547630319","OXY_CH9","22.675","min","153.232","μmol/L","Humid","24.272","deg","136726","µV","26.683","°C","1016.000","hPa","35.9","pmil","0","55.690","deg","20.000","°C","100.000","%a.s.","22.400","deg","20.000","°C","962.000","hPa","0.861","-0.02617","0.00035","0","0","13.56","Humid","35.35","0","78.50","281181.04","SABD0002000014","AAV2.0.0.13","3.0.3.1703","PSt7-10","180509-002","9/13/2019 10:46:52 AM","0000-00","0","no battery","V"
"06/11/2023","11:18:39","9","default","547630319","OXY_CH9","22.692","min","153.272","μmol/L","Humid","24.271","deg","136719","µV","26.677","°C","1016.000","hPa","35.9","pmil","0","55.690","deg","20.000","°C","100.000","%a.s.","22.400","deg","20.000","°C","962.000","hPa","0.861","-0.02617","0.00035","0","0","13.56","Humid","35.35","0","78.50","281175.93","SABD0002000014","AAV2.0.0.13","3.0.3.1703","PSt7-10","180509-002","9/13/2019 10:46:52 AM","0000-00","0","no battery","V"
"06/11/2023","11:18:40","9","default","547630319","OXY_CH9","22.708","min","153.232","μmol/L","Humid","24.272","deg","136707","µV","26.683","°C","1016.000","hPa","35.9","pmil","0","55.690","deg","20.000","°C","100.000","%a.s.","22.400","deg","20.000","°C","962.000","hPa","0.861","-0.02617","0.00035","0","0","13.56","Humid","35.35","0","78.50","281165.15","SABD0002000014","AAV2.0.0.13","3.0.3.1703","PSt7-10","180509-002","9/13/2019 10:46:52 AM","0000-00","0","no battery","V"
"06/11/2023","11:18:41","9","default","547630319","OXY_CH9","22.725","min","153.308","μmol/L","Humid","24.266","deg","136697","µV","26.683","°C","1016.000","hPa","35.9","pmil","0","55.690","deg","20.000","°C","100.000","%a.s.","22.400","deg","20.000","°C","962.000","hPa","0.861","-0.02617","0.00035","0","0","13.56","Humid","35.35","0","78.50","281179.84","SABD0002000014","AAV2.0.0.13","3.0.3.1703","PSt7-10","180509-002","9/13/2019 10:46:52 AM","0000-00","0","no battery","V"
"06/11/2023","11:18:42","9","default","547630319","OXY_CH9","22.742","min","153.242","μmol/L","Humid","24.269","deg","136700","µV","26.689","°C","1016.000","hPa","35.9","pmil","0","55.690","deg","20.000","°C","100.000","%a.s.","22.400","deg","20.000","°C","962.000","hPa","0.861","-0.02617","0.00035","0","0","13.56","Humid","35.35","0","78.50","281184.79","SABD0002000014","AAV2.0.0.13","3.0.3.1703","PSt7-10","180509-002","9/13/2019 10:46:52 AM","0000-00","0","no battery","V"
"06/11/2023","11:18:43","9","default","547630319","OXY_CH9","22.758","min","153.308","μmol/L","Humid","24.266","deg","136682","µV","26.683","°C","1016.000","hPa","35.9","pmil","0","55.690","deg","20.000","°C","100.000","%a.s.","22.400","deg","20.000","°C","962.000","hPa","0.861","-0.02617","0.00035","0","0","13.56","Humid","35.35","0","78.50","281173.86","SABD0002000014","AAV2.0.0.13","3.0.3.1703","PSt7-10","180509-002","9/13/2019 10:46:52 AM","0000-00","0","no battery","V"
"06/11/2023","11:18:44","9","default","547630319","OXY_CH9","22.775","min","153.277","μmol/L","Humid","24.264","deg","136671","µV","26.695","°C","1016.000","hPa","35.9","pmil","0","55.690","deg","20.000","°C","100.000","%a.s.","22.400","deg","20.000","°C","962.000","hPa","0.861","-0.02617","0.00035","0","0","13.56","Humid","35.35","0","78.50","281173.93","SABD0002000014","AAV2.0.0.13","3.0.3.1703","PSt7-10","180509-002","9/13/2019 10:46:52 AM","0000-00","0","no battery","V"
"06/11/2023","11:18:45","9","default","547630319","OXY_CH9","22.792","min","153.374","μmol/L","Humid","24.263","deg","136667","µV","26.677","°C","1016.000","hPa","35.9","pmil","0","55.690","deg","20.000","°C","100.000","%a.s.","22.400","deg","20.000","°C","962.000","hPa","0.861","-0.02617","0.00035","0","0","13.56","Humid","35.35","0","78.50","281172.30","SABD0002000014","AAV2.0.0.13","3.0.3.1703","PSt7-10","180509-002","9/13/2019 10:46:52 AM","0000-00","0","no battery","V"
"06/11/2023","11:18:46","9","default","547630319","OXY_CH9","22.808","min","153.318","μmol/L","Humid","24.263","deg","136651","µV","26.689","°C","1016.000","hPa","35.9","pmil","0","55.690","deg","20.000","°C","100.000","%a.s.","22.400","deg","20.000","°C","962.000","hPa","0.861","-0.02617","0.00035","0","0","13.56","Humid","35.35","0","78.50","281159.94","SABD0002000014","AAV2.0.0.13","3.0.3.1703","PSt7-10","180509-002","9/13/2019 10:46:52 AM","0000-00","0","no battery","V"
"06/11/2023","11:18:47","9","default","547630319","OXY_CH9","22.825","min","153.396","μmol/L","Humid","24.259","deg","136642","µV","26.683","°C","1016.000","hPa","35.9","pmil","0","55.690","deg","20.000","°C","100.000","%a.s.","22.400","deg","20.000","°C","962.000","hPa","0.861","-0.02617","0.00035","0","0","13.56","Humid","35.35","0","78.50","281166.44","SABD0002000014","AAV2.0.0.13","3.0.3.1703","PSt7-10","180509-002","9/13/2019 10:46:52 AM","0000-00","0","no battery","V"
"06/11/2023","11:18:48","9","default","547630319","OXY_CH9","22.842","min","153.422","μmol/L","Humid","24.257","deg","136636","µV","26.683","°C","1016.000","hPa","35.9","pmil","0","55.690","deg","20.000","°C","100.000","%a.s.","22.400","deg","20.000","°C","962.000","hPa","0.861","-0.02617","0.00035","0","0","13.56","Humid","35.35","0","78.50","281173.54","SABD0002000014","AAV2.0.0.13","3.0.3.1703","PSt7-10","180509-002","9/13/2019 10:46:52 AM","0000-00","0","no battery","V"
"06/11/2023","11:18:49","9","default","547630319","OXY_CH9","22.858","min","153.422","μmol/L","Humid","24.257","deg","136616","µV","26.683","°C","1016.000","hPa","35.9","pmil","0","55.690","deg","20.000","°C","100.000","%a.s.","22.400","deg","20.000","°C","962.000","hPa","0.861","-0.02617","0.00035","0","0","13.56","Humid","35.35","0","78.50","281175.27","SABD0002000014","AAV2.0.0.13","3.0.3.1703","PSt7-10","180509-002","9/13/2019 10:46:52 AM","0000-00","0","no battery","V"
"06/11/2023","11:18:50","9","default","547630319","OXY_CH9","22.875","min","153.419","μmol/L","Humid","24.255","deg","136608","µV","26.689","°C","1016.000","hPa","35.9","pmil","0","55.690","deg","20.000","°C","100.000","%a.s.","22.400","deg","20.000","°C","962.000","hPa","0.861","-0.02617","0.00035","0","0","13.56","Humid","35.35","0","78.50","281162.40","SABD0002000014","AAV2.0.0.13","3.0.3.1703","PSt7-10","180509-002","9/13/2019 10:46:52 AM","0000-00","0","no battery","V"
"06/11/2023","11:18:51","9","default","547630319","OXY_CH9","22.891","min","153.475","μmol/L","Humid","24.255","deg","136597","µV","26.677","°C","1016.000","hPa","35.9","pmil","0","55.690","deg","20.000","°C","100.000","%a.s.","22.400","deg","20.000","°C","962.000","hPa","0.861","-0.02617","0.00035","0","0","13.56","Humid","35.35","0","78.50","281166.96","SABD0002000014","AAV2.0.0.13","3.0.3.1703","PSt7-10","180509-002","9/13/2019 10:46:52 AM","0000-00","0","no battery","V"
"06/11/2023","11:18:52","9","default","547630319","OXY_CH9","22.908","min","153.526","μmol/L","Humid","24.251","deg","136587","µV","26.677","°C","1016.000","hPa","35.9","pmil","0","55.690","deg","20.000","°C","100.000","%a.s.","22.400","deg","20.000","°C","962.000","hPa","0.861","-0.02617","0.00035","0","0","13.56","Humid","35.35","0","78.50","281174.15","SABD0002000014","AAV2.0.0.13","3.0.3.1703","PSt7-10","180509-002","9/13/2019 10:46:52 AM","0000-00","0","no battery","V"
"06/11/2023","11:18:53","9","default","547630319","OXY_CH9","22.924","min","153.498","μmol/L","Humid","24.251","deg","136568","µV","26.683","°C","1016.000","hPa","35.9","pmil","0","55.690","deg","20.000","°C","100.000","%a.s.","22.400","deg","20.000","°C","962.000","hPa","0.861","-0.02617","0.00035","0","0","13.56","Humid","35.35","0","78.50","281169.57","SABD0002000014","AAV2.0.0.13","3.0.3.1703","PSt7-10","180509-002","9/13/2019 10:46:52 AM","0000-00","0","no battery","V"
"06/11/2023","11:18:54","9","default","547630319","OXY_CH9","22.941","min","153.549","μmol/L","Humid","24.247","deg","136556","µV","26.683","°C","1016.000","hPa","35.9","pmil","0","55.690","deg","20.000","°C","100.000","%a.s.","22.400","deg","20.000","°C","962.000","hPa","0.861","-0.02617","0.00035","0","0","13.56","Humid","35.35","0","78.50","281164.39","SABD0002000014","AAV2.0.0.13","3.0.3.1703","PSt7-10","180509-002","9/13/2019 10:46:52 AM","0000-00","0","no battery","V"
"06/11/2023","11:18:55","9","default","547630319","OXY_CH9","22.958","min","153.574","μmol/L","Humid","24.245","deg","136551","µV","26.683","°C","1016.000","hPa","35.9","pmil","0","55.690","deg","20.000","°C","100.000","%a.s.","22.400","deg","20.000","°C","962.000","hPa","0.861","-0.02617","0.00035","0","0","13.56","Humid","35.35","0","78.50","281174.79","SABD0002000014","AAV2.0.0.13","3.0.3.1703","PSt7-10","180509-002","9/13/2019 10:46:52 AM","0000-00","0","no battery","V"
"06/11/2023","11:18:56","9","default","547630319","OXY_CH9","22.974","min","153.587","μmol/L","Humid","24.244","deg","136534","µV","26.683","°C","1016.000","hPa","35.9","pmil","0","55.690","deg","20.000","°C","100.000","%a.s.","22.400","deg","20.000","°C","962.000","hPa","0.861","-0.02617","0.00035","0","0","13.56","Humid","35.35","0","78.50","281149.84","SABD0002000014","AAV2.0.0.13","3.0.3.1703","PSt7-10","180509-002","9/13/2019 10:46:52 AM","0000-00","0","no battery","V"
"06/11/2023","11:18:57","9","default","547630319","OXY_CH9","22.991","min","153.599","μmol/L","Humid","24.243","deg","136528","µV","26.683","°C","1016.000","hPa","35.9","pmil","0","55.690","deg","20.000","°C","100.000","%a.s.","22.400","deg","20.000","°C","962.000","hPa","0.861","-0.02617","0.00035","0","0","13.56","Humid","35.35","0","78.50","281174.28","SABD0002000014","AAV2.0.0.13","3.0.3.1703","PSt7-10","180509-002","9/13/2019 10:46:52 AM","0000-00","0","no battery","V"
"06/11/2023","11:18:58","9","default","547630319","OXY_CH9","23.008","min","153.615","μmol/L","Humid","24.244","deg","136516","µV","26.677","°C","1016.000","hPa","35.9","pmil","0","55.690","deg","20.000","°C","100.000","%a.s.","22.400","deg","20.000","°C","962.000","hPa","0.861","-0.02617","0.00035","0","0","13.56","Humid","35.35","0","78.50","281163.58","SABD0002000014","AAV2.0.0.13","3.0.3.1703","PSt7-10","180509-002","9/13/2019 10:46:52 AM","0000-00","0","no battery","V"
"06/11/2023","11:18:59","9","default","547630319","OXY_CH9","23.025","min","153.622","μmol/L","Humid","24.239","deg","136509","µV","26.689","°C","1016.000","hPa","35.9","pmil","0","55.690","deg","20.000","°C","100.000","%a.s.","22.400","deg","20.000","°C","962.000","hPa","0.861","-0.02617","0.00035","0","0","13.56","Humid","35.35","0","78.50","281168.55","SABD0002000014","AAV2.0.0.13","3.0.3.1703","PSt7-10","180509-002","9/13/2019 10:46:52 AM","0000-00","0","no battery","V"
"06/11/2023","11:19:00","9","default","547630319","OXY_CH9","23.042","min","153.635","μmol/L","Humid","24.238","deg","136499","µV","26.689","°C","1016.000","hPa","35.9","pmil","0","55.690","deg","20.000","°C","100.000","%a.s.","22.400","deg","20.000","°C","962.000","hPa","0.861","-0.02617","0.00035","0","0","13.56","Humid","35.35","0","78.50","281155.33","SABD0002000014","AAV2.0.0.13","3.0.3.1703","PSt7-10","180509-002","9/13/2019 10:46:52 AM","0000-00","0","no battery","V"
"06/11/2023","11:19:01","9","default","547630319","OXY_CH9","23.058","min","153.660","μmol/L","Humid","24.236","deg","136490","µV","26.689","°C","1016.000","hPa","35.9","pmil","0","55.690","deg","20.000","°C","100.000","%a.s.","22.400","deg","20.000","°C","962.000","hPa","0.861","-0.02617","0.00035","0","0","13.56","Humid","35.35","0","78.50","281172.25","SABD0002000014","AAV2.0.0.13","3.0.3.1703","PSt7-10","180509-002","9/13/2019 10:46:52 AM","0000-00","0","no battery","V"
"06/11/2023","11:19:02","9","default","547630319","OXY_CH9","23.075","min","153.739","μmol/L","Humid","24.232","deg","136477","µV","26.683","°C","1016.000","hPa","35.9","pmil","0","55.690","deg","20.000","°C","100.000","%a.s.","22.400","deg","20.000","°C","962.000","hPa","0.861","-0.02617","0.00035","0","0","13.56","Humid","35.35","0","78.50","281174.25","SABD0002000014","AAV2.0.0.13","3.0.3.1703","PSt7-10","180509-002","9/13/2019 10:46:52 AM","0000-00","0","no battery","V"
"06/11/2023","11:19:03","9","default","547630319","OXY_CH9","23.091","min","153.739","μmol/L","Humid","24.232","deg","136462","µV","26.683","°C","1016.000","hPa","35.9","pmil","0","55.690","deg","20.000","°C","100.000","%a.s.","22.400","deg","20.000","°C","962.000","hPa","0.861","-0.02617","0.00035","0","0","13.56","Humid","35.35","0","78.50","281168.60","SABD0002000014","AAV2.0.0.13","3.0.3.1703","PSt7-10","180509-002","9/13/2019 10:46:52 AM","0000-00","0","no battery","V"
"06/11/2023","11:19:04","9","default","547630319","OXY_CH9","23.108","min","153.726","μmol/L","Humid","24.233","deg","136459","µV","26.683","°C","1016.000","hPa","35.9","pmil","0","55.690","deg","20.000","°C","100.000","%a.s.","22.400","deg","20.000","°C","962.000","hPa","0.861","-0.02617","0.00035","0","0","13.56","Humid","35.35","0","78.50","281167.73","SABD0002000014","AAV2.0.0.13","3.0.3.1703","PSt7-10","180509-002","9/13/2019 10:46:52 AM","0000-00","0","no battery","V"
"06/11/2023","11:19:05","9","default","547630319","OXY_CH9","23.124","min","153.805","μmol/L","Humid","24.229","deg","136447","µV","26.677","°C","1016.000","hPa","35.9","pmil","0","55.690","deg","20.000","°C","100.000","%a.s.","22.400","deg","20.000","°C","962.000","hPa","0.861","-0.02617","0.00035","0","0","13.56","Humid","35.35","0","78.50","281176.09","SABD0002000014","AAV2.0.0.13","3.0.3.1703","PSt7-10","180509-002","9/13/2019 10:46:52 AM","0000-00","0","no battery","V"
"06/11/2023","11:19:06","9","default","547630319","OXY_CH9","23.141","min","153.737","μmol/L","Humid","24.230","deg","136434","µV","26.689","°C","1016.000","hPa","35.9","pmil","0","55.690","deg","20.000","°C","100.000","%a.s.","22.400","deg","20.000","°C","962.000","hPa","0.861","-0.02617","0.00035","0","0","13.56","Humid","35.35","0","78.50","281165.31","SABD0002000014","AAV2.0.0.13","3.0.3.1703","PSt7-10","180509-002","9/13/2019 10:46:52 AM","0000-00","0","no battery","V"
"06/11/2023","11:19:07","9","default","547630319","OXY_CH9","23.158","min","153.805","μmol/L","Humid","24.229","deg","136436","µV","26.677","°C","1016.000","hPa","35.9","pmil","0","55.690","deg","20.000","°C","100.000","%a.s.","22.400","deg","20.000","°C","962.000","hPa","0.861","-0.02617","0.00035","0","0","13.56","Humid","35.35","0","78.50","281180.38","SABD0002000014","AAV2.0.0.13","3.0.3.1703","PSt7-10","180509-002","9/13/2019 10:46:52 AM","0000-00","0","no battery","V"
"06/11/2023","11:19:08","9","default","547630319","OXY_CH9","23.175","min","153.841","μmol/L","Humid","24.224","deg","136420","µV","26.683","°C","1016.000","hPa","35.9","pmil","0","55.690","deg","20.000","°C","100.000","%a.s.","22.400","deg","20.000","°C","962.000","hPa","0.861","-0.02617","0.00035","0","0","13.56","Humid","35.35","0","78.50","281162.59","SABD0002000014","AAV2.0.0.13","3.0.3.1703","PSt7-10","180509-002","9/13/2019 10:46:52 AM","0000-00","0","no battery","V"
"06/11/2023","11:19:09","9","default","547630319","OXY_CH9","23.192","min","153.856","μmol/L","Humid","24.225","deg","136409","µV","26.677","°C","1016.000","hPa","35.9","pmil","0","55.690","deg","20.000","°C","100.000","%a.s.","22.400","deg","20.000","°C","962.000","hPa","0.861","-0.02617","0.00035","0","0","13.56","Humid","35.35","0","78.50","281167.13","SABD0002000014","AAV2.0.0.13","3.0.3.1703","PSt7-10","180509-002","9/13/2019 10:46:52 AM","0000-00","0","no battery","V"
"06/11/2023","11:19:10","9","default","547630319","OXY_CH9","23.209","min","153.841","μmol/L","Humid","24.224","deg","136405","µV","26.683","°C","1016.000","hPa","35.9","pmil","0","55.690","deg","20.000","°C","100.000","%a.s.","22.400","deg","20.000","°C","962.000","hPa","0.861","-0.02617","0.00035","0","0","13.56","Humid","35.35","0","78.50","281152.11","SABD0002000014","AAV2.0.0.13","3.0.3.1703","PSt7-10","180509-002","9/13/2019 10:46:52 AM","0000-00","0","no battery","V"
"06/11/2023","11:19:11","9","default","547630319","OXY_CH9","23.225","min","153.881","μmol/L","Humid","24.223","deg","136388","µV","26.677","°C","1016.000","hPa","35.9","pmil","0","55.690","deg","20.000","°C","100.000","%a.s.","22.400","deg","20.000","°C","962.000","hPa","0.861","-0.02617","0.00035","0","0","13.56","Humid","35.35","0","78.50","281156.13","SABD0002000014","AAV2.0.0.13","3.0.3.1703","PSt7-10","180509-002","9/13/2019 10:46:52 AM","0000-00","0","no battery","V"
"06/11/2023","11:19:12","9","default","547630319","OXY_CH9","23.242","min","153.932","μmol/L","Humid","24.219","deg","136382","µV","26.677","°C","1016.000","hPa","35.9","pmil","0","55.690","deg","20.000","°C","100.000","%a.s.","22.400","deg","20.000","°C","962.000","hPa","0.861","-0.02617","0.00035","0","0","13.56","Humid","35.35","0","78.50","281154.95","SABD0002000014","AAV2.0.0.13","3.0.3.1703","PSt7-10","180509-002","9/13/2019 10:46:52 AM","0000-00","0","no battery","V"
"06/11/2023","11:19:13","9","default","547630319","OXY_CH9","23.259","min","153.826","μmol/L","Humid","24.223","deg","136370","µV","26.689","°C","1016.000","hPa","35.9","pmil","0","55.690","deg","20.000","°C","100.000","%a.s.","22.400","deg","20.000","°C","962.000","hPa","0.861","-0.02617","0.00035","0","0","13.56","Humid","35.35","0","78.50","281152.12","SABD0002000014","AAV2.0.0.13","3.0.3.1703","PSt7-10","180509-002","9/13/2019 10:46:52 AM","0000-00","0","no battery","V"
"06/11/2023","11:19:14","9","default","547630319","OXY_CH9","23.275","min","153.864","μmol/L","Humid","24.220","deg","136353","µV","26.689","°C","1016.000","hPa","35.9","pmil","0","55.690","deg","20.000","°C","100.000","%a.s.","22.400","deg","20.000","°C","962.000","hPa","0.861","-0.02617","0.00035","0","0","13.56","Humid","35.35","0","78.50","281139.00","SABD0002000014","AAV2.0.0.13","3.0.3.1703","PSt7-10","180509-002","9/13/2019 10:46:52 AM","0000-00","0","no battery","V"
"06/11/2023","11:19:15","9","default","547630319","OXY_CH9","23.292","min","153.943","μmol/L","Humid","24.216","deg","136344","µV","26.683","°C","1016.000","hPa","35.9","pmil","0","55.690","deg","20.000","°C","100.000","%a.s.","22.400","deg","20.000","°C","962.000","hPa","0.861","-0.02617","0.00035","0","0","13.56","Humid","35.35","0","78.50","281143.84","SABD0002000014","AAV2.0.0.13","3.0.3.1703","PSt7-10","180509-002","9/13/2019 10:46:52 AM","0000-00","0","no battery","V"
"06/11/2023","11:19:16","9","default","547630319","OXY_CH9","23.308","min","153.996","μmol/L","Humid","24.214","deg","136324","µV","26.677","°C","1016.000","hPa","35.9","pmil","0","55.690","deg","20.000","°C","100.000","%a.s.","22.400","deg","20.000","°C","962.000","hPa","0.861","-0.02617","0.00035","0","0","13.56","Humid","35.35","0","78.50","281125.61","SABD0002000014","AAV2.0.0.13","3.0.3.1703","PSt7-10","180509-002","9/13/2019 10:46:52 AM","0000-00","0","no battery","V"
"06/11/2023","11:19:17","9","default","547630319","OXY_CH9","23.325","min","154.009","μmol/L","Humid","24.213","deg","136329","µV","26.677","°C","1016.000","hPa","35.9","pmil","0","55.690","deg","20.000","°C","100.000","%a.s.","22.400","deg","20.000","°C","962.000","hPa","0.861","-0.02617","0.00035","0","0","13.56","Humid","35.35","0","78.50","281143.78","SABD0002000014","AAV2.0.0.13","3.0.3.1703","PSt7-10","180509-002","9/13/2019 10:46:52 AM","0000-00","0","no battery","V"
"06/11/2023","11:19:18","9","default","547630319","OXY_CH9","23.342","min","154.060","μmol/L","Humid","24.209","deg","136321","µV","26.677","°C","1016.000","hPa","35.9","pmil","0","55.690","deg","20.000","°C","100.000","%a.s.","22.400","deg","20.000","°C","962.000","hPa","0.861","-0.02617","0.00035","0","0","13.56","Humid","35.35","0","78.50","281148.91","SABD0002000014","AAV2.0.0.13","3.0.3.1703","PSt7-10","180509-002","9/13/2019 10:46:52 AM","0000-00","0","no battery","V"
"06/11/2023","11:19:19","9","default","547630319","OXY_CH9","23.358","min","153.994","μmol/L","Humid","24.212","deg","136294","µV","26.683","°C","1016.000","hPa","35.9","pmil","0","55.690","deg","20.000","°C","100.000","%a.s.","22.400","deg","20.000","°C","962.000","hPa","0.861","-0.02617","0.00035","0","0","13.56","Humid","35.35","0","78.50","281135.07","SABD0002000014","AAV2.0.0.13","3.0.3.1703","PSt7-10","180509-002","9/13/2019 10:46:52 AM","0000-00","0","no battery","V"
"06/11/2023","11:19:20","9","default","547630319","OXY_CH9","23.375","min","154.083","μmol/L","Humid","24.205","deg","136290","µV","26.683","°C","1016.000","hPa","35.9","pmil","0","55.690","deg","20.000","°C","100.000","%a.s.","22.400","deg","20.000","°C","962.000","hPa","0.861","-0.02617","0.00035","0","0","13.56","Humid","35.35","0","78.50","281150.16","SABD0002000014","AAV2.0.0.13","3.0.3.1703","PSt7-10","180509-002","9/13/2019 10:46:52 AM","0000-00","0","no battery","V"
"06/11/2023","11:19:21","9","default","547630319","OXY_CH9","23.391","min","154.123","μmol/L","Humid","24.204","deg","136274","µV","26.677","°C","1016.000","hPa","35.9","pmil","0","55.690","deg","20.000","°C","100.000","%a.s.","22.400","deg","20.000","°C","962.000","hPa","0.861","-0.02617","0.00035","0","0","13.56","Humid","35.35","0","78.50","281140.75","SABD0002000014","AAV2.0.0.13","3.0.3.1703","PSt7-10","180509-002","9/13/2019 10:46:52 AM","0000-00","0","no battery","V"
"06/11/2023","11:19:22","9","default","547630319","OXY_CH9","23.408","min","154.095","μmol/L","Humid","24.204","deg","136261","µV","26.683","°C","1016.000","hPa","35.9","pmil","0","55.690","deg","20.000","°C","100.000","%a.s.","22.400","deg","20.000","°C","962.000","hPa","0.861","-0.02617","0.00035","0","0","13.56","Humid","35.35","0","78.50","281141.44","SABD0002000014","AAV2.0.0.13","3.0.3.1703","PSt7-10","180509-002","9/13/2019 10:46:52 AM","0000-00","0","no battery","V"
"06/11/2023","11:19:23","9","default","547630319","OXY_CH9","23.425","min","154.108","μmol/L","Humid","24.203","deg","136250","µV","26.683","°C","1016.000","hPa","35.9","pmil","0","55.690","deg","20.000","°C","100.000","%a.s.","22.400","deg","20.000","°C","962.000","hPa","0.861","-0.02617","0.00035","0","0","13.56","Humid","35.35","0","78.50","281142.56","SABD0002000014","AAV2.0.0.13","3.0.3.1703","PSt7-10","180509-002","9/13/2019 10:46:52 AM","0000-00","0","no battery","V"
"06/11/2023","11:19:24","9","default","547630319","OXY_CH9","23.441","min","154.146","μmol/L","Humid","24.200","deg","136241","µV","26.683","°C","1016.000","hPa","35.9","pmil","0","55.690","deg","20.000","°C","100.000","%a.s.","22.400","deg","20.000","°C","962.000","hPa","0.861","-0.02617","0.00035","0","0","13.56","Humid","35.35","0","78.50","281146.00","SABD0002000014","AAV2.0.0.13","3.0.3.1703","PSt7-10","180509-002","9/13/2019 10:46:52 AM","0000-00","0","no battery","V"
"06/11/2023","11:19:25","9","default","547630319","OXY_CH9","23.458","min","154.213","μmol/L","Humid","24.197","deg","136239","µV","26.677","°C","1016.000","hPa","35.9","pmil","0","55.690","deg","20.000","°C","100.000","%a.s.","22.400","deg","20.000","°C","962.000","hPa","0.861","-0.02617","0.00035","0","0","13.56","Humid","35.35","0","78.50","281142.45","SABD0002000014","AAV2.0.0.13","3.0.3.1703","PSt7-10","180509-002","9/13/2019 10:46:52 AM","0000-00","0","no battery","V"
"06/11/2023","11:19:26","9","default","547630319","OXY_CH9","23.475","min","154.238","μmol/L","Humid","24.195","deg","136224","µV","26.677","°C","1016.000","hPa","35.9","pmil","0","55.690","deg","20.000","°C","100.000","%a.s.","22.400","deg","20.000","°C","962.000","hPa","0.861","-0.02617","0.00035","0","0","13.56","Humid","35.35","0","78.50","281141.80","SABD0002000014","AAV2.0.0.13","3.0.3.1703","PSt7-10","180509-002","9/13/2019 10:46:52 AM","0000-00","0","no battery","V"
"06/11/2023","11:19:27","9","default","547630319","OXY_CH9","23.491","min","154.197","μmol/L","Humid","24.196","deg","136213","µV","26.683","°C","1016.000","hPa","35.9","pmil","0","55.690","deg","20.000","°C","100.000","%a.s.","22.400","deg","20.000","°C","962.000","hPa","0.861","-0.02617","0.00035","0","0","13.56","Humid","35.35","0","78.50","281134.88","SABD0002000014","AAV2.0.0.13","3.0.3.1703","PSt7-10","180509-002","9/13/2019 10:46:52 AM","0000-00","0","no battery","V"
"06/11/2023","11:19:28","9","default","547630319","OXY_CH9","23.508","min","154.264","μmol/L","Humid","24.193","deg","136199","µV","26.677","°C","1016.000","hPa","35.9","pmil","0","55.690","deg","20.000","°C","100.000","%a.s.","22.400","deg","20.000","°C","962.000","hPa","0.861","-0.02617","0.00035","0","0","13.56","Humid","35.35","0","78.50","281136.58","SABD0002000014","AAV2.0.0.13","3.0.3.1703","PSt7-10","180509-002","9/13/2019 10:46:52 AM","0000-00","0","no battery","V"
"06/11/2023","11:19:29","9","default","547630319","OXY_CH9","23.525","min","154.248","μmol/L","Humid","24.192","deg","136194","µV","26.683","°C","1016.000","hPa","35.9","pmil","0","55.690","deg","20.000","°C","100.000","%a.s.","22.400","deg","20.000","°C","962.000","hPa","0.861","-0.02617","0.00035","0","0","13.56","Humid","35.35","0","78.50","281156.11","SABD0002000014","AAV2.0.0.13","3.0.3.1703","PSt7-10","180509-002","9/13/2019 10:46:52 AM","0000-00","0","no battery","V"
"06/11/2023","11:19:30","9","default","547630319","OXY_CH9","23.541","min","154.223","μmol/L","Humid","24.194","deg","136180","µV","26.683","°C","1016.000","hPa","35.9","pmil","0","55.690","deg","20.000","°C","100.000","%a.s.","22.400","deg","20.000","°C","962.000","hPa","0.861","-0.02617","0.00035","0","0","13.56","Humid","35.35","0","78.50","281135.30","SABD0002000014","AAV2.0.0.13","3.0.3.1703","PSt7-10","180509-002","9/13/2019 10:46:52 AM","0000-00","0","no battery","V"
"06/11/2023","11:19:31","9","default","547630319","OXY_CH9","23.558","min","154.261","μmol/L","Humid","24.191","deg","136175","µV","26.683","°C","1016.000","hPa","35.9","pmil","0","55.690","deg","20.000","°C","100.000","%a.s.","22.400","deg","20.000","°C","962.000","hPa","0.861","-0.02617","0.00035","0","0","13.56","Humid","35.35","0","78.50","281146.16","SABD0002000014","AAV2.0.0.13","3.0.3.1703","PSt7-10","180509-002","9/13/2019 10:46:52 AM","0000-00","0","no battery","V"
"06/11/2023","11:19:32","9","default","547630319","OXY_CH9","23.575","min","154.271","μmol/L","Humid","24.188","deg","136162","µV","26.689","°C","1016.000","hPa","35.9","pmil","0","55.690","deg","20.000","°C","100.000","%a.s.","22.400","deg","20.000","°C","962.000","hPa","0.861","-0.02617","0.00035","0","0","13.56","Humid","35.35","0","78.50","281144.42","SABD0002000014","AAV2.0.0.13","3.0.3.1703","PSt7-10","180509-002","9/13/2019 10:46:52 AM","0000-00","0","no battery","V"
"06/11/2023","11:19:33","9","default","547630319","OXY_CH9","23.592","min","154.338","μmol/L","Humid","24.185","deg","136154","µV","26.683","°C","1016.000","hPa","35.9","pmil","0","55.690","deg","20.000","°C","100.000","%a.s.","22.400","deg","20.000","°C","962.000","hPa","0.861","-0.02617","0.00035","0","0","13.56","Humid","35.35","0","78.50","281159.26","SABD0002000014","AAV2.0.0.13","3.0.3.1703","PSt7-10","180509-002","9/13/2019 10:46:52 AM","0000-00","0","no battery","V"
"06/11/2023","11:19:34","9","default","547630319","OXY_CH9","23.608","min","154.325","μmol/L","Humid","24.186","deg","136138","µV","26.683","°C","1016.000","hPa","35.9","pmil","0","55.690","deg","20.000","°C","100.000","%a.s.","22.400","deg","20.000","°C","962.000","hPa","0.861","-0.02617","0.00035","0","0","13.56","Humid","35.35","0","78.50","281146.31","SABD0002000014","AAV2.0.0.13","3.0.3.1703","PSt7-10","180509-002","9/13/2019 10:46:52 AM","0000-00","0","no battery","V"
"06/11/2023","11:19:35","9","default","547630319","OXY_CH9","23.625","min","154.338","μmol/L","Humid","24.185","deg","136124","µV","26.683","°C","1016.000","hPa","35.9","pmil","0","55.690","deg","20.000","°C","100.000","%a.s.","22.400","deg","20.000","°C","962.000","hPa","0.861","-0.02617","0.00035","0","0","13.56","Humid","35.35","0","78.50","281141.88","SABD0002000014","AAV2.0.0.13","3.0.3.1703","PSt7-10","180509-002","9/13/2019 10:46:52 AM","0000-00","0","no battery","V"
"06/11/2023","11:19:36","9","default","547630319","OXY_CH9","23.641","min","154.402","μmol/L","Humid","24.180","deg","136113","µV","26.683","°C","1016.000","hPa","35.9","pmil","0","55.690","deg","20.000","°C","100.000","%a.s.","22.400","deg","20.000","°C","962.000","hPa","0.861","-0.02617","0.00035","0","0","13.56","Humid","35.35","0","78.50","281136.01","SABD0002000014","AAV2.0.0.13","3.0.3.1703","PSt7-10","180509-002","9/13/2019 10:46:52 AM","0000-00","0","no battery","V"
"06/11/2023","11:19:37","9","default","547630319","OXY_CH9","23.658","min","154.402","μmol/L","Humid","24.180","deg","136109","µV","26.683","°C","1016.000","hPa","35.9","pmil","0","55.690","deg","20.000","°C","100.000","%a.s.","22.400","deg","20.000","°C","962.000","hPa","0.861","-0.02617","0.00035","0","0","13.56","Humid","35.35","0","78.50","281140.37","SABD0002000014","AAV2.0.0.13","3.0.3.1703","PSt7-10","180509-002","9/13/2019 10:46:52 AM","0000-00","0","no battery","V"
"06/11/2023","11:19:38","9","default","547630319","OXY_CH9","23.675","min","154.386","μmol/L","Humid","24.179","deg","136087","µV","26.689","°C","1016.000","hPa","35.9","pmil","0","55.690","deg","20.000","°C","100.000","%a.s.","22.400","deg","20.000","°C","962.000","hPa","0.861","-0.02617","0.00035","0","0","13.56","Humid","35.35","0","78.50","281124.29","SABD0002000014","AAV2.0.0.13","3.0.3.1703","PSt7-10","180509-002","9/13/2019 10:46:52 AM","0000-00","0","no battery","V"
"06/11/2023","11:19:39","9","default","547630319","OXY_CH9","23.692","min","154.468","μmol/L","Humid","24.177","deg","136089","µV","26.677","°C","1016.000","hPa","35.9","pmil","0","55.690","deg","20.000","°C","100.000","%a.s.","22.400","deg","20.000","°C","962.000","hPa","0.861","-0.02617","0.00035","0","0","13.56","Humid","35.35","0","78.50","281148.22","SABD0002000014","AAV2.0.0.13","3.0.3.1703","PSt7-10","180509-002","9/13/2019 10:46:52 AM","0000-00","0","no battery","V"
"06/11/2023","11:19:40","9","default","547630319","OXY_CH9","23.709","min","154.440","μmol/L","Humid","24.177","deg","136073","µV","26.683","°C","1016.000","hPa","35.9","pmil","0","55.690","deg","20.000","°C","100.000","%a.s.","22.400","deg","20.000","°C","962.000","hPa","0.861","-0.02617","0.00035","0","0","13.56","Humid","35.35","0","78.50","281131.26","SABD0002000014","AAV2.0.0.13","3.0.3.1703","PSt7-10","180509-002","9/13/2019 10:46:52 AM","0000-00","0","no battery","V"
"06/11/2023","11:19:41","9","default","547630319","OXY_CH9","23.725","min","154.491","μmol/L","Humid","24.173","deg","136067","µV","26.683","°C","1016.000","hPa","35.9","pmil","0","55.690","deg","20.000","°C","100.000","%a.s.","22.400","deg","20.000","°C","962.000","hPa","0.861","-0.02617","0.00035","0","0","13.56","Humid","35.35","0","78.50","281135.55","SABD0002000014","AAV2.0.0.13","3.0.3.1703","PSt7-10","180509-002","9/13/2019 10:46:52 AM","0000-00","0","no battery","V"
"06/11/2023","11:19:42","9","default","547630319","OXY_CH9","23.742","min","154.517","μmol/L","Humid","24.171","deg","136054","µV","26.683","°C","1016.000","hPa","35.9","pmil","0","55.690","deg","20.000","°C","100.000","%a.s.","22.400","deg","20.000","°C","962.000","hPa","0.861","-0.02617","0.00035","0","0","13.56","Humid","35.35","0","78.50","281142.13","SABD0002000014","AAV2.0.0.13","3.0.3.1703","PSt7-10","180509-002","9/13/2019 10:46:52 AM","0000-00","0","no battery","V"
"06/11/2023","11:19:43","9","default","547630319","OXY_CH9","23.758","min","154.570","μmol/L","Humid","24.169","deg","136042","µV","26.677","°C","1016.000","hPa","35.9","pmil","0","55.690","deg","20.000","°C","100.000","%a.s.","22.400","deg","20.000","°C","962.000","hPa","0.861","-0.02617","0.00035","0","0","13.56","Humid","35.35","0","78.50","281130.92","SABD0002000014","AAV2.0.0.13","3.0.3.1703","PSt7-10","180509-002","9/13/2019 10:46:52 AM","0000-00","0","no battery","V"
"06/11/2023","11:19:44","9","default","547630319","OXY_CH9","23.775","min","154.568","μmol/L","Humid","24.167","deg","136037","µV","26.683","°C","1016.000","hPa","35.9","pmil","0","55.690","deg","20.000","°C","100.000","%a.s.","22.400","deg","20.000","°C","962.000","hPa","0.861","-0.02617","0.00035","0","0","13.56","Humid","35.35","0","78.50","281125.65","SABD0002000014","AAV2.0.0.13","3.0.3.1703","PSt7-10","180509-002","9/13/2019 10:46:52 AM","0000-00","0","no battery","V"
"06/11/2023","11:19:45","9","default","547630319","OXY_CH9","23.792","min","154.540","μmol/L","Humid","24.167","deg","136022","µV","26.689","°C","1016.000","hPa","35.9","pmil","0","55.690","deg","20.000","°C","100.000","%a.s.","22.400","deg","20.000","°C","962.000","hPa","0.861","-0.02617","0.00035","0","0","13.56","Humid","35.35","0","78.50","281131.65","SABD0002000014","AAV2.0.0.13","3.0.3.1703","PSt7-10","180509-002","9/13/2019 10:46:52 AM","0000-00","0","no battery","V"
"06/11/2023","11:19:46","9","default","547630319","OXY_CH9","23.808","min","154.581","μmol/L","Humid","24.166","deg","136009","µV","26.683","°C","1016.000","hPa","35.9","pmil","0","55.690","deg","20.000","°C","100.000","%a.s.","22.400","deg","20.000","°C","962.000","hPa","0.861","-0.02617","0.00035","0","0","13.56","Humid","35.35","0","78.50","281120.97","SABD0002000014","AAV2.0.0.13","3.0.3.1703","PSt7-10","180509-002","9/13/2019 10:46:52 AM","0000-00","0","no battery","V"
"06/11/2023","11:19:47","9","default","547630319","OXY_CH9","23.825","min","154.619","μmol/L","Humid","24.163","deg","136009","µV","26.683","°C","1016.000","hPa","35.9","pmil","0","55.690","deg","20.000","°C","100.000","%a.s.","22.400","deg","20.000","°C","962.000","hPa","0.861","-0.02617","0.00035","0","0","13.56","Humid","35.35","0","78.50","281141.59","SABD0002000014","AAV2.0.0.13","3.0.3.1703","PSt7-10","180509-002","9/13/2019 10:46:52 AM","0000-00","0","no battery","V"
"06/11/2023","11:19:48","9","default","547630319","OXY_CH9","23.842","min","154.647","μmol/L","Humid","24.163","deg","135999","µV","26.677","°C","1016.000","hPa","35.9","pmil","0","55.690","deg","20.000","°C","100.000","%a.s.","22.400","deg","20.000","°C","962.000","hPa","0.861","-0.02617","0.00035","0","0","13.56","Humid","35.35","0","78.50","281128.97","SABD0002000014","AAV2.0.0.13","3.0.3.1703","PSt7-10","180509-002","9/13/2019 10:46:52 AM","0000-00","0","no battery","V"
"06/11/2023","11:19:49","9","default","547630319","OXY_CH9","23.858","min","154.685","μmol/L","Humid","24.160","deg","135980","µV","26.677","°C","1016.000","hPa","35.9","pmil","0","55.690","deg","20.000","°C","100.000","%a.s.","22.400","deg","20.000","°C","962.000","hPa","0.861","-0.02617","0.00035","0","0","13.56","Humid","35.35","0","78.50","281121.22","SABD0002000014","AAV2.0.0.13","3.0.3.1703","PSt7-10","180509-002","9/13/2019 10:46:52 AM","0000-00","0","no battery","V"
"06/11/2023","11:19:50","9","default","547630319","OXY_CH9","23.875","min","154.696","μmol/L","Humid","24.157","deg","135977","µV","26.683","°C","1016.000","hPa","35.9","pmil","0","55.690","deg","20.000","°C","100.000","%a.s.","22.400","deg","20.000","°C","962.000","hPa","0.861","-0.02617","0.00035","0","0","13.56","Humid","35.35","0","78.50","281133.44","SABD0002000014","AAV2.0.0.13","3.0.3.1703","PSt7-10","180509-002","9/13/2019 10:46:52 AM","0000-00","0","no battery","V"
"06/11/2023","11:19:51","9","default","547630319","OXY_CH9","23.892","min","154.706","μmol/L","Humid","24.154","deg","135961","µV","26.689","°C","1016.000","hPa","35.9","pmil","0","55.690","deg","20.000","°C","100.000","%a.s.","22.400","deg","20.000","°C","962.000","hPa","0.861","-0.02617","0.00035","0","0","13.56","Humid","35.35","0","78.50","281138.92","SABD0002000014","AAV2.0.0.13","3.0.3.1703","PSt7-10","180509-002","9/13/2019 10:46:52 AM","0000-00","0","no battery","V"
"06/11/2023","11:19:52","9","default","547630319","OXY_CH9","23.908","min","154.734","μmol/L","Humid","24.154","deg","135942","µV","26.683","°C","1016.000","hPa","35.9","pmil","0","55.690","deg","20.000","°C","100.000","%a.s.","22.400","deg","20.000","°C","962.000","hPa","0.861","-0.02617","0.00035","0","0","13.56","Humid","35.35","0","78.50","281121.03","SABD0002000014","AAV2.0.0.13","3.0.3.1703","PSt7-10","180509-002","9/13/2019 10:46:52 AM","0000-00","0","no battery","V"
"06/11/2023","11:19:53","9","default","547630319","OXY_CH9","23.925","min","154.737","μmol/L","Humid","24.156","deg","135948","µV","26.677","°C","1016.000","hPa","35.9","pmil","0","55.690","deg","20.000","°C","100.000","%a.s.","22.400","deg","20.000","°C","962.000","hPa","0.861","-0.02617","0.00035","0","0","13.56","Humid","35.35","0","78.50","281137.97","SABD0002000014","AAV2.0.0.13","3.0.3.1703","PSt7-10","180509-002","9/13/2019 10:46:52 AM","0000-00","0","no battery","V"
"06/11/2023","11:19:54","9","default","547630319","OXY_CH9","23.942","min","154.788","μmol/L","Humid","24.152","deg","135937","µV","26.677","°C","1016.000","hPa","35.9","pmil","0","55.690","deg","20.000","°C","100.000","%a.s.","22.400","deg","20.000","°C","962.000","hPa","0.861","-0.02617","0.00035","0","0","13.56","Humid","35.35","0","78.50","281137.59","SABD0002000014","AAV2.0.0.13","3.0.3.1703","PSt7-10","180509-002","9/13/2019 10:46:52 AM","0000-00","0","no battery","V"
"06/11/2023","11:19:55","9","default","547630319","OXY_CH9","23.958","min","154.773","μmol/L","Humid","24.151","deg","135920","µV","26.683","°C","1016.000","hPa","35.9","pmil","0","55.690","deg","20.000","°C","100.000","%a.s.","22.400","deg","20.000","°C","962.000","hPa","0.861","-0.02617","0.00035","0","0","13.56","Humid","35.35","0","78.50","281135.78","SABD0002000014","AAV2.0.0.13","3.0.3.1703","PSt7-10","180509-002","9/13/2019 10:46:52 AM","0000-00","0","no battery","V"
"06/11/2023","11:19:56","9","default","547630319","OXY_CH9","23.975","min","154.852","μmol/L","Humid","24.147","deg","135909","µV","26.677","°C","1016.000","hPa","35.9","pmil","0","55.690","deg","20.000","°C","100.000","%a.s.","22.400","deg","20.000","°C","962.000","hPa","0.861","-0.02617","0.00035","0","0","13.56","Humid","35.35","0","78.50","281127.67","SABD0002000014","AAV2.0.0.13","3.0.3.1703","PSt7-10","180509-002","9/13/2019 10:46:52 AM","0000-00","0","no battery","V"
"06/11/2023","11:19:57","9","default","547630319","OXY_CH9","23.992","min","154.837","μmol/L","Humid","24.146","deg","135902","µV","26.683","°C","1016.000","hPa","35.9","pmil","0","55.690","deg","20.000","°C","100.000","%a.s.","22.400","deg","20.000","°C","962.000","hPa","0.861","-0.02617","0.00035","0","0","13.56","Humid","35.35","0","78.50","281123.23","SABD0002000014","AAV2.0.0.13","3.0.3.1703","PSt7-10","180509-002","9/13/2019 10:46:52 AM","0000-00","0","no battery","V"
"06/11/2023","11:19:58","9","default","547630319","OXY_CH9","24.008","min","154.824","μmol/L","Humid","24.147","deg","135897","µV","26.683","°C","1016.000","hPa","35.9","pmil","0","55.690","deg","20.000","°C","100.000","%a.s.","22.400","deg","20.000","°C","962.000","hPa","0.861","-0.02617","0.00035","0","0","13.56","Humid","35.35","0","78.50","281129.28","SABD0002000014","AAV2.0.0.13","3.0.3.1703","PSt7-10","180509-002","9/13/2019 10:46:52 AM","0000-00","0","no battery","V"
"06/11/2023","11:19:59","9","default","547630319","OXY_CH9","24.025","min","154.865","μmol/L","Humid","24.146","deg","135886","µV","26.677","°C","1016.000","hPa","35.9","pmil","0","55.690","deg","20.000","°C","100.000","%a.s.","22.400","deg","20.000","°C","962.000","hPa","0.861","-0.02617","0.00035","0","0","13.56","Humid","35.35","0","78.50","281127.42","SABD0002000014","AAV2.0.0.13","3.0.3.1703","PSt7-10","180509-002","9/13/2019 10:46:52 AM","0000-00","0","no battery","V"
"06/11/2023","11:20:00","9","default","547630319","OXY_CH9","24.041","min","154.847","μmol/L","Humid","24.143","deg","135873","µV","26.689","°C","1016.000","hPa","35.9","pmil","0","55.690","deg","20.000","°C","100.000","%a.s.","22.400","deg","20.000","°C","962.000","hPa","0.861","-0.02617","0.00035","0","0","13.56","Humid","35.35","0","78.50","281134.50","SABD0002000014","AAV2.0.0.13","3.0.3.1703","PSt7-10","180509-002","9/13/2019 10:46:52 AM","0000-00","0","no battery","V"
"06/11/2023","11:20:01","9","default","547630319","OXY_CH9","24.058","min","154.875","μmol/L","Humid","24.143","deg","135869","µV","26.683","°C","1016.000","hPa","35.9","pmil","0","55.690","deg","20.000","°C","100.000","%a.s.","22.400","deg","20.000","°C","962.000","hPa","0.861","-0.02617","0.00035","0","0","13.56","Humid","35.35","0","78.50","281127.97","SABD0002000014","AAV2.0.0.13","3.0.3.1703","PSt7-10","180509-002","9/13/2019 10:46:52 AM","0000-00","0","no battery","V"
"06/11/2023","11:20:02","9","default","547630319","OXY_CH9","24.075","min","154.939","μmol/L","Humid","24.138","deg","135859","µV","26.683","°C","1016.000","hPa","35.9","pmil","0","55.690","deg","20.000","°C","100.000","%a.s.","22.400","deg","20.000","°C","962.000","hPa","0.861","-0.02617","0.00035","0","0","13.56","Humid","35.35","0","78.50","281133.69","SABD0002000014","AAV2.0.0.13","3.0.3.1703","PSt7-10","180509-002","9/13/2019 10:46:52 AM","0000-00","0","no battery","V"
"06/11/2023","11:20:03","9","default","547630319","OXY_CH9","24.092","min","154.939","μmol/L","Humid","24.138","deg","135851","µV","26.683","°C","1016.000","hPa","35.9","pmil","0","55.690","deg","20.000","°C","100.000","%a.s.","22.400","deg","20.000","°C","962.000","hPa","0.861","-0.02617","0.00035","0","0","13.56","Humid","35.35","0","78.50","281139.21","SABD0002000014","AAV2.0.0.13","3.0.3.1703","PSt7-10","180509-002","9/13/2019 10:46:52 AM","0000-00","0","no battery","V"
"06/11/2023","11:20:04","9","default","547630319","OXY_CH9","24.108","min","154.952","μmol/L","Humid","24.137","deg","135834","µV","26.683","°C","1016.000","hPa","35.9","pmil","0","55.690","deg","20.000","°C","100.000","%a.s.","22.400","deg","20.000","°C","962.000","hPa","0.861","-0.02617","0.00035","0","0","13.56","Humid","35.35","0","78.50","281124.15","SABD0002000014","AAV2.0.0.13","3.0.3.1703","PSt7-10","180509-002","9/13/2019 10:46:52 AM","0000-00","0","no battery","V"
"06/11/2023","11:20:05","9","default","547630319","OXY_CH9","24.125","min","154.952","μmol/L","Humid","24.137","deg","135821","µV","26.683","°C","1016.000","hPa","35.9","pmil","0","55.690","deg","20.000","°C","100.000","%a.s.","22.400","deg","20.000","°C","962.000","hPa","0.861","-0.02617","0.00035","0","0","13.56","Humid","35.35","0","78.50","281125.62","SABD0002000014","AAV2.0.0.13","3.0.3.1703","PSt7-10","180509-002","9/13/2019 10:46:52 AM","0000-00","0","no battery","V"
"06/11/2023","11:20:06","9","default","547630319","OXY_CH9","24.142","min","155.016","μmol/L","Humid","24.132","deg","135811","µV","26.683","°C","1016.000","hPa","35.9","pmil","0","55.690","deg","20.000","°C","100.000","%a.s.","22.400","deg","20.000","°C","962.000","hPa","0.861","-0.02617","0.00035","0","0","13.56","Humid","35.35","0","78.50","281138.38","SABD0002000014","AAV2.0.0.13","3.0.3.1703","PSt7-10","180509-002","9/13/2019 10:46:52 AM","0000-00","0","no battery","V"
"06/11/2023","11:20:07","9","default","547630319","OXY_CH9","24.158","min","155.055","μmol/L","Humid","24.129","deg","135801","µV","26.683","°C","1016.000","hPa","35.9","pmil","0","55.690","deg","20.000","°C","100.000","%a.s.","22.400","deg","20.000","°C","962.000","hPa","0.861","-0.02617","0.00035","0","0","13.56","Humid","35.35","0","78.50","281125.51","SABD0002000014","AAV2.0.0.13","3.0.3.1703","PSt7-10","180509-002","9/13/2019 10:46:52 AM","0000-00","0","no battery","V"
"06/11/2023","11:20:08","9","default","547630319","OXY_CH9","24.175","min","155.014","μmol/L","Humid","24.130","deg","135795","µV","26.689","°C","1016.000","hPa","35.9","pmil","0","55.690","deg","20.000","°C","100.000","%a.s.","22.400","deg","20.000","°C","962.000","hPa","0.861","-0.02617","0.00035","0","0","13.56","Humid","35.35","0","78.50","281131.50","SABD0002000014","AAV2.0.0.13","3.0.3.1703","PSt7-10","180509-002","9/13/2019 10:46:52 AM","0000-00","0","no battery","V"
"06/11/2023","11:20:09","9","default","547630319","OXY_CH9","24.192","min","155.042","μmol/L","Humid","24.130","deg","135780","µV","26.683","°C","1016.000","hPa","35.9","pmil","0","55.690","deg","20.000","°C","100.000","%a.s.","22.400","deg","20.000","°C","962.000","hPa","0.861","-0.02617","0.00035","0","0","13.56","Humid","35.35","0","78.50","281123.81","SABD0002000014","AAV2.0.0.13","3.0.3.1703","PSt7-10","180509-002","9/13/2019 10:46:52 AM","0000-00","0","no battery","V"
"06/11/2023","11:20:10","9","default","547630319","OXY_CH9","24.208","min","155.068","μmol/L","Humid","24.128","deg","135774","µV","26.683","°C","1016.000","hPa","35.9","pmil","0","55.690","deg","20.000","°C","100.000","%a.s.","22.400","deg","20.000","°C","962.000","hPa","0.861","-0.02617","0.00035","0","0","13.56","Humid","35.35","0","78.50","281126.21","SABD0002000014","AAV2.0.0.13","3.0.3.1703","PSt7-10","180509-002","9/13/2019 10:46:52 AM","0000-00","0","no battery","V"
"06/11/2023","11:20:11","9","default","547630319","OXY_CH9","24.225","min","155.052","μmol/L","Humid","24.127","deg","135767","µV","26.689","°C","1016.000","hPa","35.9","pmil","0","55.690","deg","20.000","°C","100.000","%a.s.","22.400","deg","20.000","°C","962.000","hPa","0.861","-0.02617","0.00035","0","0","13.56","Humid","35.35","0","78.50","281140.09","SABD0002000014","AAV2.0.0.13","3.0.3.1703","PSt7-10","180509-002","9/13/2019 10:46:52 AM","0000-00","0","no battery","V"
"06/11/2023","11:20:12","9","default","547630319","OXY_CH9","24.241","min","155.145","μmol/L","Humid","24.122","deg","135746","µV","26.683","°C","1016.000","hPa","35.9","pmil","0","55.690","deg","20.000","°C","100.000","%a.s.","22.400","deg","20.000","°C","962.000","hPa","0.861","-0.02617","0.00035","0","0","13.56","Humid","35.35","0","78.50","281119.07","SABD0002000014","AAV2.0.0.13","3.0.3.1703","PSt7-10","180509-002","9/13/2019 10:46:52 AM","0000-00","0","no battery","V"
"06/11/2023","11:20:13","9","default","547630319","OXY_CH9","24.258","min","155.091","μmol/L","Humid","24.124","deg","135736","µV","26.689","°C","1016.000","hPa","35.9","pmil","0","55.690","deg","20.000","°C","100.000","%a.s.","22.400","deg","20.000","°C","962.000","hPa","0.861","-0.02617","0.00035","0","0","13.56","Humid","35.35","0","78.50","281126.90","SABD0002000014","AAV2.0.0.13","3.0.3.1703","PSt7-10","180509-002","9/13/2019 10:46:52 AM","0000-00","0","no battery","V"
"06/11/2023","11:20:14","9","default","547630319","OXY_CH9","24.275","min","155.199","μmol/L","Humid","24.120","deg","135732","µV","26.677","°C","1016.000","hPa","35.9","pmil","0","55.690","deg","20.000","°C","100.000","%a.s.","22.400","deg","20.000","°C","962.000","hPa","0.861","-0.02617","0.00035","0","0","13.56","Humid","35.35","0","78.50","281128.37","SABD0002000014","AAV2.0.0.13","3.0.3.1703","PSt7-10","180509-002","9/13/2019 10:46:52 AM","0000-00","0","no battery","V"
"06/11/2023","11:20:15","9","default","547630319","OXY_CH9","24.292","min","155.183","μmol/L","Humid","24.119","deg","135718","µV","26.683","°C","1016.000","hPa","35.9","pmil","0","55.690","deg","20.000","°C","100.000","%a.s.","22.400","deg","20.000","°C","962.000","hPa","0.861","-0.02617","0.00035","0","0","13.56","Humid","35.35","0","78.50","281132.53","SABD0002000014","AAV2.0.0.13","3.0.3.1703","PSt7-10","180509-002","9/13/2019 10:46:52 AM","0000-00","0","no battery","V"
"06/11/2023","11:20:16","9","default","547630319","OXY_CH9","24.308","min","155.181","μmol/L","Humid","24.117","deg","135701","µV","26.689","°C","1016.000","hPa","35.9","pmil","0","55.690","deg","20.000","°C","100.000","%a.s.","22.400","deg","20.000","°C","962.000","hPa","0.861","-0.02617","0.00035","0","0","13.56","Humid","35.35","0","78.50","281112.45","SABD0002000014","AAV2.0.0.13","3.0.3.1703","PSt7-10","180509-002","9/13/2019 10:46:52 AM","0000-00","0","no battery","V"
"06/11/2023","11:20:17","9","default","547630319","OXY_CH9","24.325","min","155.224","μmol/L","Humid","24.118","deg","135688","µV","26.677","°C","1016.000","hPa","35.9","pmil","0","55.690","deg","20.000","°C","100.000","%a.s.","22.400","deg","20.000","°C","962.000","hPa","0.861","-0.02617","0.00035","0","0","13.56","Humid","35.35","0","78.50","281115.67","SABD0002000014","AAV2.0.0.13","3.0.3.1703","PSt7-10","180509-002","9/13/2019 10:46:52 AM","0000-00","0","no battery","V"
"06/11/2023","11:20:18","9","default","547630319","OXY_CH9","24.341","min","155.289","μmol/L","Humid","24.113","deg","135683","µV","26.677","°C","1016.000","hPa","35.9","pmil","0","55.690","deg","20.000","°C","100.000","%a.s.","22.400","deg","20.000","°C","962.000","hPa","0.861","-0.02617","0.00035","0","0","13.56","Humid","35.35","0","78.50","281118.58","SABD0002000014","AAV2.0.0.13","3.0.3.1703","PSt7-10","180509-002","9/13/2019 10:46:52 AM","0000-00","0","no battery","V"
"06/11/2023","11:20:19","9","default","547630319","OXY_CH9","24.358","min","155.304","μmol/L","Humid","24.114","deg","135666","µV","26.670","°C","1016.000","hPa","35.9","pmil","0","55.690","deg","20.000","°C","100.000","%a.s.","22.400","deg","20.000","°C","962.000","hPa","0.861","-0.02617","0.00035","0","0","13.56","Humid","35.35","0","78.50","281123.16","SABD0002000014","AAV2.0.0.13","3.0.3.1703","PSt7-10","180509-002","9/13/2019 10:46:52 AM","0000-00","0","no battery","V"
"06/11/2023","11:20:20","9","default","547630319","OXY_CH9","24.375","min","155.312","μmol/L","Humid","24.109","deg","135668","µV","26.683","°C","1016.000","hPa","35.9","pmil","0","55.690","deg","20.000","°C","100.000","%a.s.","22.400","deg","20.000","°C","962.000","hPa","0.861","-0.02617","0.00035","0","0","13.56","Humid","35.35","0","78.50","281121.46","SABD0002000014","AAV2.0.0.13","3.0.3.1703","PSt7-10","180509-002","9/13/2019 10:46:52 AM","0000-00","0","no battery","V"
"06/11/2023","11:20:21","9","default","547630319","OXY_CH9","24.391","min","155.286","μmol/L","Humid","24.111","deg","135652","µV","26.683","°C","1016.000","hPa","35.9","pmil","0","55.690","deg","20.000","°C","100.000","%a.s.","22.400","deg","20.000","°C","962.000","hPa","0.861","-0.02617","0.00035","0","0","13.56","Humid","35.35","0","78.50","281111.56","SABD0002000014","AAV2.0.0.13","3.0.3.1703","PSt7-10","180509-002","9/13/2019 10:46:52 AM","0000-00","0","no battery","V"
"06/11/2023","11:20:22","9","default","547630319","OXY_CH9","24.408","min","155.299","μmol/L","Humid","24.110","deg","135647","µV","26.683","°C","1016.000","hPa","35.9","pmil","0","55.690","deg","20.000","°C","100.000","%a.s.","22.400","deg","20.000","°C","962.000","hPa","0.861","-0.02617","0.00035","0","0","13.56","Humid","35.35","0","78.50","281109.73","SABD0002000014","AAV2.0.0.13","3.0.3.1703","PSt7-10","180509-002","9/13/2019 10:46:52 AM","0000-00","0","no battery","V"
"06/11/2023","11:20:23","9","default","547630319","OXY_CH9","24.425","min","155.340","μmol/L","Humid","24.109","deg","135638","µV","26.677","°C","1016.000","hPa","35.9","pmil","0","55.690","deg","20.000","°C","100.000","%a.s.","22.400","deg","20.000","°C","962.000","hPa","0.861","-0.02617","0.00035","0","0","13.56","Humid","35.35","0","78.50","281116.92","SABD0002000014","AAV2.0.0.13","3.0.3.1703","PSt7-10","180509-002","9/13/2019 10:46:52 AM","0000-00","0","no battery","V"
"06/11/2023","11:20:24","9","default","547630319","OXY_CH9","24.441","min","155.379","μmol/L","Humid","24.106","deg","135625","µV","26.677","°C","1016.000","hPa","35.9","pmil","0","55.690","deg","20.000","°C","100.000","%a.s.","22.400","deg","20.000","°C","962.000","hPa","0.861","-0.02617","0.00035","0","0","13.56","Humid","35.35","0","78.50","281101.84","SABD0002000014","AAV2.0.0.13","3.0.3.1703","PSt7-10","180509-002","9/13/2019 10:46:52 AM","0000-00","0","no battery","V"
"06/11/2023","11:20:25","9","default","547630319","OXY_CH9","24.458","min","155.389","μmol/L","Humid","24.103","deg","135620","µV","26.683","°C","1016.000","hPa","35.9","pmil","0","55.690","deg","20.000","°C","100.000","%a.s.","22.400","deg","20.000","°C","962.000","hPa","0.861","-0.02617","0.00035","0","0","13.56","Humid","35.35","0","78.50","281110.68","SABD0002000014","AAV2.0.0.13","3.0.3.1703","PSt7-10","180509-002","9/13/2019 10:46:52 AM","0000-00","0","no battery","V"
"06/11/2023","11:20:26","9","default","547630319","OXY_CH9","24.475","min","155.361","μmol/L","Humid","24.103","deg","135603","µV","26.689","°C","1016.000","hPa","35.9","pmil","0","55.690","deg","20.000","°C","100.000","%a.s.","22.400","deg","20.000","°C","962.000","hPa","0.861","-0.02617","0.00035","0","0","13.56","Humid","35.35","0","78.50","281112.23","SABD0002000014","AAV2.0.0.13","3.0.3.1703","PSt7-10","180509-002","9/13/2019 10:46:52 AM","0000-00","0","no battery","V"
"06/11/2023","11:20:27","9","default","547630319","OXY_CH9","24.491","min","155.387","μmol/L","Humid","24.101","deg","135595","µV","26.689","°C","1016.000","hPa","35.9","pmil","0","55.690","deg","20.000","°C","100.000","%a.s.","22.400","deg","20.000","°C","962.000","hPa","0.861","-0.02617","0.00035","0","0","13.56","Humid","35.35","0","78.50","281104.24","SABD0002000014","AAV2.0.0.13","3.0.3.1703","PSt7-10","180509-002","9/13/2019 10:46:52 AM","0000-00","0","no battery","V"
"06/11/2023","11:20:28","9","default","547630319","OXY_CH9","24.508","min","155.399","μmol/L","Humid","24.100","deg","135581","µV","26.689","°C","1016.000","hPa","35.9","pmil","0","55.690","deg","20.000","°C","100.000","%a.s.","22.400","deg","20.000","°C","962.000","hPa","0.861","-0.02617","0.00035","0","0","13.56","Humid","35.35","0","78.50","281100.39","SABD0002000014","AAV2.0.0.13","3.0.3.1703","PSt7-10","180509-002","9/13/2019 10:46:52 AM","0000-00","0","no battery","V"
"06/11/2023","11:20:29","9","default","547630319","OXY_CH9","24.525","min","155.466","μmol/L","Humid","24.097","deg","135572","µV","26.683","°C","1016.000","hPa","35.9","pmil","0","55.690","deg","20.000","°C","100.000","%a.s.","22.400","deg","20.000","°C","962.000","hPa","0.861","-0.02617","0.00035","0","0","13.56","Humid","35.35","0","78.50","281108.15","SABD0002000014","AAV2.0.0.13","3.0.3.1703","PSt7-10","180509-002","9/13/2019 10:46:52 AM","0000-00","0","no battery","V"
"06/11/2023","11:20:30","9","default","547630319","OXY_CH9","24.541","min","155.451","μmol/L","Humid","24.096","deg","135560","µV","26.689","°C","1016.000","hPa","35.9","pmil","0","55.690","deg","20.000","°C","100.000","%a.s.","22.400","deg","20.000","°C","962.000","hPa","0.861","-0.02617","0.00035","0","0","13.56","Humid","35.35","0","78.50","281106.87","SABD0002000014","AAV2.0.0.13","3.0.3.1703","PSt7-10","180509-002","9/13/2019 10:46:52 AM","0000-00","0","no battery","V"
"06/11/2023","11:20:31","9","default","547630319","OXY_CH9","24.558","min","155.505","μmol/L","Humid","24.094","deg","135551","µV","26.683","°C","1016.000","hPa","35.9","pmil","0","55.690","deg","20.000","°C","100.000","%a.s.","22.400","deg","20.000","°C","962.000","hPa","0.861","-0.02617","0.00035","0","0","13.56","Humid","35.35","0","78.50","281114.30","SABD0002000014","AAV2.0.0.13","3.0.3.1703","PSt7-10","180509-002","9/13/2019 10:46:52 AM","0000-00","0","no battery","V"
"06/11/2023","11:20:32","9","default","547630319","OXY_CH9","24.575","min","155.531","μmol/L","Humid","24.092","deg","135544","µV","26.683","°C","1016.000","hPa","35.9","pmil","0","55.690","deg","20.000","°C","100.000","%a.s.","22.400","deg","20.000","°C","962.000","hPa","0.861","-0.02617","0.00035","0","0","13.56","Humid","35.35","0","78.50","281110.66","SABD0002000014","AAV2.0.0.13","3.0.3.1703","PSt7-10","180509-002","9/13/2019 10:46:52 AM","0000-00","0","no battery","V"
"06/11/2023","11:20:33","9","default","547630319","OXY_CH9","24.592","min","155.518","μmol/L","Humid","24.093","deg","135534","µV","26.683","°C","1016.000","hPa","35.9","pmil","0","55.690","deg","20.000","°C","100.000","%a.s.","22.400","deg","20.000","°C","962.000","hPa","0.861","-0.02617","0.00035","0","0","13.56","Humid","35.35","0","78.50","281114.03","SABD0002000014","AAV2.0.0.13","3.0.3.1703","PSt7-10","180509-002","9/13/2019 10:46:52 AM","0000-00","0","no battery","V"
"06/11/2023","11:20:34","9","default","547630319","OXY_CH9","24.609","min","155.533","μmol/L","Humid","24.094","deg","135527","µV","26.677","°C","1016.000","hPa","35.9","pmil","0","55.690","deg","20.000","°C","100.000","%a.s.","22.400","deg","20.000","°C","962.000","hPa","0.861","-0.02617","0.00035","0","0","13.56","Humid","35.35","0","78.50","281108.09","SABD0002000014","AAV2.0.0.13","3.0.3.1703","PSt7-10","180509-002","9/13/2019 10:46:52 AM","0000-00","0","no battery","V"
"06/11/2023","11:20:35","9","default","547630319","OXY_CH9","24.625","min","155.541","μmol/L","Humid","24.089","deg","135519","µV","26.689","°C","1016.000","hPa","35.9","pmil","0","55.690","deg","20.000","°C","100.000","%a.s.","22.400","deg","20.000","°C","962.000","hPa","0.861","-0.02617","0.00035","0","0","13.56","Humid","35.35","0","78.50","281121.77","SABD0002000014","AAV2.0.0.13","3.0.3.1703","PSt7-10","180509-002","9/13/2019 10:46:52 AM","0000-00","0","no battery","V"
"06/11/2023","11:20:36","9","default","547630319","OXY_CH9","24.642","min","155.611","μmol/L","Humid","24.088","deg","135507","µV","26.677","°C","1016.000","hPa","35.9","pmil","0","55.690","deg","20.000","°C","100.000","%a.s.","22.400","deg","20.000","°C","962.000","hPa","0.861","-0.02617","0.00035","0","0","13.56","Humid","35.35","0","78.50","281111.18","SABD0002000014","AAV2.0.0.13","3.0.3.1703","PSt7-10","180509-002","9/13/2019 10:46:52 AM","0000-00","0","no battery","V"
"06/11/2023","11:20:37","9","default","547630319","OXY_CH9","24.659","min","155.647","μmol/L","Humid","24.083","deg","135501","µV","26.683","°C","1016.000","hPa","35.9","pmil","0","55.690","deg","20.000","°C","100.000","%a.s.","22.400","deg","20.000","°C","962.000","hPa","0.861","-0.02617","0.00035","0","0","13.56","Humid","35.35","0","78.50","281110.17","SABD0002000014","AAV2.0.0.13","3.0.3.1703","PSt7-10","180509-002","9/13/2019 10:46:52 AM","0000-00","0","no battery","V"
"06/11/2023","11:20:38","9","default","547630319","OXY_CH9","24.675","min","155.675","μmol/L","Humid","24.083","deg","135493","µV","26.677","°C","1016.000","hPa","35.9","pmil","0","55.690","deg","20.000","°C","100.000","%a.s.","22.400","deg","20.000","°C","962.000","hPa","0.861","-0.02617","0.00035","0","0","13.56","Humid","35.35","0","78.50","281110.99","SABD0002000014","AAV2.0.0.13","3.0.3.1703","PSt7-10","180509-002","9/13/2019 10:46:52 AM","0000-00","0","no battery","V"
"06/11/2023","11:20:39","9","default","547630319","OXY_CH9","24.692","min","155.608","μmol/L","Humid","24.086","deg","135476","µV","26.683","°C","1016.000","hPa","35.9","pmil","0","55.690","deg","20.000","°C","100.000","%a.s.","22.400","deg","20.000","°C","962.000","hPa","0.861","-0.02617","0.00035","0","0","13.56","Humid","35.35","0","78.50","281120.73","SABD0002000014","AAV2.0.0.13","3.0.3.1703","PSt7-10","180509-002","9/13/2019 10:46:52 AM","0000-00","0","no battery","V"
"06/11/2023","11:20:40","9","default","547630319","OXY_CH9","24.708","min","155.647","μmol/L","Humid","24.083","deg","135468","µV","26.683","°C","1016.000","hPa","35.9","pmil","0","55.690","deg","20.000","°C","100.000","%a.s.","22.400","deg","20.000","°C","962.000","hPa","0.861","-0.02617","0.00035","0","0","13.56","Humid","35.35","0","78.50","281112.72","SABD0002000014","AAV2.0.0.13","3.0.3.1703","PSt7-10","180509-002","9/13/2019 10:46:52 AM","0000-00","0","no battery","V"
"06/11/2023","11:20:41","9","default","547630319","OXY_CH9","24.725","min","155.711","μmol/L","Humid","24.078","deg","135465","µV","26.683","°C","1016.000","hPa","35.9","pmil","0","55.690","deg","20.000","°C","100.000","%a.s.","22.400","deg","20.000","°C","962.000","hPa","0.861","-0.02617","0.00035","0","0","13.56","Humid","35.35","0","78.50","281115.54","SABD0002000014","AAV2.0.0.13","3.0.3.1703","PSt7-10","180509-002","9/13/2019 10:46:52 AM","0000-00","0","no battery","V"
"06/11/2023","11:20:42","9","default","547630319","OXY_CH9","24.742","min","155.740","μmol/L","Humid","24.078","deg","135452","µV","26.677","°C","1016.000","hPa","35.9","pmil","0","55.690","deg","20.000","°C","100.000","%a.s.","22.400","deg","20.000","°C","962.000","hPa","0.861","-0.02617","0.00035","0","0","13.56","Humid","35.35","0","78.50","281103.88","SABD0002000014","AAV2.0.0.13","3.0.3.1703","PSt7-10","180509-002","9/13/2019 10:46:52 AM","0000-00","0","no battery","V"
"06/11/2023","11:20:43","9","default","547630319","OXY_CH9","24.758","min","155.685","μmol/L","Humid","24.080","deg","135439","µV","26.683","°C","1016.000","hPa","35.9","pmil","0","55.690","deg","20.000","°C","100.000","%a.s.","22.400","deg","20.000","°C","962.000","hPa","0.861","-0.02617","0.00035","0","0","13.56","Humid","35.35","0","78.50","281097.03","SABD0002000014","AAV2.0.0.13","3.0.3.1703","PSt7-10","180509-002","9/13/2019 10:46:52 AM","0000-00","0","no battery","V"
"06/11/2023","11:20:44","9","default","547630319","OXY_CH9","24.775","min","155.737","μmol/L","Humid","24.076","deg","135434","µV","26.683","°C","1016.000","hPa","35.9","pmil","0","55.690","deg","20.000","°C","100.000","%a.s.","22.400","deg","20.000","°C","962.000","hPa","0.861","-0.02617","0.00035","0","0","13.56","Humid","35.35","0","78.50","281111.36","SABD0002000014","AAV2.0.0.13","3.0.3.1703","PSt7-10","180509-002","9/13/2019 10:46:52 AM","0000-00","0","no battery","V"
"06/11/2023","11:20:45","9","default","547630319","OXY_CH9","24.792","min","155.724","μmol/L","Humid","24.077","deg","135425","µV","26.683","°C","1016.000","hPa","35.9","pmil","0","55.690","deg","20.000","°C","100.000","%a.s.","22.400","deg","20.000","°C","962.000","hPa","0.861","-0.02617","0.00035","0","0","13.56","Humid","35.35","0","78.50","281110.46","SABD0002000014","AAV2.0.0.13","3.0.3.1703","PSt7-10","180509-002","9/13/2019 10:46:52 AM","0000-00","0","no battery","V"
"06/11/2023","11:20:46","9","default","547630319","OXY_CH9","24.808","min","155.802","μmol/L","Humid","24.071","deg","135407","µV","26.683","°C","1016.000","hPa","35.9","pmil","0","55.690","deg","20.000","°C","100.000","%a.s.","22.400","deg","20.000","°C","962.000","hPa","0.861","-0.02617","0.00035","0","0","13.56","Humid","35.35","0","78.50","281099.78","SABD0002000014","AAV2.0.0.13","3.0.3.1703","PSt7-10","180509-002","9/13/2019 10:46:52 AM","0000-00","0","no battery","V"
"06/11/2023","11:20:47","9","default","547630319","OXY_CH9","24.825","min","155.817","μmol/L","Humid","24.072","deg","135409","µV","26.677","°C","1016.000","hPa","35.9","pmil","0","55.690","deg","20.000","°C","100.000","%a.s.","22.400","deg","20.000","°C","962.000","hPa","0.861","-0.02617","0.00035","0","0","13.56","Humid","35.35","0","78.50","281105.79","SABD0002000014","AAV2.0.0.13","3.0.3.1703","PSt7-10","180509-002","9/13/2019 10:46:52 AM","0000-00","0","no battery","V"
"06/11/2023","11:20:48","9","default","547630319","OXY_CH9","24.841","min","155.815","μmol/L","Humid","24.070","deg","135396","µV","26.683","°C","1016.000","hPa","35.9","pmil","0","55.690","deg","20.000","°C","100.000","%a.s.","22.400","deg","20.000","°C","962.000","hPa","0.861","-0.02617","0.00035","0","0","13.56","Humid","35.35","0","78.50","281096.93","SABD0002000014","AAV2.0.0.13","3.0.3.1703","PSt7-10","180509-002","9/13/2019 10:46:52 AM","0000-00","0","no battery","V"
"06/11/2023","11:20:49","9","default","547630319","OXY_CH9","24.858","min","155.866","μmol/L","Humid","24.066","deg","135384","µV","26.683","°C","1016.000","hPa","35.9","pmil","0","55.690","deg","20.000","°C","100.000","%a.s.","22.400","deg","20.000","°C","962.000","hPa","0.861","-0.02617","0.00035","0","0","13.56","Humid","35.35","0","78.50","281103.44","SABD0002000014","AAV2.0.0.13","3.0.3.1703","PSt7-10","180509-002","9/13/2019 10:46:52 AM","0000-00","0","no battery","V"
"06/11/2023","11:20:50","9","default","547630319","OXY_CH9","24.874","min","155.879","μmol/L","Humid","24.065","deg","135369","µV","26.683","°C","1016.000","hPa","35.9","pmil","0","55.690","deg","20.000","°C","100.000","%a.s.","22.400","deg","20.000","°C","962.000","hPa","0.861","-0.02617","0.00035","0","0","13.56","Humid","35.35","0","78.50","281099.55","SABD0002000014","AAV2.0.0.13","3.0.3.1703","PSt7-10","180509-002","9/13/2019 10:46:52 AM","0000-00","0","no battery","V"
"06/11/2023","11:20:51","9","default","547630319","OXY_CH9","24.891","min","155.907","μmol/L","Humid","24.065","deg","135369","µV","26.677","°C","1016.000","hPa","35.9","pmil","0","55.690","deg","20.000","°C","100.000","%a.s.","22.400","deg","20.000","°C","962.000","hPa","0.861","-0.02617","0.00035","0","0","13.56","Humid","35.35","0","78.50","281114.62","SABD0002000014","AAV2.0.0.13","3.0.3.1703","PSt7-10","180509-002","9/13/2019 10:46:52 AM","0000-00","0","no battery","V"
"06/11/2023","11:20:52","9","default","547630319","OXY_CH9","24.908","min","155.892","μmol/L","Humid","24.064","deg","135363","µV","26.683","°C","1016.000","hPa","35.9","pmil","0","55.690","deg","20.000","°C","100.000","%a.s.","22.400","deg","20.000","°C","962.000","hPa","0.861","-0.02617","0.00035","0","0","13.56","Humid","35.35","0","78.50","281107.73","SABD0002000014","AAV2.0.0.13","3.0.3.1703","PSt7-10","180509-002","9/13/2019 10:46:52 AM","0000-00","0","no battery","V"
"06/11/2023","11:20:53","9","default","547630319","OXY_CH9","24.924","min","155.918","μmol/L","Humid","24.062","deg","135349","µV","26.683","°C","1016.000","hPa","35.9","pmil","0","55.690","deg","20.000","°C","100.000","%a.s.","22.400","deg","20.000","°C","962.000","hPa","0.861","-0.02617","0.00035","0","0","13.56","Humid","35.35","0","78.50","281094.05","SABD0002000014","AAV2.0.0.13","3.0.3.1703","PSt7-10","180509-002","9/13/2019 10:46:52 AM","0000-00","0","no battery","V"
"06/11/2023","11:20:54","9","default","547630319","OXY_CH9","24.941","min","155.959","μmol/L","Humid","24.061","deg","135336","µV","26.677","°C","1016.000","hPa","35.9","pmil","0","55.690","deg","20.000","°C","100.000","%a.s.","22.400","deg","20.000","°C","962.000","hPa","0.861","-0.02617","0.00035","0","0","13.56","Humid","35.35","0","78.50","281093.11","SABD0002000014","AAV2.0.0.13","3.0.3.1703","PSt7-10","180509-002","9/13/2019 10:46:52 AM","0000-00","0","no battery","V"
"06/11/2023","11:20:55","9","default","547630319","OXY_CH9","24.958","min","155.890","μmol/L","Humid","24.062","deg","135329","µV","26.689","°C","1016.000","hPa","35.9","pmil","0","55.690","deg","20.000","°C","100.000","%a.s.","22.400","deg","20.000","°C","962.000","hPa","0.861","-0.02617","0.00035","0","0","13.56","Humid","35.35","0","78.50","281100.82","SABD0002000014","AAV2.0.0.13","3.0.3.1703","PSt7-10","180509-002","9/13/2019 10:46:52 AM","0000-00","0","no battery","V"
"06/11/2023","11:20:56","9","default","547630319","OXY_CH9","24.975","min","156.021","μmol/L","Humid","24.054","deg","135319","µV","26.683","°C","1016.000","hPa","35.9","pmil","0","55.690","deg","20.000","°C","100.000","%a.s.","22.400","deg","20.000","°C","962.000","hPa","0.861","-0.02617","0.00035","0","0","13.56","Humid","35.35","0","78.50","281098.52","SABD0002000014","AAV2.0.0.13","3.0.3.1703","PSt7-10","180509-002","9/13/2019 10:46:52 AM","0000-00","0","no battery","V"
"06/11/2023","11:20:57","9","default","547630319","OXY_CH9","24.992","min","155.995","μmol/L","Humid","24.056","deg","135307","µV","26.683","°C","1016.000","hPa","35.9","pmil","0","55.690","deg","20.000","°C","100.000","%a.s.","22.400","deg","20.000","°C","962.000","hPa","0.861","-0.02617","0.00035","0","0","13.56","Humid","35.35","0","78.50","281106.50","SABD0002000014","AAV2.0.0.13","3.0.3.1703","PSt7-10","180509-002","9/13/2019 10:46:52 AM","0000-00","0","no battery","V"
"06/11/2023","11:20:58","9","default","547630319","OXY_CH9","25.008","min","155.967","μmol/L","Humid","24.056","deg","135295","µV","26.689","°C","1016.000","hPa","35.9","pmil","0","55.690","deg","20.000","°C","100.000","%a.s.","22.400","deg","20.000","°C","962.000","hPa","0.861","-0.02617","0.00035","0","0","13.56","Humid","35.35","0","78.50","281099.55","SABD0002000014","AAV2.0.0.13","3.0.3.1703","PSt7-10","180509-002","9/13/2019 10:46:52 AM","0000-00","0","no battery","V"
"06/11/2023","11:20:59","9","default","547630319","OXY_CH9","25.025","min","156.034","μmol/L","Humid","24.053","deg","135290","µV","26.683","°C","1016.000","hPa","35.9","pmil","0","55.690","deg","20.000","°C","100.000","%a.s.","22.400","deg","20.000","°C","962.000","hPa","0.861","-0.02617","0.00035","0","0","13.56","Humid","35.35","0","78.50","281103.70","SABD0002000014","AAV2.0.0.13","3.0.3.1703","PSt7-10","180509-002","9/13/2019 10:46:52 AM","0000-00","0","no battery","V"
"06/11/2023","11:21:00","9","default","547630319","OXY_CH9","25.042","min","156.021","μmol/L","Humid","24.054","deg","135278","µV","26.683","°C","1016.000","hPa","35.9","pmil","0","55.690","deg","20.000","°C","100.000","%a.s.","22.400","deg","20.000","°C","962.000","hPa","0.861","-0.02617","0.00035","0","0","13.56","Humid","35.35","0","78.50","281095.62","SABD0002000014","AAV2.0.0.13","3.0.3.1703","PSt7-10","180509-002","9/13/2019 10:46:52 AM","0000-00","0","no battery","V"
"06/11/2023","11:21:01","9","default","547630319","OXY_CH9","25.058","min","156.060","μmol/L","Humid","24.051","deg","135266","µV","26.683","°C","1016.000","hPa","35.9","pmil","0","55.690","deg","20.000","°C","100.000","%a.s.","22.400","deg","20.000","°C","962.000","hPa","0.861","-0.02617","0.00035","0","0","13.56","Humid","35.35","0","78.50","281091.67","SABD0002000014","AAV2.0.0.13","3.0.3.1703","PSt7-10","180509-002","9/13/2019 10:46:52 AM","0000-00","0","no battery","V"
"06/11/2023","11:21:02","9","default","547630319","OXY_CH9","25.075","min","156.073","μmol/L","Humid","24.050","deg","135259","µV","26.683","°C","1016.000","hPa","35.9","pmil","0","55.690","deg","20.000","°C","100.000","%a.s.","22.400","deg","20.000","°C","962.000","hPa","0.861","-0.02617","0.00035","0","0","13.56","Humid","35.35","0","78.50","281097.87","SABD0002000014","AAV2.0.0.13","3.0.3.1703","PSt7-10","180509-002","9/13/2019 10:46:52 AM","0000-00","0","no battery","V"
"06/11/2023","11:21:03","9","default","547630319","OXY_CH9","25.092","min","156.086","μmol/L","Humid","24.049","deg","135256","µV","26.683","°C","1016.000","hPa","35.9","pmil","0","55.690","deg","20.000","°C","100.000","%a.s.","22.400","deg","20.000","°C","962.000","hPa","0.861","-0.02617","0.00035","0","0","13.56","Humid","35.35","0","78.50","281113.58","SABD0002000014","AAV2.0.0.13","3.0.3.1703","PSt7-10","180509-002","9/13/2019 10:46:52 AM","0000-00","0","no battery","V"
"06/11/2023","11:21:04","9","default","547630319","OXY_CH9","25.108","min","156.151","μmol/L","Humid","24.044","deg","135237","µV","26.683","°C","1016.000","hPa","35.9","pmil","0","55.690","deg","20.000","°C","100.000","%a.s.","22.400","deg","20.000","°C","962.000","hPa","0.861","-0.02617","0.00035","0","0","13.56","Humid","35.35","0","78.50","281098.02","SABD0002000014","AAV2.0.0.13","3.0.3.1703","PSt7-10","180509-002","9/13/2019 10:46:52 AM","0000-00","0","no battery","V"
"06/11/2023","11:21:05","9","default","547630319","OXY_CH9","25.125","min","156.101","μmol/L","Humid","24.050","deg","135238","µV","26.677","°C","1016.000","hPa","35.9","pmil","0","55.690","deg","20.000","°C","100.000","%a.s.","22.400","deg","20.000","°C","962.000","hPa","0.861","-0.02617","0.00035","0","0","13.56","Humid","35.35","0","78.50","281100.45","SABD0002000014","AAV2.0.0.13","3.0.3.1703","PSt7-10","180509-002","9/13/2019 10:46:52 AM","0000-00","0","no battery","V"
"06/11/2023","11:21:06","9","default","547630319","OXY_CH9","25.142","min","156.166","μmol/L","Humid","24.045","deg","135221","µV","26.677","°C","1016.000","hPa","35.9","pmil","0","55.690","deg","20.000","°C","100.000","%a.s.","22.400","deg","20.000","°C","962.000","hPa","0.861","-0.02617","0.00035","0","0","13.56","Humid","35.35","0","78.50","281097.60","SABD0002000014","AAV2.0.0.13","3.0.3.1703","PSt7-10","180509-002","9/13/2019 10:46:52 AM","0000-00","0","no battery","V"
"06/11/2023","11:21:07","9","default","547630319","OXY_CH9","25.158","min","156.177","μmol/L","Humid","24.042","deg","135207","µV","26.683","°C","1016.000","hPa","35.9","pmil","0","55.690","deg","20.000","°C","100.000","%a.s.","22.400","deg","20.000","°C","962.000","hPa","0.861","-0.02617","0.00035","0","0","13.56","Humid","35.35","0","78.50","281088.72","SABD0002000014","AAV2.0.0.13","3.0.3.1703","PSt7-10","180509-002","9/13/2019 10:46:52 AM","0000-00","0","no battery","V"
"06/11/2023","11:21:08","9","default","547630319","OXY_CH9","25.175","min","156.190","μmol/L","Humid","24.041","deg","135200","µV","26.683","°C","1016.000","hPa","35.9","pmil","0","55.690","deg","20.000","°C","100.000","%a.s.","22.400","deg","20.000","°C","962.000","hPa","0.861","-0.02617","0.00035","0","0","13.56","Humid","35.35","0","78.50","281087.73","SABD0002000014","AAV2.0.0.13","3.0.3.1703","PSt7-10","180509-002","9/13/2019 10:46:52 AM","0000-00","0","no battery","V"
"06/11/2023","11:21:09","9","default","547630319","OXY_CH9","25.191","min","156.241","μmol/L","Humid","24.037","deg","135188","µV","26.683","°C","1016.000","hPa","35.9","pmil","0","55.690","deg","20.000","°C","100.000","%a.s.","22.400","deg","20.000","°C","962.000","hPa","0.861","-0.02617","0.00035","0","0","13.56","Humid","35.35","0","78.50","281090.28","SABD0002000014","AAV2.0.0.13","3.0.3.1703","PSt7-10","180509-002","9/13/2019 10:46:52 AM","0000-00","0","no battery","V"
"06/11/2023","11:21:10","9","default","547630319","OXY_CH9","25.208","min","156.228","μmol/L","Humid","24.038","deg","135166","µV","26.683","°C","1016.000","hPa","35.9","pmil","0","55.690","deg","20.000","°C","100.000","%a.s.","22.400","deg","20.000","°C","962.000","hPa","0.861","-0.02617","0.00035","0","0","13.56","Humid","35.35","0","78.50","281077.38","SABD0002000014","AAV2.0.0.13","3.0.3.1703","PSt7-10","180509-002","9/13/2019 10:46:52 AM","0000-00","0","no battery","V"
"06/11/2023","11:21:11","9","default","547630319","OXY_CH9","25.224","min","156.241","μmol/L","Humid","24.037","deg","135171","µV","26.683","°C","1016.000","hPa","35.9","pmil","0","55.690","deg","20.000","°C","100.000","%a.s.","22.400","deg","20.000","°C","962.000","hPa","0.861","-0.02617","0.00035","0","0","13.56","Humid","35.35","0","78.50","281076.39","SABD0002000014","AAV2.0.0.13","3.0.3.1703","PSt7-10","180509-002","9/13/2019 10:46:52 AM","0000-00","0","no battery","V"
"06/11/2023","11:21:12","9","default","547630319","OXY_CH9","25.242","min","156.226","μmol/L","Humid","24.036","deg","135158","µV","26.689","°C","1016.000","hPa","35.9","pmil","0","55.690","deg","20.000","°C","100.000","%a.s.","22.400","deg","20.000","°C","962.000","hPa","0.861","-0.02617","0.00035","0","0","13.56","Humid","35.35","0","78.50","281087.45","SABD0002000014","AAV2.0.0.13","3.0.3.1703","PSt7-10","180509-002","9/13/2019 10:46:52 AM","0000-00","0","no battery","V"
"06/11/2023","11:21:13","9","default","547630319","OXY_CH9","25.259","min","156.348","μmol/L","Humid","24.031","deg","135156","µV","26.677","°C","1016.000","hPa","35.9","pmil","0","55.690","deg","20.000","°C","100.000","%a.s.","22.400","deg","20.000","°C","962.000","hPa","0.861","-0.02617","0.00035","0","0","13.56","Humid","35.35","0","78.50","281089.06","SABD0002000014","AAV2.0.0.13","3.0.3.1703","PSt7-10","180509-002","9/13/2019 10:46:52 AM","0000-00","0","no battery","V"
"06/11/2023","11:21:14","9","default","547630319","OXY_CH9","25.275","min","156.348","μmol/L","Humid","24.031","deg","135134","µV","26.677","°C","1016.000","hPa","35.9","pmil","0","55.690","deg","20.000","°C","100.000","%a.s.","22.400","deg","20.000","°C","962.000","hPa","0.861","-0.02617","0.00035","0","0","13.56","Humid","35.35","0","78.50","281077.51","SABD0002000014","AAV2.0.0.13","3.0.3.1703","PSt7-10","180509-002","9/13/2019 10:46:52 AM","0000-00","0","no battery","V"
"06/11/2023","11:21:15","9","default","547630319","OXY_CH9","25.292","min","156.319","μmol/L","Humid","24.031","deg","135120","µV","26.683","°C","1016.000","hPa","35.9","pmil","0","55.690","deg","20.000","°C","100.000","%a.s.","22.400","deg","20.000","°C","962.000","hPa","0.861","-0.02617","0.00035","0","0","13.56","Humid","35.35","0","78.50","281088.17","SABD0002000014","AAV2.0.0.13","3.0.3.1703","PSt7-10","180509-002","9/13/2019 10:46:52 AM","0000-00","0","no battery","V"
"06/11/2023","11:21:16","9","default","547630319","OXY_CH9","25.308","min","156.332","μmol/L","Humid","24.030","deg","135108","µV","26.683","°C","1016.000","hPa","35.9","pmil","0","55.690","deg","20.000","°C","100.000","%a.s.","22.400","deg","20.000","°C","962.000","hPa","0.861","-0.02617","0.00035","0","0","13.56","Humid","35.35","0","78.50","281077.72","SABD0002000014","AAV2.0.0.13","3.0.3.1703","PSt7-10","180509-002","9/13/2019 10:46:52 AM","0000-00","0","no battery","V"
"06/11/2023","11:21:17","9","default","547630319","OXY_CH9","25.325","min","156.369","μmol/L","Humid","24.025","deg","135099","µV","26.689","°C","1016.000","hPa","35.9","pmil","0","55.690","deg","20.000","°C","100.000","%a.s.","22.400","deg","20.000","°C","962.000","hPa","0.861","-0.02617","0.00035","0","0","13.56","Humid","35.35","0","78.50","281065.66","SABD0002000014","AAV2.0.0.13","3.0.3.1703","PSt7-10","180509-002","9/13/2019 10:46:52 AM","0000-00","0","no battery","V"
"06/11/2023","11:21:18","9","default","547630319","OXY_CH9","25.342","min","156.423","μmol/L","Humid","24.023","deg","135091","µV","26.683","°C","1016.000","hPa","35.9","pmil","0","55.690","deg","20.000","°C","100.000","%a.s.","22.400","deg","20.000","°C","962.000","hPa","0.861","-0.02617","0.00035","0","0","13.56","Humid","35.35","0","78.50","281083.15","SABD0002000014","AAV2.0.0.13","3.0.3.1703","PSt7-10","180509-002","9/13/2019 10:46:52 AM","0000-00","0","no battery","V"
"06/11/2023","11:21:19","9","default","547630319","OXY_CH9","25.358","min","156.462","μmol/L","Humid","24.020","deg","135091","µV","26.683","°C","1016.000","hPa","35.9","pmil","0","55.690","deg","20.000","°C","100.000","%a.s.","22.400","deg","20.000","°C","962.000","hPa","0.861","-0.02617","0.00035","0","0","13.56","Humid","35.35","0","78.50","281069.50","SABD0002000014","AAV2.0.0.13","3.0.3.1703","PSt7-10","180509-002","9/13/2019 10:46:52 AM","0000-00","0","no battery","V"
"06/11/2023","11:21:20","9","default","547630319","OXY_CH9","25.375","min","156.408","μmol/L","Humid","24.022","deg","135082","µV","26.689","°C","1016.000","hPa","35.9","pmil","0","55.690","deg","20.000","°C","100.000","%a.s.","22.400","deg","20.000","°C","962.000","hPa","0.861","-0.02617","0.00035","0","0","13.56","Humid","35.35","0","78.50","281063.17","SABD0002000014","AAV2.0.0.13","3.0.3.1703","PSt7-10","180509-002","9/13/2019 10:46:52 AM","0000-00","0","no battery","V"
"06/11/2023","11:21:21","9","default","547630319","OXY_CH9","25.392","min","156.477","μmol/L","Humid","24.021","deg","135073","µV","26.677","°C","1016.000","hPa","35.9","pmil","0","55.690","deg","20.000","°C","100.000","%a.s.","22.400","deg","20.000","°C","962.000","hPa","0.861","-0.02617","0.00035","0","0","13.56","Humid","35.35","0","78.50","281083.13","SABD0002000014","AAV2.0.0.13","3.0.3.1703","PSt7-10","180509-002","9/13/2019 10:46:52 AM","0000-00","0","no battery","V"
"06/11/2023","11:21:22","9","default","547630319","OXY_CH9","25.408","min","156.475","μmol/L","Humid","24.019","deg","135051","µV","26.683","°C","1016.000","hPa","35.9","pmil","0","55.690","deg","20.000","°C","100.000","%a.s.","22.400","deg","20.000","°C","962.000","hPa","0.861","-0.02617","0.00035","0","0","13.56","Humid","35.35","0","78.50","281072.43","SABD0002000014","AAV2.0.0.13","3.0.3.1703","PSt7-10","180509-002","9/13/2019 10:46:52 AM","0000-00","0","no battery","V"
"06/11/2023","11:21:23","9","default","547630319","OXY_CH9","25.425","min","156.477","μmol/L","Humid","24.021","deg","135056","µV","26.677","°C","1016.000","hPa","35.9","pmil","0","55.690","deg","20.000","°C","100.000","%a.s.","22.400","deg","20.000","°C","962.000","hPa","0.861","-0.02617","0.00035","0","0","13.56","Humid","35.35","0","78.50","281089.16","SABD0002000014","AAV2.0.0.13","3.0.3.1703","PSt7-10","180509-002","9/13/2019 10:46:52 AM","0000-00","0","no battery","V"
"06/11/2023","11:21:24","9","default","547630319","OXY_CH9","25.442","min","156.532","μmol/L","Humid","24.019","deg","135043","µV","26.670","°C","1016.000","hPa","35.9","pmil","0","55.690","deg","20.000","°C","100.000","%a.s.","22.400","deg","20.000","°C","962.000","hPa","0.861","-0.02617","0.00035","0","0","13.56","Humid","35.35","0","78.50","281083.60","SABD0002000014","AAV2.0.0.13","3.0.3.1703","PSt7-10","180509-002","9/13/2019 10:46:52 AM","0000-00","0","no battery","V"
"06/11/2023","11:21:25","9","default","547630319","OXY_CH9","25.458","min","156.488","μmol/L","Humid","24.018","deg","135028","µV","26.683","°C","1016.000","hPa","35.9","pmil","0","55.690","deg","20.000","°C","100.000","%a.s.","22.400","deg","20.000","°C","962.000","hPa","0.861","-0.02617","0.00035","0","0","13.56","Humid","35.35","0","78.50","281069.88","SABD0002000014","AAV2.0.0.13","3.0.3.1703","PSt7-10","180509-002","9/13/2019 10:46:52 AM","0000-00","0","no battery","V"
"06/11/2023","11:21:26","9","default","547630319","OXY_CH9","25.475","min","156.566","μmol/L","Humid","24.012","deg","135018","µV","26.683","°C","1016.000","hPa","35.9","pmil","0","55.690","deg","20.000","°C","100.000","%a.s.","22.400","deg","20.000","°C","962.000","hPa","0.861","-0.02617","0.00035","0","0","13.56","Humid","35.35","0","78.50","281082.47","SABD0002000014","AAV2.0.0.13","3.0.3.1703","PSt7-10","180509-002","9/13/2019 10:46:52 AM","0000-00","0","no battery","V"
"06/11/2023","11:21:27","9","default","547630319","OXY_CH9","25.492","min","156.563","μmol/L","Humid","24.010","deg","135007","µV","26.689","°C","1016.000","hPa","35.9","pmil","0","55.690","deg","20.000","°C","100.000","%a.s.","22.400","deg","20.000","°C","962.000","hPa","0.861","-0.02617","0.00035","0","0","13.56","Humid","35.35","0","78.50","281075.92","SABD0002000014","AAV2.0.0.13","3.0.3.1703","PSt7-10","180509-002","9/13/2019 10:46:52 AM","0000-00","0","no battery","V"
"06/11/2023","11:21:28","9","default","547630319","OXY_CH9","25.508","min","156.594","μmol/L","Humid","24.012","deg","135002","µV","26.677","°C","1016.000","hPa","35.9","pmil","0","55.690","deg","20.000","°C","100.000","%a.s.","22.400","deg","20.000","°C","962.000","hPa","0.861","-0.02617","0.00035","0","0","13.56","Humid","35.35","0","78.50","281084.28","SABD0002000014","AAV2.0.0.13","3.0.3.1703","PSt7-10","180509-002","9/13/2019 10:46:52 AM","0000-00","0","no battery","V"
"06/11/2023","11:21:29","9","default","547630319","OXY_CH9","25.525","min","156.631","μmol/L","Humid","24.007","deg","134986","µV","26.683","°C","1016.000","hPa","35.9","pmil","0","55.690","deg","20.000","°C","100.000","%a.s.","22.400","deg","20.000","°C","962.000","hPa","0.861","-0.02617","0.00035","0","0","13.56","Humid","35.35","0","78.50","281068.91","SABD0002000014","AAV2.0.0.13","3.0.3.1703","PSt7-10","180509-002","9/13/2019 10:46:52 AM","0000-00","0","no battery","V"
"06/11/2023","11:21:30","9","default","547630319","OXY_CH9","25.541","min","156.659","μmol/L","Humid","24.007","deg","134977","µV","26.677","°C","1016.000","hPa","35.9","pmil","0","55.690","deg","20.000","°C","100.000","%a.s.","22.400","deg","20.000","°C","962.000","hPa","0.861","-0.02617","0.00035","0","0","13.56","Humid","35.35","0","78.50","281075.27","SABD0002000014","AAV2.0.0.13","3.0.3.1703","PSt7-10","180509-002","9/13/2019 10:46:52 AM","0000-00","0","no battery","V"
"06/11/2023","11:21:31","9","default","547630319","OXY_CH9","25.558","min","156.654","μmol/L","Humid","24.003","deg","134980","µV","26.689","°C","1016.000","hPa","35.9","pmil","0","55.690","deg","20.000","°C","100.000","%a.s.","22.400","deg","20.000","°C","962.000","hPa","0.861","-0.02617","0.00035","0","0","13.56","Humid","35.35","0","78.50","281075.15","SABD0002000014","AAV2.0.0.13","3.0.3.1703","PSt7-10","180509-002","9/13/2019 10:46:52 AM","0000-00","0","no battery","V"
"06/11/2023","11:21:32","9","default","547630319","OXY_CH9","25.575","min","156.657","μmol/L","Humid","24.005","deg","134969","µV","26.683","°C","1016.000","hPa","35.9","pmil","0","55.690","deg","20.000","°C","100.000","%a.s.","22.400","deg","20.000","°C","962.000","hPa","0.861","-0.02617","0.00035","0","0","13.56","Humid","35.35","0","78.50","281082.27","SABD0002000014","AAV2.0.0.13","3.0.3.1703","PSt7-10","180509-002","9/13/2019 10:46:52 AM","0000-00","0","no battery","V"
"06/11/2023","11:21:33","9","default","547630319","OXY_CH9","25.591","min","156.644","μmol/L","Humid","24.006","deg","134950","µV","26.683","°C","1016.000","hPa","35.9","pmil","0","55.690","deg","20.000","°C","100.000","%a.s.","22.400","deg","20.000","°C","962.000","hPa","0.861","-0.02617","0.00035","0","0","13.56","Humid","35.35","0","78.50","281074.46","SABD0002000014","AAV2.0.0.13","3.0.3.1703","PSt7-10","180509-002","9/13/2019 10:46:52 AM","0000-00","0","no battery","V"
"06/11/2023","11:21:34","9","default","547630319","OXY_CH9","25.608","min","156.680","μmol/L","Humid","24.001","deg","134942","µV","26.689","°C","1016.000","hPa","35.9","pmil","0","55.690","deg","20.000","°C","100.000","%a.s.","22.400","deg","20.000","°C","962.000","hPa","0.861","-0.02617","0.00035","0","0","13.56","Humid","35.35","0","78.50","281090.50","SABD0002000014","AAV2.0.0.13","3.0.3.1703","PSt7-10","180509-002","9/13/2019 10:46:52 AM","0000-00","0","no battery","V"
"06/11/2023","11:21:35","9","default","547630319","OXY_CH9","25.625","min","156.693","μmol/L","Humid","24.000","deg","134928","µV","26.689","°C","1016.000","hPa","35.9","pmil","0","55.690","deg","20.000","°C","100.000","%a.s.","22.400","deg","20.000","°C","962.000","hPa","0.861","-0.02617","0.00035","0","0","13.56","Humid","35.35","0","78.50","281087.22","SABD0002000014","AAV2.0.0.13","3.0.3.1703","PSt7-10","180509-002","9/13/2019 10:46:52 AM","0000-00","0","no battery","V"
"06/11/2023","11:21:36","9","default","547630319","OXY_CH9","25.642","min","156.745","μmol/L","Humid","23.996","deg","134917","µV","26.689","°C","1016.000","hPa","35.9","pmil","0","55.690","deg","20.000","°C","100.000","%a.s.","22.400","deg","20.000","°C","962.000","hPa","0.861","-0.02617","0.00035","0","0","13.56","Humid","35.35","0","78.50","281081.34","SABD0002000014","AAV2.0.0.13","3.0.3.1703","PSt7-10","180509-002","9/13/2019 10:46:52 AM","0000-00","0","no battery","V"
"06/11/2023","11:21:37","9","default","547630319","OXY_CH9","25.658","min","156.748","μmol/L","Humid","23.998","deg","134907","µV","26.683","°C","1016.000","hPa","35.9","pmil","0","55.690","deg","20.000","°C","100.000","%a.s.","22.400","deg","20.000","°C","962.000","hPa","0.861","-0.02617","0.00035","0","0","13.56","Humid","35.35","0","78.50","281077.50","SABD0002000014","AAV2.0.0.13","3.0.3.1703","PSt7-10","180509-002","9/13/2019 10:46:52 AM","0000-00","0","no battery","V"
"06/11/2023","11:21:38","9","default","547630319","OXY_CH9","25.675","min","156.815","μmol/L","Humid","23.995","deg","134896","µV","26.677","°C","1016.000","hPa","35.9","pmil","0","55.690","deg","20.000","°C","100.000","%a.s.","22.400","deg","20.000","°C","962.000","hPa","0.861","-0.02617","0.00035","0","0","13.56","Humid","35.35","0","78.50","281074.42","SABD0002000014","AAV2.0.0.13","3.0.3.1703","PSt7-10","180509-002","9/13/2019 10:46:52 AM","0000-00","0","no battery","V"
"06/11/2023","11:21:39","9","default","547630319","OXY_CH9","25.692","min","156.761","μmol/L","Humid","23.997","deg","134888","µV","26.683","°C","1016.000","hPa","35.9","pmil","0","55.690","deg","20.000","°C","100.000","%a.s.","22.400","deg","20.000","°C","962.000","hPa","0.861","-0.02617","0.00035","0","0","13.56","Humid","35.35","0","78.50","281080.06","SABD0002000014","AAV2.0.0.13","3.0.3.1703","PSt7-10","180509-002","9/13/2019 10:46:52 AM","0000-00","0","no battery","V"
"06/11/2023","11:21:40","9","default","547630319","OXY_CH9","25.708","min","156.854","μmol/L","Humid","23.992","deg","134865","µV","26.677","°C","1016.000","hPa","35.9","pmil","0","55.690","deg","20.000","°C","100.000","%a.s.","22.400","deg","20.000","°C","962.000","hPa","0.861","-0.02617","0.00035","0","0","13.56","Humid","35.35","0","78.50","281070.10","SABD0002000014","AAV2.0.0.13","3.0.3.1703","PSt7-10","180509-002","9/13/2019 10:46:52 AM","0000-00","0","no battery","V"
"06/11/2023","11:21:41","9","default","547630319","OXY_CH9","25.725","min","156.865","μmol/L","Humid","23.989","deg","134866","µV","26.683","°C","1016.000","hPa","35.9","pmil","0","55.690","deg","20.000","°C","100.000","%a.s.","22.400","deg","20.000","°C","962.000","hPa","0.861","-0.02617","0.00035","0","0","13.56","Humid","35.35","0","78.50","281070.60","SABD0002000014","AAV2.0.0.13","3.0.3.1703","PSt7-10","180509-002","9/13/2019 10:46:52 AM","0000-00","0","no battery","V"
"06/11/2023","11:21:42","9","default","547630319","OXY_CH9","25.742","min","156.878","μmol/L","Humid","23.988","deg","134854","µV","26.683","°C","1016.000","hPa","35.9","pmil","0","55.690","deg","20.000","°C","100.000","%a.s.","22.400","deg","20.000","°C","962.000","hPa","0.861","-0.02617","0.00035","0","0","13.56","Humid","35.35","0","78.50","281066.13","SABD0002000014","AAV2.0.0.13","3.0.3.1703","PSt7-10","180509-002","9/13/2019 10:46:52 AM","0000-00","0","no battery","V"
"06/11/2023","11:21:43","9","default","547630319","OXY_CH9","25.758","min","156.865","μmol/L","Humid","23.989","deg","134854","µV","26.683","°C","1016.000","hPa","35.9","pmil","0","55.690","deg","20.000","°C","100.000","%a.s.","22.400","deg","20.000","°C","962.000","hPa","0.861","-0.02617","0.00035","0","0","13.56","Humid","35.35","0","78.50","281066.96","SABD0002000014","AAV2.0.0.13","3.0.3.1703","PSt7-10","180509-002","9/13/2019 10:46:52 AM","0000-00","0","no battery","V"
"06/11/2023","11:21:44","9","default","547630319","OXY_CH9","25.775","min","156.891","μmol/L","Humid","23.987","deg","134847","µV","26.683","°C","1016.000","hPa","35.9","pmil","0","55.690","deg","20.000","°C","100.000","%a.s.","22.400","deg","20.000","°C","962.000","hPa","0.861","-0.02617","0.00035","0","0","13.56","Humid","35.35","0","78.50","281078.86","SABD0002000014","AAV2.0.0.13","3.0.3.1703","PSt7-10","180509-002","9/13/2019 10:46:52 AM","0000-00","0","no battery","V"
"06/11/2023","11:21:45","9","default","547630319","OXY_CH9","25.792","min","156.889","μmol/L","Humid","23.985","deg","134827","µV","26.689","°C","1016.000","hPa","35.9","pmil","0","55.690","deg","20.000","°C","100.000","%a.s.","22.400","deg","20.000","°C","962.000","hPa","0.861","-0.02617","0.00035","0","0","13.56","Humid","35.35","0","78.50","281074.51","SABD0002000014","AAV2.0.0.13","3.0.3.1703","PSt7-10","180509-002","9/13/2019 10:46:52 AM","0000-00","0","no battery","V"
"06/11/2023","11:21:46","9","default","547630319","OXY_CH9","25.808","min","156.917","μmol/L","Humid","23.985","deg","134820","µV","26.683","°C","1016.000","hPa","35.9","pmil","0","55.690","deg","20.000","°C","100.000","%a.s.","22.400","deg","20.000","°C","962.000","hPa","0.861","-0.02617","0.00035","0","0","13.56","Humid","35.35","0","78.50","281057.57","SABD0002000014","AAV2.0.0.13","3.0.3.1703","PSt7-10","180509-002","9/13/2019 10:46:52 AM","0000-00","0","no battery","V"
"06/11/2023","11:21:47","9","default","547630319","OXY_CH9","25.825","min","156.987","μmol/L","Humid","23.984","deg","134809","µV","26.670","°C","1016.000","hPa","35.9","pmil","0","55.690","deg","20.000","°C","100.000","%a.s.","22.400","deg","20.000","°C","962.000","hPa","0.861","-0.02617","0.00035","0","0","13.56","Humid","35.35","0","78.50","281056.61","SABD0002000014","AAV2.0.0.13","3.0.3.1703","PSt7-10","180509-002","9/13/2019 10:46:52 AM","0000-00","0","no battery","V"
"06/11/2023","11:21:48","9","default","547630319","OXY_CH9","25.842","min","156.998","μmol/L","Humid","23.981","deg","134806","µV","26.677","°C","1016.000","hPa","35.9","pmil","0","55.690","deg","20.000","°C","100.000","%a.s.","22.400","deg","20.000","°C","962.000","hPa","0.861","-0.02617","0.00035","0","0","13.56","Humid","35.35","0","78.50","281061.76","SABD0002000014","AAV2.0.0.13","3.0.3.1703","PSt7-10","180509-002","9/13/2019 10:46:52 AM","0000-00","0","no battery","V"
"06/11/2023","11:21:49","9","default","547630319","OXY_CH9","25.858","min","157.008","μmol/L","Humid","23.978","deg","134795","µV","26.683","°C","1016.000","hPa","35.9","pmil","0","55.690","deg","20.000","°C","100.000","%a.s.","22.400","deg","20.000","°C","962.000","hPa","0.861","-0.02617","0.00035","0","0","13.56","Humid","35.35","0","78.50","281061.69","SABD0002000014","AAV2.0.0.13","3.0.3.1703","PSt7-10","180509-002","9/13/2019 10:46:52 AM","0000-00","0","no battery","V"
"06/11/2023","11:21:50","9","default","547630319","OXY_CH9","25.875","min","157.021","μmol/L","Humid","23.977","deg","134776","µV","26.683","°C","1016.000","hPa","35.9","pmil","0","55.690","deg","20.000","°C","100.000","%a.s.","22.400","deg","20.000","°C","962.000","hPa","0.861","-0.02617","0.00035","0","0","13.56","Humid","35.35","0","78.50","281053.05","SABD0002000014","AAV2.0.0.13","3.0.3.1703","PSt7-10","180509-002","9/13/2019 10:46:52 AM","0000-00","0","no battery","V"
"06/11/2023","11:21:51","9","default","547630319","OXY_CH9","25.892","min","157.037","μmol/L","Humid","23.978","deg","134764","µV","26.677","°C","1016.000","hPa","35.9","pmil","0","55.690","deg","20.000","°C","100.000","%a.s.","22.400","deg","20.000","°C","962.000","hPa","0.861","-0.02617","0.00035","0","0","13.56","Humid","35.35","0","78.50","281052.17","SABD0002000014","AAV2.0.0.13","3.0.3.1703","PSt7-10","180509-002","9/13/2019 10:46:52 AM","0000-00","0","no battery","V"
"06/11/2023","11:21:52","9","default","547630319","OXY_CH9","25.908","min","157.034","μmol/L","Humid","23.976","deg","134755","µV","26.683","°C","1016.000","hPa","35.9","pmil","0","55.690","deg","20.000","°C","100.000","%a.s.","22.400","deg","20.000","°C","962.000","hPa","0.861","-0.02617","0.00035","0","0","13.56","Humid","35.35","0","78.50","281052.97","SABD0002000014","AAV2.0.0.13","3.0.3.1703","PSt7-10","180509-002","9/13/2019 10:46:52 AM","0000-00","0","no battery","V"
"06/11/2023","11:21:53","9","default","547630319","OXY_CH9","25.925","min","157.084","μmol/L","Humid","23.970","deg","134751","µV","26.689","°C","1016.000","hPa","35.9","pmil","0","55.690","deg","20.000","°C","100.000","%a.s.","22.400","deg","20.000","°C","962.000","hPa","0.861","-0.02617","0.00035","0","0","13.56","Humid","35.35","0","78.50","281058.85","SABD0002000014","AAV2.0.0.13","3.0.3.1703","PSt7-10","180509-002","9/13/2019 10:46:52 AM","0000-00","0","no battery","V"
"06/11/2023","11:21:54","9","default","547630319","OXY_CH9","25.941","min","157.128","μmol/L","Humid","23.971","deg","134744","µV","26.677","°C","1016.000","hPa","35.9","pmil","0","55.690","deg","20.000","°C","100.000","%a.s.","22.400","deg","20.000","°C","962.000","hPa","0.861","-0.02617","0.00035","0","0","13.56","Humid","35.35","0","78.50","281060.82","SABD0002000014","AAV2.0.0.13","3.0.3.1703","PSt7-10","180509-002","9/13/2019 10:46:52 AM","0000-00","0","no battery","V"
"06/11/2023","11:21:55","9","default","547630319","OXY_CH9","25.958","min","157.154","μmol/L","Humid","23.969","deg","134727","µV","26.677","°C","1016.000","hPa","35.9","pmil","0","55.690","deg","20.000","°C","100.000","%a.s.","22.400","deg","20.000","°C","962.000","hPa","0.861","-0.02617","0.00035","0","0","13.56","Humid","35.35","0","78.50","281065.55","SABD0002000014","AAV2.0.0.13","3.0.3.1703","PSt7-10","180509-002","9/13/2019 10:46:52 AM","0000-00","0","no battery","V"
"06/11/2023","11:21:56","9","default","547630319","OXY_CH9","25.975","min","157.139","μmol/L","Humid","23.968","deg","134716","µV","26.683","°C","1016.000","hPa","35.9","pmil","0","55.690","deg","20.000","°C","100.000","%a.s.","22.400","deg","20.000","°C","962.000","hPa","0.861","-0.02617","0.00035","0","0","13.56","Humid","35.35","0","78.50","281064.79","SABD0002000014","AAV2.0.0.13","3.0.3.1703","PSt7-10","180509-002","9/13/2019 10:46:52 AM","0000-00","0","no battery","V"
"06/11/2023","11:21:57","9","default","547630319","OXY_CH9","25.991","min","157.167","μmol/L","Humid","23.968","deg","134714","µV","26.677","°C","1016.000","hPa","35.9","pmil","0","55.690","deg","20.000","°C","100.000","%a.s.","22.400","deg","20.000","°C","962.000","hPa","0.861","-0.02617","0.00035","0","0","13.56","Humid","35.35","0","78.50","281065.59","SABD0002000014","AAV2.0.0.13","3.0.3.1703","PSt7-10","180509-002","9/13/2019 10:46:52 AM","0000-00","0","no battery","V"
"06/11/2023","11:21:58","9","default","547630319","OXY_CH9","26.008","min","157.126","μmol/L","Humid","23.969","deg","134709","µV","26.683","°C","1016.000","hPa","35.9","pmil","0","55.690","deg","20.000","°C","100.000","%a.s.","22.400","deg","20.000","°C","962.000","hPa","0.861","-0.02617","0.00035","0","0","13.56","Humid","35.35","0","78.50","281056.51","SABD0002000014","AAV2.0.0.13","3.0.3.1703","PSt7-10","180509-002","9/13/2019 10:46:52 AM","0000-00","0","no battery","V"
"06/11/2023","11:21:59","9","default","547630319","OXY_CH9","26.025","min","157.175","μmol/L","Humid","23.963","deg","134692","µV","26.689","°C","1016.000","hPa","35.9","pmil","0","55.690","deg","20.000","°C","100.000","%a.s.","22.400","deg","20.000","°C","962.000","hPa","0.861","-0.02617","0.00035","0","0","13.56","Humid","35.35","0","78.50","281064.02","SABD0002000014","AAV2.0.0.13","3.0.3.1703","PSt7-10","180509-002","9/13/2019 10:46:52 AM","0000-00","0","no battery","V"
"06/11/2023","11:22:00","9","default","547630319","OXY_CH9","26.042","min","157.136","μmol/L","Humid","23.966","deg","134680","µV","26.689","°C","1016.000","hPa","35.9","pmil","0","55.690","deg","20.000","°C","100.000","%a.s.","22.400","deg","20.000","°C","962.000","hPa","0.861","-0.02617","0.00035","0","0","13.56","Humid","35.35","0","78.50","281057.95","SABD0002000014","AAV2.0.0.13","3.0.3.1703","PSt7-10","180509-002","9/13/2019 10:46:52 AM","0000-00","0","no battery","V"
"06/11/2023","11:22:01","9","default","547630319","OXY_CH9","26.058","min","157.217","μmol/L","Humid","23.962","deg","134669","µV","26.683","°C","1016.000","hPa","35.9","pmil","0","55.690","deg","20.000","°C","100.000","%a.s.","22.400","deg","20.000","°C","962.000","hPa","0.861","-0.02617","0.00035","0","0","13.56","Humid","35.35","0","78.50","281054.28","SABD0002000014","AAV2.0.0.13","3.0.3.1703","PSt7-10","180509-002","9/13/2019 10:46:52 AM","0000-00","0","no battery","V"
"06/11/2023","11:22:02","9","default","547630319","OXY_CH9","26.075","min","157.228","μmol/L","Humid","23.959","deg","134661","µV","26.689","°C","1016.000","hPa","35.9","pmil","0","55.690","deg","20.000","°C","100.000","%a.s.","22.400","deg","20.000","°C","962.000","hPa","0.861","-0.02617","0.00035","0","0","13.56","Humid","35.35","0","78.50","281057.12","SABD0002000014","AAV2.0.0.13","3.0.3.1703","PSt7-10","180509-002","9/13/2019 10:46:52 AM","0000-00","0","no battery","V"
"06/11/2023","11:22:03","9","default","547630319","OXY_CH9","26.091","min","157.243","μmol/L","Humid","23.960","deg","134643","µV","26.683","°C","1016.000","hPa","35.9","pmil","0","55.690","deg","20.000","°C","100.000","%a.s.","22.400","deg","20.000","°C","962.000","hPa","0.861","-0.02617","0.00035","0","0","13.56","Humid","35.35","0","78.50","281051.28","SABD0002000014","AAV2.0.0.13","3.0.3.1703","PSt7-10","180509-002","9/13/2019 10:46:52 AM","0000-00","0","no battery","V"
"06/11/2023","11:22:04","9","default","547630319","OXY_CH9","26.108","min","157.241","μmol/L","Humid","23.958","deg","134646","µV","26.689","°C","1016.000","hPa","35.9","pmil","0","55.690","deg","20.000","°C","100.000","%a.s.","22.400","deg","20.000","°C","962.000","hPa","0.861","-0.02617","0.00035","0","0","13.56","Humid","35.35","0","78.50","281062.42","SABD0002000014","AAV2.0.0.13","3.0.3.1703","PSt7-10","180509-002","9/13/2019 10:46:52 AM","0000-00","0","no battery","V"
"06/11/2023","11:22:05","9","default","547630319","OXY_CH9","26.125","min","157.337","μmol/L","Humid","23.955","deg","134639","µV","26.677","°C","1016.000","hPa","35.9","pmil","0","55.690","deg","20.000","°C","100.000","%a.s.","22.400","deg","20.000","°C","962.000","hPa","0.861","-0.02617","0.00035","0","0","13.56","Humid","35.35","0","78.50","281059.82","SABD0002000014","AAV2.0.0.13","3.0.3.1703","PSt7-10","180509-002","9/13/2019 10:46:52 AM","0000-00","0","no battery","V"
"06/11/2023","11:22:06","9","default","547630319","OXY_CH9","26.141","min","157.350","μmol/L","Humid","23.954","deg","134632","µV","26.677","°C","1016.000","hPa","35.9","pmil","0","55.690","deg","20.000","°C","100.000","%a.s.","22.400","deg","20.000","°C","962.000","hPa","0.861","-0.02617","0.00035","0","0","13.56","Humid","35.35","0","78.50","281062.13","SABD0002000014","AAV2.0.0.13","3.0.3.1703","PSt7-10","180509-002","9/13/2019 10:46:52 AM","0000-00","0","no battery","V"
"06/11/2023","11:22:07","9","default","547630319","OXY_CH9","26.158","min","157.348","μmol/L","Humid","23.952","deg","134618","µV","26.683","°C","1016.000","hPa","35.9","pmil","0","55.690","deg","20.000","°C","100.000","%a.s.","22.400","deg","20.000","°C","962.000","hPa","0.861","-0.02617","0.00035","0","0","13.56","Humid","35.35","0","78.50","281059.57","SABD0002000014","AAV2.0.0.13","3.0.3.1703","PSt7-10","180509-002","9/13/2019 10:46:52 AM","0000-00","0","no battery","V"
"06/11/2023","11:22:08","9","default","547630319","OXY_CH9","26.175","min","157.376","μmol/L","Humid","23.952","deg","134611","µV","26.677","°C","1016.000","hPa","35.9","pmil","0","55.690","deg","20.000","°C","100.000","%a.s.","22.400","deg","20.000","°C","962.000","hPa","0.861","-0.02617","0.00035","0","0","13.56","Humid","35.35","0","78.50","281050.02","SABD0002000014","AAV2.0.0.13","3.0.3.1703","PSt7-10","180509-002","9/13/2019 10:46:52 AM","0000-00","0","no battery","V"
"06/11/2023","11:22:09","9","default","547630319","OXY_CH9","26.191","min","157.415","μmol/L","Humid","23.949","deg","134596","µV","26.677","°C","1016.000","hPa","35.9","pmil","0","55.690","deg","20.000","°C","100.000","%a.s.","22.400","deg","20.000","°C","962.000","hPa","0.861","-0.02617","0.00035","0","0","13.56","Humid","35.35","0","78.50","281058.16","SABD0002000014","AAV2.0.0.13","3.0.3.1703","PSt7-10","180509-002","9/13/2019 10:46:52 AM","0000-00","0","no battery","V"
"06/11/2023","11:22:10","9","default","547630319","OXY_CH9","26.208","min","157.402","μmol/L","Humid","23.950","deg","134590","µV","26.677","°C","1016.000","hPa","35.9","pmil","0","55.690","deg","20.000","°C","100.000","%a.s.","22.400","deg","20.000","°C","962.000","hPa","0.861","-0.02617","0.00035","0","0","13.56","Humid","35.35","0","78.50","281057.03","SABD0002000014","AAV2.0.0.13","3.0.3.1703","PSt7-10","180509-002","9/13/2019 10:46:52 AM","0000-00","0","no battery","V"
"06/11/2023","11:22:11","9","default","547630319","OXY_CH9","26.225","min","157.413","μmol/L","Humid","23.947","deg","134568","µV","26.683","°C","1016.000","hPa","35.9","pmil","0","55.690","deg","20.000","°C","100.000","%a.s.","22.400","deg","20.000","°C","962.000","hPa","0.861","-0.02617","0.00035","0","0","13.56","Humid","35.35","0","78.50","281057.09","SABD0002000014","AAV2.0.0.13","3.0.3.1703","PSt7-10","180509-002","9/13/2019 10:46:52 AM","0000-00","0","no battery","V"
"06/11/2023","11:22:12","9","default","547630319","OXY_CH9","26.241","min","157.413","μmol/L","Humid","23.947","deg","134564","µV","26.683","°C","1016.000","hPa","35.9","pmil","0","55.690","deg","20.000","°C","100.000","%a.s.","22.400","deg","20.000","°C","962.000","hPa","0.861","-0.02617","0.00035","0","0","13.56","Humid","35.35","0","78.50","281047.98","SABD0002000014","AAV2.0.0.13","3.0.3.1703","PSt7-10","180509-002","9/13/2019 10:46:52 AM","0000-00","0","no battery","V"
"06/11/2023","11:22:13","9","default","547630319","OXY_CH9","26.258","min","157.494","μmol/L","Humid","23.943","deg","134554","µV","26.677","°C","1016.000","hPa","35.9","pmil","0","55.690","deg","20.000","°C","100.000","%a.s.","22.400","deg","20.000","°C","962.000","hPa","0.861","-0.02617","0.00035","0","0","13.56","Humid","35.35","0","78.50","281056.54","SABD0002000014","AAV2.0.0.13","3.0.3.1703","PSt7-10","180509-002","9/13/2019 10:46:52 AM","0000-00","0","no battery","V"
"06/11/2023","11:22:14","9","default","547630319","OXY_CH9","26.275","min","157.533","μmol/L","Humid","23.940","deg","134542","µV","26.677","°C","1016.000","hPa","35.9","pmil","0","55.690","deg","20.000","°C","100.000","%a.s.","22.400","deg","20.000","°C","962.000","hPa","0.861","-0.02617","0.00035","0","0","13.56","Humid","35.35","0","78.50","281061.39","SABD0002000014","AAV2.0.0.13","3.0.3.1703","PSt7-10","180509-002","9/13/2019 10:46:52 AM","0000-00","0","no battery","V"
"06/11/2023","11:22:15","9","default","547630319","OXY_CH9","26.292","min","157.518","μmol/L","Humid","23.939","deg","134530","µV","26.683","°C","1016.000","hPa","35.9","pmil","0","55.690","deg","20.000","°C","100.000","%a.s.","22.400","deg","20.000","°C","962.000","hPa","0.861","-0.02617","0.00035","0","0","13.56","Humid","35.35","0","78.50","281055.48","SABD0002000014","AAV2.0.0.13","3.0.3.1703","PSt7-10","180509-002","9/13/2019 10:46:52 AM","0000-00","0","no battery","V"
"06/11/2023","11:22:16","9","default","547630319","OXY_CH9","26.308","min","157.465","μmol/L","Humid","23.943","deg","134521","µV","26.683","°C","1016.000","hPa","35.9","pmil","0","55.690","deg","20.000","°C","100.000","%a.s.","22.400","deg","20.000","°C","962.000","hPa","0.861","-0.02617","0.00035","0","0","13.56","Humid","35.35","0","78.50","281053.92","SABD0002000014","AAV2.0.0.13","3.0.3.1703","PSt7-10","180509-002","9/13/2019 10:46:52 AM","0000-00","0","no battery","V"
"06/11/2023","11:22:17","9","default","547630319","OXY_CH9","26.325","min","157.544","μmol/L","Humid","23.937","deg","134512","µV","26.683","°C","1016.000","hPa","35.9","pmil","0","55.690","deg","20.000","°C","100.000","%a.s.","22.400","deg","20.000","°C","962.000","hPa","0.861","-0.02617","0.00035","0","0","13.56","Humid","35.35","0","78.50","281057.71","SABD0002000014","AAV2.0.0.13","3.0.3.1703","PSt7-10","180509-002","9/13/2019 10:46:52 AM","0000-00","0","no battery","V"
"06/11/2023","11:22:18","9","default","547630319","OXY_CH9","26.341","min","157.559","μmol/L","Humid","23.938","deg","134501","µV","26.677","°C","1016.000","hPa","35.9","pmil","0","55.690","deg","20.000","°C","100.000","%a.s.","22.400","deg","20.000","°C","962.000","hPa","0.861","-0.02617","0.00035","0","0","13.56","Humid","35.35","0","78.50","281057.81","SABD0002000014","AAV2.0.0.13","3.0.3.1703","PSt7-10","180509-002","9/13/2019 10:46:52 AM","0000-00","0","no battery","V"
"06/11/2023","11:22:19","9","default","547630319","OXY_CH9","26.358","min","157.651","μmol/L","Humid","23.931","deg","134491","µV","26.677","°C","1016.000","hPa","35.9","pmil","0","55.690","deg","20.000","°C","100.000","%a.s.","22.400","deg","20.000","°C","962.000","hPa","0.861","-0.02617","0.00035","0","0","13.56","Humid","35.35","0","78.50","281054.22","SABD0002000014","AAV2.0.0.13","3.0.3.1703","PSt7-10","180509-002","9/13/2019 10:46:52 AM","0000-00","0","no battery","V"
"06/11/2023","11:22:20","9","default","547630319","OXY_CH9","26.375","min","157.625","μmol/L","Humid","23.933","deg","134473","µV","26.677","°C","1016.000","hPa","35.9","pmil","0","55.690","deg","20.000","°C","100.000","%a.s.","22.400","deg","20.000","°C","962.000","hPa","0.861","-0.02617","0.00035","0","0","13.56","Humid","35.35","0","78.50","281048.01","SABD0002000014","AAV2.0.0.13","3.0.3.1703","PSt7-10","180509-002","9/13/2019 10:46:52 AM","0000-00","0","no battery","V"
"06/11/2023","11:22:21","9","default","547630319","OXY_CH9","26.391","min","157.677","μmol/L","Humid","23.929","deg","134472","µV","26.677","°C","1016.000","hPa","35.9","pmil","0","55.690","deg","20.000","°C","100.000","%a.s.","22.400","deg","20.000","°C","962.000","hPa","0.861","-0.02617","0.00035","0","0","13.56","Humid","35.35","0","78.50","281048.46","SABD0002000014","AAV2.0.0.13","3.0.3.1703","PSt7-10","180509-002","9/13/2019 10:46:52 AM","0000-00","0","no battery","V"
"06/11/2023","11:22:22","9","default","547630319","OXY_CH9","26.408","min","157.651","μmol/L","Humid","23.931","deg","134460","µV","26.677","°C","1016.000","hPa","35.9","pmil","0","55.690","deg","20.000","°C","100.000","%a.s.","22.400","deg","20.000","°C","962.000","hPa","0.861","-0.02617","0.00035","0","0","13.56","Humid","35.35","0","78.50","281041.66","SABD0002000014","AAV2.0.0.13","3.0.3.1703","PSt7-10","180509-002","9/13/2019 10:46:52 AM","0000-00","0","no battery","V"
"06/11/2023","11:22:23","9","default","547630319","OXY_CH9","26.425","min","157.703","μmol/L","Humid","23.927","deg","134450","µV","26.677","°C","1016.000","hPa","35.9","pmil","0","55.690","deg","20.000","°C","100.000","%a.s.","22.400","deg","20.000","°C","962.000","hPa","0.861","-0.02617","0.00035","0","0","13.56","Humid","35.35","0","78.50","281046.47","SABD0002000014","AAV2.0.0.13","3.0.3.1703","PSt7-10","180509-002","9/13/2019 10:46:52 AM","0000-00","0","no battery","V"
"06/11/2023","11:22:24","9","default","547630319","OXY_CH9","26.441","min","157.714","μmol/L","Humid","23.924","deg","134438","µV","26.683","°C","1016.000","hPa","35.9","pmil","0","55.690","deg","20.000","°C","100.000","%a.s.","22.400","deg","20.000","°C","962.000","hPa","0.861","-0.02617","0.00035","0","0","13.56","Humid","35.35","0","78.50","281047.32","SABD0002000014","AAV2.0.0.13","3.0.3.1703","PSt7-10","180509-002","9/13/2019 10:46:52 AM","0000-00","0","no battery","V"
"06/11/2023","11:22:25","9","default","547630319","OXY_CH9","26.458","min","157.756","μmol/L","Humid","23.923","deg","134425","µV","26.677","°C","1016.000","hPa","35.9","pmil","0","55.690","deg","20.000","°C","100.000","%a.s.","22.400","deg","20.000","°C","962.000","hPa","0.861","-0.02617","0.00035","0","0","13.56","Humid","35.35","0","78.50","281040.98","SABD0002000014","AAV2.0.0.13","3.0.3.1703","PSt7-10","180509-002","9/13/2019 10:46:52 AM","0000-00","0","no battery","V"
"06/11/2023","11:22:26","9","default","547630319","OXY_CH9","26.475","min","157.740","μmol/L","Humid","23.922","deg","134417","µV","26.683","°C","1016.000","hPa","35.9","pmil","0","55.690","deg","20.000","°C","100.000","%a.s.","22.400","deg","20.000","°C","962.000","hPa","0.861","-0.02617","0.00035","0","0","13.56","Humid","35.35","0","78.50","281042.08","SABD0002000014","AAV2.0.0.13","3.0.3.1703","PSt7-10","180509-002","9/13/2019 10:46:52 AM","0000-00","0","no battery","V"
"06/11/2023","11:22:27","9","default","547630319","OXY_CH9","26.491","min","157.751","μmol/L","Humid","23.919","deg","134403","µV","26.689","°C","1016.000","hPa","35.9","pmil","0","55.690","deg","20.000","°C","100.000","%a.s.","22.400","deg","20.000","°C","962.000","hPa","0.861","-0.02617","0.00035","0","0","13.56","Humid","35.35","0","78.50","281028.16","SABD0002000014","AAV2.0.0.13","3.0.3.1703","PSt7-10","180509-002","9/13/2019 10:46:52 AM","0000-00","0","no battery","V"
"06/11/2023","11:22:28","9","default","547630319","OXY_CH9","26.508","min","157.832","μmol/L","Humid","23.915","deg","134396","µV","26.683","°C","1016.000","hPa","35.9","pmil","0","55.690","deg","20.000","°C","100.000","%a.s.","22.400","deg","20.000","°C","962.000","hPa","0.861","-0.02617","0.00035","0","0","13.56","Humid","35.35","0","78.50","281047.91","SABD0002000014","AAV2.0.0.13","3.0.3.1703","PSt7-10","180509-002","9/13/2019 10:46:52 AM","0000-00","0","no battery","V"
"06/11/2023","11:22:29","9","default","547630319","OXY_CH9","26.525","min","157.819","μmol/L","Humid","23.916","deg","134385","µV","26.683","°C","1016.000","hPa","35.9","pmil","0","55.690","deg","20.000","°C","100.000","%a.s.","22.400","deg","20.000","°C","962.000","hPa","0.861","-0.02617","0.00035","0","0","13.56","Humid","35.35","0","78.50","281047.71","SABD0002000014","AAV2.0.0.13","3.0.3.1703","PSt7-10","180509-002","9/13/2019 10:46:52 AM","0000-00","0","no battery","V"
"06/11/2023","11:22:30","9","default","547630319","OXY_CH9","26.542","min","157.806","μmol/L","Humid","23.917","deg","134374","µV","26.683","°C","1016.000","hPa","35.9","pmil","0","55.690","deg","20.000","°C","100.000","%a.s.","22.400","deg","20.000","°C","962.000","hPa","0.861","-0.02617","0.00035","0","0","13.56","Humid","35.35","0","78.50","281045.00","SABD0002000014","AAV2.0.0.13","3.0.3.1703","PSt7-10","180509-002","9/13/2019 10:46:52 AM","0000-00","0","no battery","V"
"06/11/2023","11:22:31","9","default","547630319","OXY_CH9","26.558","min","157.834","μmol/L","Humid","23.917","deg","134360","µV","26.677","°C","1016.000","hPa","35.9","pmil","0","55.690","deg","20.000","°C","100.000","%a.s.","22.400","deg","20.000","°C","962.000","hPa","0.861","-0.02617","0.00035","0","0","13.56","Humid","35.35","0","78.50","281032.77","SABD0002000014","AAV2.0.0.13","3.0.3.1703","PSt7-10","180509-002","9/13/2019 10:46:52 AM","0000-00","0","no battery","V"
"06/11/2023","11:22:32","9","default","547630319","OXY_CH9","26.575","min","157.885","μmol/L","Humid","23.911","deg","134354","µV","26.683","°C","1016.000","hPa","35.9","pmil","0","55.690","deg","20.000","°C","100.000","%a.s.","22.400","deg","20.000","°C","962.000","hPa","0.861","-0.02617","0.00035","0","0","13.56","Humid","35.35","0","78.50","281037.59","SABD0002000014","AAV2.0.0.13","3.0.3.1703","PSt7-10","180509-002","9/13/2019 10:46:52 AM","0000-00","0","no battery","V"
"06/11/2023","11:22:33","9","default","547630319","OXY_CH9","26.591","min","157.830","μmol/L","Humid","23.913","deg","134340","µV","26.689","°C","1016.000","hPa","35.9","pmil","0","55.690","deg","20.000","°C","100.000","%a.s.","22.400","deg","20.000","°C","962.000","hPa","0.861","-0.02617","0.00035","0","0","13.56","Humid","35.35","0","78.50","281045.61","SABD0002000014","AAV2.0.0.13","3.0.3.1703","PSt7-10","180509-002","9/13/2019 10:46:52 AM","0000-00","0","no battery","V"
"06/11/2023","11:22:34","9","default","547630319","OXY_CH9","26.608","min","157.911","μmol/L","Humid","23.909","deg","134331","µV","26.683","°C","1016.000","hPa","35.9","pmil","0","55.690","deg","20.000","°C","100.000","%a.s.","22.400","deg","20.000","°C","962.000","hPa","0.861","-0.02617","0.00035","0","0","13.56","Humid","35.35","0","78.50","281044.12","SABD0002000014","AAV2.0.0.13","3.0.3.1703","PSt7-10","180509-002","9/13/2019 10:46:52 AM","0000-00","0","no battery","V"
"06/11/2023","11:22:35","9","default","547630319","OXY_CH9","26.625","min","157.963","μmol/L","Humid","23.905","deg","134327","µV","26.683","°C","1016.000","hPa","35.9","pmil","0","55.690","deg","20.000","°C","100.000","%a.s.","22.400","deg","20.000","°C","962.000","hPa","0.861","-0.02617","0.00035","0","0","13.56","Humid","35.35","0","78.50","281045.58","SABD0002000014","AAV2.0.0.13","3.0.3.1703","PSt7-10","180509-002","9/13/2019 10:46:52 AM","0000-00","0","no battery","V"
"06/11/2023","11:22:36","9","default","547630319","OXY_CH9","26.642","min","157.976","μmol/L","Humid","23.904","deg","134315","µV","26.683","°C","1016.000","hPa","35.9","pmil","0","55.690","deg","20.000","°C","100.000","%a.s.","22.400","deg","20.000","°C","962.000","hPa","0.861","-0.02617","0.00035","0","0","13.56","Humid","35.35","0","78.50","281042.83","SABD0002000014","AAV2.0.0.13","3.0.3.1703","PSt7-10","180509-002","9/13/2019 10:46:52 AM","0000-00","0","no battery","V"
"06/11/2023","11:22:37","9","default","547630319","OXY_CH9","26.658","min","157.950","μmol/L","Humid","23.906","deg","134300","µV","26.683","°C","1016.000","hPa","35.9","pmil","0","55.690","deg","20.000","°C","100.000","%a.s.","22.400","deg","20.000","°C","962.000","hPa","0.861","-0.02617","0.00035","0","0","13.56","Humid","35.35","0","78.50","281037.75","SABD0002000014","AAV2.0.0.13","3.0.3.1703","PSt7-10","180509-002","9/13/2019 10:46:52 AM","0000-00","0","no battery","V"
"06/11/2023","11:22:38","9","default","547630319","OXY_CH9","26.675","min","158.031","μmol/L","Humid","23.902","deg","134293","µV","26.677","°C","1016.000","hPa","35.9","pmil","0","55.690","deg","20.000","°C","100.000","%a.s.","22.400","deg","20.000","°C","962.000","hPa","0.861","-0.02617","0.00035","0","0","13.56","Humid","35.35","0","78.50","281040.17","SABD0002000014","AAV2.0.0.13","3.0.3.1703","PSt7-10","180509-002","9/13/2019 10:46:52 AM","0000-00","0","no battery","V"
"06/11/2023","11:22:39","9","default","547630319","OXY_CH9","26.692","min","158.042","μmol/L","Humid","23.899","deg","134283","µV","26.683","°C","1016.000","hPa","35.9","pmil","0","55.690","deg","20.000","°C","100.000","%a.s.","22.400","deg","20.000","°C","962.000","hPa","0.861","-0.02617","0.00035","0","0","13.56","Humid","35.35","0","78.50","281032.37","SABD0002000014","AAV2.0.0.13","3.0.3.1703","PSt7-10","180509-002","9/13/2019 10:46:52 AM","0000-00","0","no battery","V"
"06/11/2023","11:22:40","9","default","547630319","OXY_CH9","26.708","min","158.055","μmol/L","Humid","23.898","deg","134271","µV","26.683","°C","1016.000","hPa","35.9","pmil","0","55.690","deg","20.000","°C","100.000","%a.s.","22.400","deg","20.000","°C","962.000","hPa","0.861","-0.02617","0.00035","0","0","13.56","Humid","35.35","0","78.50","281033.26","SABD0002000014","AAV2.0.0.13","3.0.3.1703","PSt7-10","180509-002","9/13/2019 10:46:52 AM","0000-00","0","no battery","V"
"06/11/2023","11:22:41","9","default","547630319","OXY_CH9","26.725","min","158.071","μmol/L","Humid","23.899","deg","134265","µV","26.677","°C","1016.000","hPa","35.9","pmil","0","55.690","deg","20.000","°C","100.000","%a.s.","22.400","deg","20.000","°C","962.000","hPa","0.861","-0.02617","0.00035","0","0","13.56","Humid","35.35","0","78.50","281036.53","SABD0002000014","AAV2.0.0.13","3.0.3.1703","PSt7-10","180509-002","9/13/2019 10:46:52 AM","0000-00","0","no battery","V"
"06/11/2023","11:22:42","9","default","547630319","OXY_CH9","26.741","min","158.068","μmol/L","Humid","23.897","deg","134259","µV","26.683","°C","1016.000","hPa","35.9","pmil","0","55.690","deg","20.000","°C","100.000","%a.s.","22.400","deg","20.000","°C","962.000","hPa","0.861","-0.02617","0.00035","0","0","13.56","Humid","35.35","0","78.50","281033.79","SABD0002000014","AAV2.0.0.13","3.0.3.1703","PSt7-10","180509-002","9/13/2019 10:46:52 AM","0000-00","0","no battery","V"
"06/11/2023","11:22:43","9","default","547630319","OXY_CH9","26.758","min","158.095","μmol/L","Humid","23.895","deg","134250","µV","26.683","°C","1016.000","hPa","35.9","pmil","0","55.690","deg","20.000","°C","100.000","%a.s.","22.400","deg","20.000","°C","962.000","hPa","0.861","-0.02617","0.00035","0","0","13.56","Humid","35.35","0","78.50","281031.18","SABD0002000014","AAV2.0.0.13","3.0.3.1703","PSt7-10","180509-002","9/13/2019 10:46:52 AM","0000-00","0","no battery","V"
"06/11/2023","11:22:44","9","default","547630319","OXY_CH9","26.775","min","158.137","μmol/L","Humid","23.894","deg","134238","µV","26.677","°C","1016.000","hPa","35.9","pmil","0","55.690","deg","20.000","°C","100.000","%a.s.","22.400","deg","20.000","°C","962.000","hPa","0.861","-0.02617","0.00035","0","0","13.56","Humid","35.35","0","78.50","281043.77","SABD0002000014","AAV2.0.0.13","3.0.3.1703","PSt7-10","180509-002","9/13/2019 10:46:52 AM","0000-00","0","no battery","V"
"06/11/2023","11:22:45","9","default","547630319","OXY_CH9","26.792","min","158.137","μmol/L","Humid","23.894","deg","134227","µV","26.677","°C","1016.000","hPa","35.9","pmil","0","55.690","deg","20.000","°C","100.000","%a.s.","22.400","deg","20.000","°C","962.000","hPa","0.861","-0.02617","0.00035","0","0","13.56","Humid","35.35","0","78.50","281048.13","SABD0002000014","AAV2.0.0.13","3.0.3.1703","PSt7-10","180509-002","9/13/2019 10:46:52 AM","0000-00","0","no battery","V"
"06/11/2023","11:22:46","9","default","547630319","OXY_CH9","26.808","min","158.189","μmol/L","Humid","23.890","deg","134214","µV","26.677","°C","1016.000","hPa","35.9","pmil","0","55.690","deg","20.000","°C","100.000","%a.s.","22.400","deg","20.000","°C","962.000","hPa","0.861","-0.02617","0.00035","0","0","13.56","Humid","35.35","0","78.50","281038.03","SABD0002000014","AAV2.0.0.13","3.0.3.1703","PSt7-10","180509-002","9/13/2019 10:46:52 AM","0000-00","0","no battery","V"
"06/11/2023","11:22:47","9","default","547630319","OXY_CH9","26.825","min","158.160","μmol/L","Humid","23.890","deg","134209","µV","26.683","°C","1016.000","hPa","35.9","pmil","0","55.690","deg","20.000","°C","100.000","%a.s.","22.400","deg","20.000","°C","962.000","hPa","0.861","-0.02617","0.00035","0","0","13.56","Humid","35.35","0","78.50","281041.02","SABD0002000014","AAV2.0.0.13","3.0.3.1703","PSt7-10","180509-002","9/13/2019 10:46:52 AM","0000-00","0","no battery","V"
"06/11/2023","11:22:48","9","default","547630319","OXY_CH9","26.841","min","158.187","μmol/L","Humid","23.888","deg","134194","µV","26.683","°C","1016.000","hPa","35.9","pmil","0","55.690","deg","20.000","°C","100.000","%a.s.","22.400","deg","20.000","°C","962.000","hPa","0.861","-0.02617","0.00035","0","0","13.56","Humid","35.35","0","78.50","281028.03","SABD0002000014","AAV2.0.0.13","3.0.3.1703","PSt7-10","180509-002","9/13/2019 10:46:52 AM","0000-00","0","no battery","V"
"06/11/2023","11:22:49","9","default","547630319","OXY_CH9","26.858","min","158.202","μmol/L","Humid","23.889","deg","134185","µV","26.677","°C","1016.000","hPa","35.9","pmil","0","55.690","deg","20.000","°C","100.000","%a.s.","22.400","deg","20.000","°C","962.000","hPa","0.861","-0.02617","0.00035","0","0","13.56","Humid","35.35","0","78.50","281018.48","SABD0002000014","AAV2.0.0.13","3.0.3.1703","PSt7-10","180509-002","9/13/2019 10:46:52 AM","0000-00","0","no battery","V"
"06/11/2023","11:22:50","9","default","547630319","OXY_CH9","26.875","min","158.242","μmol/L","Humid","23.886","deg","134178","µV","26.677","°C","1016.000","hPa","35.9","pmil","0","55.690","deg","20.000","°C","100.000","%a.s.","22.400","deg","20.000","°C","962.000","hPa","0.861","-0.02617","0.00035","0","0","13.56","Humid","35.35","0","78.50","281044.79","SABD0002000014","AAV2.0.0.13","3.0.3.1703","PSt7-10","180509-002","9/13/2019 10:46:52 AM","0000-00","0","no battery","V"
"06/11/2023","11:22:51","9","default","547630319","OXY_CH9","26.891","min","158.281","μmol/L","Humid","23.883","deg","134164","µV","26.677","°C","1016.000","hPa","35.9","pmil","0","55.690","deg","20.000","°C","100.000","%a.s.","22.400","deg","20.000","°C","962.000","hPa","0.861","-0.02617","0.00035","0","0","13.56","Humid","35.35","0","78.50","281025.86","SABD0002000014","AAV2.0.0.13","3.0.3.1703","PSt7-10","180509-002","9/13/2019 10:46:52 AM","0000-00","0","no battery","V"
"06/11/2023","11:22:52","9","default","547630319","OXY_CH9","26.908","min","158.237","μmol/L","Humid","23.882","deg","134161","µV","26.689","°C","1016.000","hPa","35.9","pmil","0","55.690","deg","20.000","°C","100.000","%a.s.","22.400","deg","20.000","°C","962.000","hPa","0.861","-0.02617","0.00035","0","0","13.56","Humid","35.35","0","78.50","281035.07","SABD0002000014","AAV2.0.0.13","3.0.3.1703","PSt7-10","180509-002","9/13/2019 10:46:52 AM","0000-00","0","no battery","V"
"06/11/2023","11:22:53","9","default","547630319","OXY_CH9","26.925","min","158.253","μmol/L","Humid","23.883","deg","134146","µV","26.683","°C","1016.000","hPa","35.9","pmil","0","55.690","deg","20.000","°C","100.000","%a.s.","22.400","deg","20.000","°C","962.000","hPa","0.861","-0.02617","0.00035","0","0","13.56","Humid","35.35","0","78.50","281030.10","SABD0002000014","AAV2.0.0.13","3.0.3.1703","PSt7-10","180509-002","9/13/2019 10:46:52 AM","0000-00","0","no battery","V"
"06/11/2023","11:22:54","9","default","547630319","OXY_CH9","26.941","min","158.305","μmol/L","Humid","23.879","deg","134136","µV","26.683","°C","1016.000","hPa","35.9","pmil","0","55.690","deg","20.000","°C","100.000","%a.s.","22.400","deg","20.000","°C","962.000","hPa","0.861","-0.02617","0.00035","0","0","13.56","Humid","35.35","0","78.50","281033.04","SABD0002000014","AAV2.0.0.13","3.0.3.1703","PSt7-10","180509-002","9/13/2019 10:46:52 AM","0000-00","0","no battery","V"
"06/11/2023","11:22:55","9","default","547630319","OXY_CH9","26.958","min","158.360","μmol/L","Humid","23.877","deg","134125","µV","26.677","°C","1016.000","hPa","35.9","pmil","0","55.690","deg","20.000","°C","100.000","%a.s.","22.400","deg","20.000","°C","962.000","hPa","0.861","-0.02617","0.00035","0","0","13.56","Humid","35.35","0","78.50","281038.29","SABD0002000014","AAV2.0.0.13","3.0.3.1703","PSt7-10","180509-002","9/13/2019 10:46:52 AM","0000-00","0","no battery","V"
"06/11/2023","11:22:56","9","default","547630319","OXY_CH9","26.975","min","158.400","μmol/L","Humid","23.874","deg","134113","µV","26.677","°C","1016.000","hPa","35.9","pmil","0","55.690","deg","20.000","°C","100.000","%a.s.","22.400","deg","20.000","°C","962.000","hPa","0.861","-0.02617","0.00035","0","0","13.56","Humid","35.35","0","78.50","281020.41","SABD0002000014","AAV2.0.0.13","3.0.3.1703","PSt7-10","180509-002","9/13/2019 10:46:52 AM","0000-00","0","no battery","V"
"06/11/2023","11:22:57","9","default","547630319","OXY_CH9","26.991","min","158.413","μmol/L","Humid","23.873","deg","134103","µV","26.677","°C","1016.000","hPa","35.9","pmil","0","55.690","deg","20.000","°C","100.000","%a.s.","22.400","deg","20.000","°C","962.000","hPa","0.861","-0.02617","0.00035","0","0","13.56","Humid","35.35","0","78.50","281026.49","SABD0002000014","AAV2.0.0.13","3.0.3.1703","PSt7-10","180509-002","9/13/2019 10:46:52 AM","0000-00","0","no battery","V"
"06/11/2023","11:22:58","9","default","547630319","OXY_CH9","27.008","min","158.424","μmol/L","Humid","23.870","deg","134106","µV","26.683","°C","1016.000","hPa","35.9","pmil","0","55.690","deg","20.000","°C","100.000","%a.s.","22.400","deg","20.000","°C","962.000","hPa","0.861","-0.02617","0.00035","0","0","13.56","Humid","35.35","0","78.50","281029.64","SABD0002000014","AAV2.0.0.13","3.0.3.1703","PSt7-10","180509-002","9/13/2019 10:46:52 AM","0000-00","0","no battery","V"
"06/11/2023","11:22:59","9","default","547630319","OXY_CH9","27.025","min","158.395","μmol/L","Humid","23.870","deg","134080","µV","26.689","°C","1016.000","hPa","35.9","pmil","0","55.690","deg","20.000","°C","100.000","%a.s.","22.400","deg","20.000","°C","962.000","hPa","0.861","-0.02617","0.00035","0","0","13.56","Humid","35.35","0","78.50","281019.12","SABD0002000014","AAV2.0.0.13","3.0.3.1703","PSt7-10","180509-002","9/13/2019 10:46:52 AM","0000-00","0","no battery","V"
"06/11/2023","11:23:00","9","default","547630319","OXY_CH9","27.042","min","158.453","μmol/L","Humid","23.870","deg","134073","µV","26.677","°C","1016.000","hPa","35.9","pmil","0","55.690","deg","20.000","°C","100.000","%a.s.","22.400","deg","20.000","°C","962.000","hPa","0.861","-0.02617","0.00035","0","0","13.56","Humid","35.35","0","78.50","281025.91","SABD0002000014","AAV2.0.0.13","3.0.3.1703","PSt7-10","180509-002","9/13/2019 10:46:52 AM","0000-00","0","no battery","V"
"06/11/2023","11:23:01","9","default","547630319","OXY_CH9","27.059","min","158.463","μmol/L","Humid","23.867","deg","134070","µV","26.683","°C","1016.000","hPa","35.9","pmil","0","55.690","deg","20.000","°C","100.000","%a.s.","22.400","deg","20.000","°C","962.000","hPa","0.861","-0.02617","0.00035","0","0","13.56","Humid","35.35","0","78.50","281031.48","SABD0002000014","AAV2.0.0.13","3.0.3.1703","PSt7-10","180509-002","9/13/2019 10:46:52 AM","0000-00","0","no battery","V"
"06/11/2023","11:23:02","9","default","547630319","OXY_CH9","27.075","min","158.421","μmol/L","Humid","23.868","deg","134068","µV","26.689","°C","1016.000","hPa","35.9","pmil","0","55.690","deg","20.000","°C","100.000","%a.s.","22.400","deg","20.000","°C","962.000","hPa","0.861","-0.02617","0.00035","0","0","13.56","Humid","35.35","0","78.50","281037.06","SABD0002000014","AAV2.0.0.13","3.0.3.1703","PSt7-10","180509-002","9/13/2019 10:46:52 AM","0000-00","0","no battery","V"
"06/11/2023","11:23:03","9","default","547630319","OXY_CH9","27.092","min","158.476","μmol/L","Humid","23.866","deg","134049","µV","26.683","°C","1016.000","hPa","35.9","pmil","0","55.690","deg","20.000","°C","100.000","%a.s.","22.400","deg","20.000","°C","962.000","hPa","0.861","-0.02617","0.00035","0","0","13.56","Humid","35.35","0","78.50","281028.53","SABD0002000014","AAV2.0.0.13","3.0.3.1703","PSt7-10","180509-002","9/13/2019 10:46:52 AM","0000-00","0","no battery","V"
"06/11/2023","11:23:04","9","default","547630319","OXY_CH9","27.109","min","158.516","μmol/L","Humid","23.863","deg","134030","µV","26.683","°C","1016.000","hPa","35.9","pmil","0","55.690","deg","20.000","°C","100.000","%a.s.","22.400","deg","20.000","°C","962.000","hPa","0.861","-0.02617","0.00035","0","0","13.56","Humid","35.35","0","78.50","281021.26","SABD0002000014","AAV2.0.0.13","3.0.3.1703","PSt7-10","180509-002","9/13/2019 10:46:52 AM","0000-00","0","no battery","V"
"06/11/2023","11:23:05","9","default","547630319","OXY_CH9","27.125","min","158.542","μmol/L","Humid","23.861","deg","134024","µV","26.683","°C","1016.000","hPa","35.9","pmil","0","55.690","deg","20.000","°C","100.000","%a.s.","22.400","deg","20.000","°C","962.000","hPa","0.861","-0.02617","0.00035","0","0","13.56","Humid","35.35","0","78.50","281019.40","SABD0002000014","AAV2.0.0.13","3.0.3.1703","PSt7-10","180509-002","9/13/2019 10:46:52 AM","0000-00","0","no battery","V"
"06/11/2023","11:23:06","9","default","547630319","OXY_CH9","27.142","min","158.542","μmol/L","Humid","23.861","deg","134010","µV","26.683","°C","1016.000","hPa","35.9","pmil","0","55.690","deg","20.000","°C","100.000","%a.s.","22.400","deg","20.000","°C","962.000","hPa","0.861","-0.02617","0.00035","0","0","13.56","Humid","35.35","0","78.50","281024.48","SABD0002000014","AAV2.0.0.13","3.0.3.1703","PSt7-10","180509-002","9/13/2019 10:46:52 AM","0000-00","0","no battery","V"
"06/11/2023","11:23:07","9","default","547630319","OXY_CH9","27.158","min","158.569","μmol/L","Humid","23.859","deg","134006","µV","26.683","°C","1016.000","hPa","35.9","pmil","0","55.690","deg","20.000","°C","100.000","%a.s.","22.400","deg","20.000","°C","962.000","hPa","0.861","-0.02617","0.00035","0","0","13.56","Humid","35.35","0","78.50","281026.25","SABD0002000014","AAV2.0.0.13","3.0.3.1703","PSt7-10","180509-002","9/13/2019 10:46:52 AM","0000-00","0","no battery","V"
"06/11/2023","11:23:08","9","default","547630319","OXY_CH9","27.175","min","158.595","μmol/L","Humid","23.857","deg","133997","µV","26.683","°C","1016.000","hPa","35.9","pmil","0","55.690","deg","20.000","°C","100.000","%a.s.","22.400","deg","20.000","°C","962.000","hPa","0.861","-0.02617","0.00035","0","0","13.56","Humid","35.35","0","78.50","281025.98","SABD0002000014","AAV2.0.0.13","3.0.3.1703","PSt7-10","180509-002","9/13/2019 10:46:52 AM","0000-00","0","no battery","V"
"06/11/2023","11:23:09","9","default","547630319","OXY_CH9","27.192","min","158.540","μmol/L","Humid","23.859","deg","133983","µV","26.689","°C","1016.000","hPa","35.9","pmil","0","55.690","deg","20.000","°C","100.000","%a.s.","22.400","deg","20.000","°C","962.000","hPa","0.861","-0.02617","0.00035","0","0","13.56","Humid","35.35","0","78.50","281015.95","SABD0002000014","AAV2.0.0.13","3.0.3.1703","PSt7-10","180509-002","9/13/2019 10:46:52 AM","0000-00","0","no battery","V"
"06/11/2023","11:23:10","9","default","547630319","OXY_CH9","27.208","min","158.635","μmol/L","Humid","23.854","deg","133980","µV","26.683","°C","1016.000","hPa","35.9","pmil","0","55.690","deg","20.000","°C","100.000","%a.s.","22.400","deg","20.000","°C","962.000","hPa","0.861","-0.02617","0.00035","0","0","13.56","Humid","35.35","0","78.50","281031.69","SABD0002000014","AAV2.0.0.13","3.0.3.1703","PSt7-10","180509-002","9/13/2019 10:46:52 AM","0000-00","0","no battery","V"
"06/11/2023","11:23:11","9","default","547630319","OXY_CH9","27.225","min","158.674","μmol/L","Humid","23.851","deg","133965","µV","26.683","°C","1016.000","hPa","35.9","pmil","0","55.690","deg","20.000","°C","100.000","%a.s.","22.400","deg","20.000","°C","962.000","hPa","0.861","-0.02617","0.00035","0","0","13.56","Humid","35.35","0","78.50","281022.39","SABD0002000014","AAV2.0.0.13","3.0.3.1703","PSt7-10","180509-002","9/13/2019 10:46:52 AM","0000-00","0","no battery","V"
"06/11/2023","11:23:12","9","default","547630319","OXY_CH9","27.241","min","158.690","μmol/L","Humid","23.852","deg","133958","µV","26.677","°C","1016.000","hPa","35.9","pmil","0","55.690","deg","20.000","°C","100.000","%a.s.","22.400","deg","20.000","°C","962.000","hPa","0.861","-0.02617","0.00035","0","0","13.56","Humid","35.35","0","78.50","281028.31","SABD0002000014","AAV2.0.0.13","3.0.3.1703","PSt7-10","180509-002","9/13/2019 10:46:52 AM","0000-00","0","no battery","V"
"06/11/2023","11:23:13","9","default","547630319","OXY_CH9","27.258","min","158.756","μmol/L","Humid","23.847","deg","133948","µV","26.677","°C","1016.000","hPa","35.9","pmil","0","55.690","deg","20.000","°C","100.000","%a.s.","22.400","deg","20.000","°C","962.000","hPa","0.861","-0.02617","0.00035","0","0","13.56","Humid","35.35","0","78.50","281023.61","SABD0002000014","AAV2.0.0.13","3.0.3.1703","PSt7-10","180509-002","9/13/2019 10:46:52 AM","0000-00","0","no battery","V"
"06/11/2023","11:23:14","9","default","547630319","OXY_CH9","27.274","min","158.743","μmol/L","Humid","23.848","deg","133932","µV","26.677","°C","1016.000","hPa","35.9","pmil","0","55.690","deg","20.000","°C","100.000","%a.s.","22.400","deg","20.000","°C","962.000","hPa","0.861","-0.02617","0.00035","0","0","13.56","Humid","35.35","0","78.50","281018.13","SABD0002000014","AAV2.0.0.13","3.0.3.1703","PSt7-10","180509-002","9/13/2019 10:46:52 AM","0000-00","0","no battery","V"
"06/11/2023","11:23:15","9","default","547630319","OXY_CH9","27.291","min","158.767","μmol/L","Humid","23.844","deg","133927","µV","26.683","°C","1016.000","hPa","35.9","pmil","0","55.690","deg","20.000","°C","100.000","%a.s.","22.400","deg","20.000","°C","962.000","hPa","0.861","-0.02617","0.00035","0","0","13.56","Humid","35.35","0","78.50","281017.69","SABD0002000014","AAV2.0.0.13","3.0.3.1703","PSt7-10","180509-002","9/13/2019 10:46:52 AM","0000-00","0","no battery","V"
"06/11/2023","11:23:16","9","default","547630319","OXY_CH9","27.308","min","158.754","μmol/L","Humid","23.845","deg","133914","µV","26.683","°C","1016.000","hPa","35.9","pmil","0","55.690","deg","20.000","°C","100.000","%a.s.","22.400","deg","20.000","°C","962.000","hPa","0.861","-0.02617","0.00035","0","0","13.56","Humid","35.35","0","78.50","281023.27","SABD0002000014","AAV2.0.0.13","3.0.3.1703","PSt7-10","180509-002","9/13/2019 10:46:52 AM","0000-00","0","no battery","V"
"06/11/2023","11:23:17","9","default","547630319","OXY_CH9","27.325","min","158.849","μmol/L","Humid","23.840","deg","133896","µV","26.677","°C","1016.000","hPa","35.9","pmil","0","55.690","deg","20.000","°C","100.000","%a.s.","22.400","deg","20.000","°C","962.000","hPa","0.861","-0.02617","0.00035","0","0","13.56","Humid","35.35","0","78.50","281017.24","SABD0002000014","AAV2.0.0.13","3.0.3.1703","PSt7-10","180509-002","9/13/2019 10:46:52 AM","0000-00","0","no battery","V"
"06/11/2023","11:23:18","9","default","547630319","OXY_CH9","27.341","min","158.767","μmol/L","Humid","23.844","deg","133900","µV","26.683","°C","1016.000","hPa","35.9","pmil","0","55.690","deg","20.000","°C","100.000","%a.s.","22.400","deg","20.000","°C","962.000","hPa","0.861","-0.02617","0.00035","0","0","13.56","Humid","35.35","0","78.50","281010.15","SABD0002000014","AAV2.0.0.13","3.0.3.1703","PSt7-10","180509-002","9/13/2019 10:46:52 AM","0000-00","0","no battery","V"
"06/11/2023","11:23:19","9","default","547630319","OXY_CH9","27.358","min","158.817","μmol/L","Humid","23.838","deg","133890","µV","26.689","°C","1016.000","hPa","35.9","pmil","0","55.690","deg","20.000","°C","100.000","%a.s.","22.400","deg","20.000","°C","962.000","hPa","0.861","-0.02617","0.00035","0","0","13.56","Humid","35.35","0","78.50","281020.47","SABD0002000014","AAV2.0.0.13","3.0.3.1703","PSt7-10","180509-002","9/13/2019 10:46:52 AM","0000-00","0","no battery","V"
"06/11/2023","11:23:20","9","default","547630319","OXY_CH9","27.375","min","158.846","μmol/L","Humid","23.838","deg","133877","µV","26.683","°C","1016.000","hPa","35.9","pmil","0","55.690","deg","20.000","°C","100.000","%a.s.","22.400","deg","20.000","°C","962.000","hPa","0.861","-0.02617","0.00035","0","0","13.56","Humid","35.35","0","78.50","281027.86","SABD0002000014","AAV2.0.0.13","3.0.3.1703","PSt7-10","180509-002","9/13/2019 10:46:52 AM","0000-00","0","no battery","V"
"06/11/2023","11:23:21","9","default","547630319","OXY_CH9","27.391","min","158.859","μmol/L","Humid","23.837","deg","133866","µV","26.683","°C","1016.000","hPa","35.9","pmil","0","55.690","deg","20.000","°C","100.000","%a.s.","22.400","deg","20.000","°C","962.000","hPa","0.861","-0.02617","0.00035","0","0","13.56","Humid","35.35","0","78.50","281017.59","SABD0002000014","AAV2.0.0.13","3.0.3.1703","PSt7-10","180509-002","9/13/2019 10:46:52 AM","0000-00","0","no battery","V"
"06/11/2023","11:23:22","9","default","547630319","OXY_CH9","27.408","min","158.859","μmol/L","Humid","23.837","deg","133860","µV","26.683","°C","1016.000","hPa","35.9","pmil","0","55.690","deg","20.000","°C","100.000","%a.s.","22.400","deg","20.000","°C","962.000","hPa","0.861","-0.02617","0.00035","0","0","13.56","Humid","35.35","0","78.50","281020.50","SABD0002000014","AAV2.0.0.13","3.0.3.1703","PSt7-10","180509-002","9/13/2019 10:46:52 AM","0000-00","0","no battery","V"
"06/11/2023","11:23:23","9","default","547630319","OXY_CH9","27.425","min","158.857","μmol/L","Humid","23.835","deg","133844","µV","26.689","°C","1016.000","hPa","35.9","pmil","0","55.690","deg","20.000","°C","100.000","%a.s.","22.400","deg","20.000","°C","962.000","hPa","0.861","-0.02617","0.00035","0","0","13.56","Humid","35.35","0","78.50","281022.85","SABD0002000014","AAV2.0.0.13","3.0.3.1703","PSt7-10","180509-002","9/13/2019 10:46:52 AM","0000-00","0","no battery","V"
"06/11/2023","11:23:24","9","default","547630319","OXY_CH9","27.441","min","158.883","μmol/L","Humid","23.833","deg","133838","µV","26.689","°C","1016.000","hPa","35.9","pmil","0","55.690","deg","20.000","°C","100.000","%a.s.","22.400","deg","20.000","°C","962.000","hPa","0.861","-0.02617","0.00035","0","0","13.56","Humid","35.35","0","78.50","281010.42","SABD0002000014","AAV2.0.0.13","3.0.3.1703","PSt7-10","180509-002","9/13/2019 10:46:52 AM","0000-00","0","no battery","V"
"06/11/2023","11:23:25","9","default","547630319","OXY_CH9","27.458","min","158.941","μmol/L","Humid","23.833","deg","133827","µV","26.677","°C","1016.000","hPa","35.9","pmil","0","55.690","deg","20.000","°C","100.000","%a.s.","22.400","deg","20.000","°C","962.000","hPa","0.861","-0.02617","0.00035","0","0","13.56","Humid","35.35","0","78.50","281018.28","SABD0002000014","AAV2.0.0.13","3.0.3.1703","PSt7-10","180509-002","9/13/2019 10:46:52 AM","0000-00","0","no battery","V"
"06/11/2023","11:23:26","9","default","547630319","OXY_CH9","27.475","min","158.981","μmol/L","Humid","23.830","deg","133827","µV","26.677","°C","1016.000","hPa","35.9","pmil","0","55.690","deg","20.000","°C","100.000","%a.s.","22.400","deg","20.000","°C","962.000","hPa","0.861","-0.02617","0.00035","0","0","13.56","Humid","35.35","0","78.50","281024.93","SABD0002000014","AAV2.0.0.13","3.0.3.1703","PSt7-10","180509-002","9/13/2019 10:46:52 AM","0000-00","0","no battery","V"
"06/11/2023","11:23:27","9","default","547630319","OXY_CH9","27.491","min","158.992","μmol/L","Humid","23.827","deg","133809","µV","26.683","°C","1016.000","hPa","35.9","pmil","0","55.690","deg","20.000","°C","100.000","%a.s.","22.400","deg","20.000","°C","962.000","hPa","0.861","-0.02617","0.00035","0","0","13.56","Humid","35.35","0","78.50","281011.38","SABD0002000014","AAV2.0.0.13","3.0.3.1703","PSt7-10","180509-002","9/13/2019 10:46:52 AM","0000-00","0","no battery","V"
"06/11/2023","11:23:28","9","default","547630319","OXY_CH9","27.508","min","158.992","μmol/L","Humid","23.827","deg","133797","µV","26.683","°C","1016.000","hPa","35.9","pmil","0","55.690","deg","20.000","°C","100.000","%a.s.","22.400","deg","20.000","°C","962.000","hPa","0.861","-0.02617","0.00035","0","0","13.56","Humid","35.35","0","78.50","281023.70","SABD0002000014","AAV2.0.0.13","3.0.3.1703","PSt7-10","180509-002","9/13/2019 10:46:52 AM","0000-00","0","no battery","V"
"06/11/2023","11:23:29","9","default","547630319","OXY_CH9","27.525","min","158.989","μmol/L","Humid","23.825","deg","133786","µV","26.689","°C","1016.000","hPa","35.9","pmil","0","55.690","deg","20.000","°C","100.000","%a.s.","22.400","deg","20.000","°C","962.000","hPa","0.861","-0.02617","0.00035","0","0","13.56","Humid","35.35","0","78.50","281007.98","SABD0002000014","AAV2.0.0.13","3.0.3.1703","PSt7-10","180509-002","9/13/2019 10:46:52 AM","0000-00","0","no battery","V"
"06/11/2023","11:23:30","9","default","547630319","OXY_CH9","27.541","min","159.034","μmol/L","Humid","23.826","deg","133773","µV","26.677","°C","1016.000","hPa","35.9","pmil","0","55.690","deg","20.000","°C","100.000","%a.s.","22.400","deg","20.000","°C","962.000","hPa","0.861","-0.02617","0.00035","0","0","13.56","Humid","35.35","0","78.50","281010.51","SABD0002000014","AAV2.0.0.13","3.0.3.1703","PSt7-10","180509-002","9/13/2019 10:46:52 AM","0000-00","0","no battery","V"
"06/11/2023","11:23:31","9","default","547630319","OXY_CH9","27.558","min","159.045","μmol/L","Humid","23.823","deg","133766","µV","26.683","°C","1016.000","hPa","35.9","pmil","0","55.690","deg","20.000","°C","100.000","%a.s.","22.400","deg","20.000","°C","962.000","hPa","0.861","-0.02617","0.00035","0","0","13.56","Humid","35.35","0","78.50","281009.70","SABD0002000014","AAV2.0.0.13","3.0.3.1703","PSt7-10","180509-002","9/13/2019 10:46:52 AM","0000-00","0","no battery","V"
"06/11/2023","11:23:32","9","default","547630319","OXY_CH9","27.575","min","159.087","μmol/L","Humid","23.822","deg","133754","µV","26.677","°C","1016.000","hPa","35.9","pmil","0","55.690","deg","20.000","°C","100.000","%a.s.","22.400","deg","20.000","°C","962.000","hPa","0.861","-0.02617","0.00035","0","0","13.56","Humid","35.35","0","78.50","281009.15","SABD0002000014","AAV2.0.0.13","3.0.3.1703","PSt7-10","180509-002","9/13/2019 10:46:52 AM","0000-00","0","no battery","V"
"06/11/2023","11:23:33","9","default","547630319","OXY_CH9","27.591","min","159.111","μmol/L","Humid","23.818","deg","133749","µV","26.683","°C","1016.000","hPa","35.9","pmil","0","55.690","deg","20.000","°C","100.000","%a.s.","22.400","deg","20.000","°C","962.000","hPa","0.861","-0.02617","0.00035","0","0","13.56","Humid","35.35","0","78.50","281006.77","SABD0002000014","AAV2.0.0.13","3.0.3.1703","PSt7-10","180509-002","9/13/2019 10:46:52 AM","0000-00","0","no battery","V"
"06/11/2023","11:23:34","9","default","547630319","OXY_CH9","27.608","min","159.082","μmol/L","Humid","23.818","deg","133738","µV","26.689","°C","1016.000","hPa","35.9","pmil","0","55.690","deg","20.000","°C","100.000","%a.s.","22.400","deg","20.000","°C","962.000","hPa","0.861","-0.02617","0.00035","0","0","13.56","Humid","35.35","0","78.50","281013.25","SABD0002000014","AAV2.0.0.13","3.0.3.1703","PSt7-10","180509-002","9/13/2019 10:46:52 AM","0000-00","0","no battery","V"
"06/11/2023","11:23:35","9","default","547630319","OXY_CH9","27.624","min","159.082","μmol/L","Humid","23.818","deg","133715","µV","26.689","°C","1016.000","hPa","35.9","pmil","0","55.690","deg","20.000","°C","100.000","%a.s.","22.400","deg","20.000","°C","962.000","hPa","0.861","-0.02617","0.00035","0","0","13.56","Humid","35.35","0","78.50","281001.16","SABD0002000014","AAV2.0.0.13","3.0.3.1703","PSt7-10","180509-002","9/13/2019 10:46:52 AM","0000-00","0","no battery","V"
"06/11/2023","11:23:36","9","default","547630319","OXY_CH9","27.641","min","159.177","μmol/L","Humid","23.813","deg","133721","µV","26.683","°C","1016.000","hPa","35.9","pmil","0","55.690","deg","20.000","°C","100.000","%a.s.","22.400","deg","20.000","°C","962.000","hPa","0.861","-0.02617","0.00035","0","0","13.56","Humid","35.35","0","78.50","281008.59","SABD0002000014","AAV2.0.0.13","3.0.3.1703","PSt7-10","180509-002","9/13/2019 10:46:52 AM","0000-00","0","no battery","V"
"06/11/2023","11:23:37","9","default","547630319","OXY_CH9","27.658","min","159.135","μmol/L","Humid","23.814","deg","133711","µV","26.689","°C","1016.000","hPa","35.9","pmil","0","55.690","deg","20.000","°C","100.000","%a.s.","22.400","deg","20.000","°C","962.000","hPa","0.861","-0.02617","0.00035","0","0","13.56","Humid","35.35","0","78.50","281012.34","SABD0002000014","AAV2.0.0.13","3.0.3.1703","PSt7-10","180509-002","9/13/2019 10:46:52 AM","0000-00","0","no battery","V"
"06/11/2023","11:23:38","9","default","547630319","OXY_CH9","27.675","min","159.230","μmol/L","Humid","23.809","deg","133692","µV","26.683","°C","1016.000","hPa","35.9","pmil","0","55.690","deg","20.000","°C","100.000","%a.s.","22.400","deg","20.000","°C","962.000","hPa","0.861","-0.02617","0.00035","0","0","13.56","Humid","35.35","0","78.50","281003.05","SABD0002000014","AAV2.0.0.13","3.0.3.1703","PSt7-10","180509-002","9/13/2019 10:46:52 AM","0000-00","0","no battery","V"
"06/11/2023","11:23:39","9","default","547630319","OXY_CH9","27.691","min","159.246","μmol/L","Humid","23.810","deg","133692","µV","26.677","°C","1016.000","hPa","35.9","pmil","0","55.690","deg","20.000","°C","100.000","%a.s.","22.400","deg","20.000","°C","962.000","hPa","0.861","-0.02617","0.00035","0","0","13.56","Humid","35.35","0","78.50","281017.48","SABD0002000014","AAV2.0.0.13","3.0.3.1703","PSt7-10","180509-002","9/13/2019 10:46:52 AM","0000-00","0","no battery","V"
"06/11/2023","11:23:40","9","default","547630319","OXY_CH9","27.708","min","159.257","μmol/L","Humid","23.807","deg","133679","µV","26.683","°C","1016.000","hPa","35.9","pmil","0","55.690","deg","20.000","°C","100.000","%a.s.","22.400","deg","20.000","°C","962.000","hPa","0.861","-0.02617","0.00035","0","0","13.56","Humid","35.35","0","78.50","281010.12","SABD0002000014","AAV2.0.0.13","3.0.3.1703","PSt7-10","180509-002","9/13/2019 10:46:52 AM","0000-00","0","no battery","V"
"06/11/2023","11:23:41","9","default","547630319","OXY_CH9","27.725","min","159.257","μmol/L","Humid","23.807","deg","133664","µV","26.683","°C","1016.000","hPa","35.9","pmil","0","55.690","deg","20.000","°C","100.000","%a.s.","22.400","deg","20.000","°C","962.000","hPa","0.861","-0.02617","0.00035","0","0","13.56","Humid","35.35","0","78.50","281000.81","SABD0002000014","AAV2.0.0.13","3.0.3.1703","PSt7-10","180509-002","9/13/2019 10:46:52 AM","0000-00","0","no battery","V"
"06/11/2023","11:23:42","9","default","547630319","OXY_CH9","27.742","min","159.272","μmol/L","Humid","23.808","deg","133662","µV","26.677","°C","1016.000","hPa","35.9","pmil","0","55.690","deg","20.000","°C","100.000","%a.s.","22.400","deg","20.000","°C","962.000","hPa","0.861","-0.02617","0.00035","0","0","13.56","Humid","35.35","0","78.50","281009.44","SABD0002000014","AAV2.0.0.13","3.0.3.1703","PSt7-10","180509-002","9/13/2019 10:46:52 AM","0000-00","0","no battery","V"
"06/11/2023","11:23:43","9","default","547630319","OXY_CH9","27.758","min","159.325","μmol/L","Humid","23.804","deg","133643","µV","26.677","°C","1016.000","hPa","35.9","pmil","0","55.690","deg","20.000","°C","100.000","%a.s.","22.400","deg","20.000","°C","962.000","hPa","0.861","-0.02617","0.00035","0","0","13.56","Humid","35.35","0","78.50","280996.45","SABD0002000014","AAV2.0.0.13","3.0.3.1703","PSt7-10","180509-002","9/13/2019 10:46:52 AM","0000-00","0","no battery","V"
"06/11/2023","11:23:44","9","default","547630319","OXY_CH9","27.775","min","159.339","μmol/L","Humid","23.803","deg","133634","µV","26.677","°C","1016.000","hPa","35.9","pmil","0","55.690","deg","20.000","°C","100.000","%a.s.","22.400","deg","20.000","°C","962.000","hPa","0.861","-0.02617","0.00035","0","0","13.56","Humid","35.35","0","78.50","280991.16","SABD0002000014","AAV2.0.0.13","3.0.3.1703","PSt7-10","180509-002","9/13/2019 10:46:52 AM","0000-00","0","no battery","V"
"06/11/2023","11:23:45","9","default","547630319","OXY_CH9","27.792","min","159.418","μmol/L","Humid","23.797","deg","133635","µV","26.677","°C","1016.000","hPa","35.9","pmil","0","55.690","deg","20.000","°C","100.000","%a.s.","22.400","deg","20.000","°C","962.000","hPa","0.861","-0.02617","0.00035","0","0","13.56","Humid","35.35","0","78.50","281009.77","SABD0002000014","AAV2.0.0.13","3.0.3.1703","PSt7-10","180509-002","9/13/2019 10:46:52 AM","0000-00","0","no battery","V"
"06/11/2023","11:23:46","9","default","547630319","OXY_CH9","27.808","min","159.389","μmol/L","Humid","23.797","deg","133613","µV","26.683","°C","1016.000","hPa","35.9","pmil","0","55.690","deg","20.000","°C","100.000","%a.s.","22.400","deg","20.000","°C","962.000","hPa","0.861","-0.02617","0.00035","0","0","13.56","Humid","35.35","0","78.50","280990.83","SABD0002000014","AAV2.0.0.13","3.0.3.1703","PSt7-10","180509-002","9/13/2019 10:46:52 AM","0000-00","0","no battery","V"
"06/11/2023","11:23:47","9","default","547630319","OXY_CH9","27.825","min","159.376","μmol/L","Humid","23.798","deg","133606","µV","26.683","°C","1016.000","hPa","35.9","pmil","0","55.690","deg","20.000","°C","100.000","%a.s.","22.400","deg","20.000","°C","962.000","hPa","0.861","-0.02617","0.00035","0","0","13.56","Humid","35.35","0","78.50","280998.24","SABD0002000014","AAV2.0.0.13","3.0.3.1703","PSt7-10","180509-002","9/13/2019 10:46:52 AM","0000-00","0","no battery","V"
"06/11/2023","11:23:48","9","default","547630319","OXY_CH9","27.841","min","159.389","μmol/L","Humid","23.797","deg","133606","µV","26.683","°C","1016.000","hPa","35.9","pmil","0","55.690","deg","20.000","°C","100.000","%a.s.","22.400","deg","20.000","°C","962.000","hPa","0.861","-0.02617","0.00035","0","0","13.56","Humid","35.35","0","78.50","281011.83","SABD0002000014","AAV2.0.0.13","3.0.3.1703","PSt7-10","180509-002","9/13/2019 10:46:52 AM","0000-00","0","no battery","V"
"06/11/2023","11:23:49","9","default","547630319","OXY_CH9","27.858","min","159.432","μmol/L","Humid","23.796","deg","133589","µV","26.677","°C","1016.000","hPa","35.9","pmil","0","55.690","deg","20.000","°C","100.000","%a.s.","22.400","deg","20.000","°C","962.000","hPa","0.861","-0.02617","0.00035","0","0","13.56","Humid","35.35","0","78.50","281003.16","SABD0002000014","AAV2.0.0.13","3.0.3.1703","PSt7-10","180509-002","9/13/2019 10:46:52 AM","0000-00","0","no battery","V"
"06/11/2023","11:23:50","9","default","547630319","OXY_CH9","27.875","min","159.445","μmol/L","Humid","23.795","deg","133586","µV","26.677","°C","1016.000","hPa","35.9","pmil","0","55.690","deg","20.000","°C","100.000","%a.s.","22.400","deg","20.000","°C","962.000","hPa","0.861","-0.02617","0.00035","0","0","13.56","Humid","35.35","0","78.50","281011.89","SABD0002000014","AAV2.0.0.13","3.0.3.1703","PSt7-10","180509-002","9/13/2019 10:46:52 AM","0000-00","0","no battery","V"
"06/11/2023","11:23:51","9","default","547630319","OXY_CH9","27.891","min","159.485","μmol/L","Humid","23.792","deg","133576","µV","26.677","°C","1016.000","hPa","35.9","pmil","0","55.690","deg","20.000","°C","100.000","%a.s.","22.400","deg","20.000","°C","962.000","hPa","0.861","-0.02617","0.00035","0","0","13.56","Humid","35.35","0","78.50","280995.50","SABD0002000014","AAV2.0.0.13","3.0.3.1703","PSt7-10","180509-002","9/13/2019 10:46:52 AM","0000-00","0","no battery","V"
"06/11/2023","11:23:52","9","default","547630319","OXY_CH9","27.908","min","159.482","μmol/L","Humid","23.790","deg","133565","µV","26.683","°C","1016.000","hPa","35.9","pmil","0","55.690","deg","20.000","°C","100.000","%a.s.","22.400","deg","20.000","°C","962.000","hPa","0.861","-0.02617","0.00035","0","0","13.56","Humid","35.35","0","78.50","281005.84","SABD0002000014","AAV2.0.0.13","3.0.3.1703","PSt7-10","180509-002","9/13/2019 10:46:52 AM","0000-00","0","no battery","V"
"06/11/2023","11:23:53","9","default","547630319","OXY_CH9","27.925","min","159.456","μmol/L","Humid","23.792","deg","133549","µV","26.683","°C","1016.000","hPa","35.9","pmil","0","55.690","deg","20.000","°C","100.000","%a.s.","22.400","deg","20.000","°C","962.000","hPa","0.861","-0.02617","0.00035","0","0","13.56","Humid","35.35","0","78.50","281000.68","SABD0002000014","AAV2.0.0.13","3.0.3.1703","PSt7-10","180509-002","9/13/2019 10:46:52 AM","0000-00","0","no battery","V"
"06/11/2023","11:23:54","9","default","547630319","OXY_CH9","27.941","min","159.522","μmol/L","Humid","23.787","deg","133536","µV","26.683","°C","1016.000","hPa","35.9","pmil","0","55.690","deg","20.000","°C","100.000","%a.s.","22.400","deg","20.000","°C","962.000","hPa","0.861","-0.02617","0.00035","0","0","13.56","Humid","35.35","0","78.50","280992.43","SABD0002000014","AAV2.0.0.13","3.0.3.1703","PSt7-10","180509-002","9/13/2019 10:46:52 AM","0000-00","0","no battery","V"
"06/11/2023","11:23:55","9","default","547630319","OXY_CH9","27.958","min","159.578","μmol/L","Humid","23.785","deg","133530","µV","26.677","°C","1016.000","hPa","35.9","pmil","0","55.690","deg","20.000","°C","100.000","%a.s.","22.400","deg","20.000","°C","962.000","hPa","0.861","-0.02617","0.00035","0","0","13.56","Humid","35.35","0","78.50","280997.66","SABD0002000014","AAV2.0.0.13","3.0.3.1703","PSt7-10","180509-002","9/13/2019 10:46:52 AM","0000-00","0","no battery","V"
"06/11/2023","11:23:56","9","default","547630319","OXY_CH9","27.975","min","159.578","μmol/L","Humid","23.785","deg","133516","µV","26.677","°C","1016.000","hPa","35.9","pmil","0","55.690","deg","20.000","°C","100.000","%a.s.","22.400","deg","20.000","°C","962.000","hPa","0.861","-0.02617","0.00035","0","0","13.56","Humid","35.35","0","78.50","280988.31","SABD0002000014","AAV2.0.0.13","3.0.3.1703","PSt7-10","180509-002","9/13/2019 10:46:52 AM","0000-00","0","no battery","V"
"06/11/2023","11:23:57","9","default","547630319","OXY_CH9","27.991","min","159.644","μmol/L","Humid","23.780","deg","133508","µV","26.677","°C","1016.000","hPa","35.9","pmil","0","55.690","deg","20.000","°C","100.000","%a.s.","22.400","deg","20.000","°C","962.000","hPa","0.861","-0.02617","0.00035","0","0","13.56","Humid","35.35","0","78.50","280986.32","SABD0002000014","AAV2.0.0.13","3.0.3.1703","PSt7-10","180509-002","9/13/2019 10:46:52 AM","0000-00","0","no battery","V"
"06/11/2023","11:23:58","9","default","547630319","OXY_CH9","28.008","min","159.573","μmol/L","Humid","23.781","deg","133499","µV","26.689","°C","1016.000","hPa","35.9","pmil","0","55.690","deg","20.000","°C","100.000","%a.s.","22.400","deg","20.000","°C","962.000","hPa","0.861","-0.02617","0.00035","0","0","13.56","Humid","35.35","0","78.50","280980.58","SABD0002000014","AAV2.0.0.13","3.0.3.1703","PSt7-10","180509-002","9/13/2019 10:46:52 AM","0000-00","0","no battery","V"
"06/11/2023","11:23:59","9","default","547630319","OXY_CH9","28.025","min","159.631","μmol/L","Humid","23.781","deg","133491","µV","26.677","°C","1016.000","hPa","35.9","pmil","0","55.690","deg","20.000","°C","100.000","%a.s.","22.400","deg","20.000","°C","962.000","hPa","0.861","-0.02617","0.00035","0","0","13.56","Humid","35.35","0","78.50","280995.92","SABD0002000014","AAV2.0.0.13","3.0.3.1703","PSt7-10","180509-002","9/13/2019 10:46:52 AM","0000-00","0","no battery","V"
"06/11/2023","11:24:00","9","default","547630319","OXY_CH9","28.042","min","159.655","μmol/L","Humid","23.777","deg","133483","µV","26.683","°C","1016.000","hPa","35.9","pmil","0","55.690","deg","20.000","°C","100.000","%a.s.","22.400","deg","20.000","°C","962.000","hPa","0.861","-0.02617","0.00035","0","0","13.56","Humid","35.35","0","78.50","280986.35","SABD0002000014","AAV2.0.0.13","3.0.3.1703","PSt7-10","180509-002","9/13/2019 10:46:52 AM","0000-00","0","no battery","V"
"06/11/2023","11:24:01","9","default","547630319","OXY_CH9","28.059","min","159.628","μmol/L","Humid","23.779","deg","133473","µV","26.683","°C","1016.000","hPa","35.9","pmil","0","55.690","deg","20.000","°C","100.000","%a.s.","22.400","deg","20.000","°C","962.000","hPa","0.861","-0.02617","0.00035","0","0","13.56","Humid","35.35","0","78.50","280993.53","SABD0002000014","AAV2.0.0.13","3.0.3.1703","PSt7-10","180509-002","9/13/2019 10:46:52 AM","0000-00","0","no battery","V"
"06/11/2023","11:24:02","9","default","547630319","OXY_CH9","28.075","min","159.695","μmol/L","Humid","23.774","deg","133452","µV","26.683","°C","1016.000","hPa","35.9","pmil","0","55.690","deg","20.000","°C","100.000","%a.s.","22.400","deg","20.000","°C","962.000","hPa","0.861","-0.02617","0.00035","0","0","13.56","Humid","35.35","0","78.50","280982.54","SABD0002000014","AAV2.0.0.13","3.0.3.1703","PSt7-10","180509-002","9/13/2019 10:46:52 AM","0000-00","0","no battery","V"
"06/11/2023","11:24:03","9","default","547630319","OXY_CH9","28.092","min","159.751","μmol/L","Humid","23.772","deg","133454","µV","26.677","°C","1016.000","hPa","35.9","pmil","0","55.690","deg","20.000","°C","100.000","%a.s.","22.400","deg","20.000","°C","962.000","hPa","0.861","-0.02617","0.00035","0","0","13.56","Humid","35.35","0","78.50","280991.14","SABD0002000014","AAV2.0.0.13","3.0.3.1703","PSt7-10","180509-002","9/13/2019 10:46:52 AM","0000-00","0","no battery","V"
"06/11/2023","11:24:04","9","default","547630319","OXY_CH9","28.108","min","159.708","μmol/L","Humid","23.773","deg","133433","µV","26.683","°C","1016.000","hPa","35.9","pmil","0","55.690","deg","20.000","°C","100.000","%a.s.","22.400","deg","20.000","°C","962.000","hPa","0.861","-0.02617","0.00035","0","0","13.56","Humid","35.35","0","78.50","280987.87","SABD0002000014","AAV2.0.0.13","3.0.3.1703","PSt7-10","180509-002","9/13/2019 10:46:52 AM","0000-00","0","no battery","V"
"06/11/2023","11:24:05","9","default","547630319","OXY_CH9","28.125","min","159.748","μmol/L","Humid","23.770","deg","133431","µV","26.683","°C","1016.000","hPa","35.9","pmil","0","55.690","deg","20.000","°C","100.000","%a.s.","22.400","deg","20.000","°C","962.000","hPa","0.861","-0.02617","0.00035","0","0","13.56","Humid","35.35","0","78.50","280978.61","SABD0002000014","AAV2.0.0.13","3.0.3.1703","PSt7-10","180509-002","9/13/2019 10:46:52 AM","0000-00","0","no battery","V"
"06/11/2023","11:24:06","9","default","547630319","OXY_CH9","28.141","min","159.762","μmol/L","Humid","23.769","deg","133417","µV","26.683","°C","1016.000","hPa","35.9","pmil","0","55.690","deg","20.000","°C","100.000","%a.s.","22.400","deg","20.000","°C","962.000","hPa","0.861","-0.02617","0.00035","0","0","13.56","Humid","35.35","0","78.50","280982.33","SABD0002000014","AAV2.0.0.13","3.0.3.1703","PSt7-10","180509-002","9/13/2019 10:46:52 AM","0000-00","0","no battery","V"
"06/11/2023","11:24:07","9","default","547630319","OXY_CH9","28.158","min","159.775","μmol/L","Humid","23.768","deg","133403","µV","26.683","°C","1016.000","hPa","35.9","pmil","0","55.690","deg","20.000","°C","100.000","%a.s.","22.400","deg","20.000","°C","962.000","hPa","0.861","-0.02617","0.00035","0","0","13.56","Humid","35.35","0","78.50","280987.91","SABD0002000014","AAV2.0.0.13","3.0.3.1703","PSt7-10","180509-002","9/13/2019 10:46:52 AM","0000-00","0","no battery","V"
"06/11/2023","11:24:08","9","default","547630319","OXY_CH9","28.174","min","159.815","μmol/L","Humid","23.765","deg","133382","µV","26.683","°C","1016.000","hPa","35.9","pmil","0","55.690","deg","20.000","°C","100.000","%a.s.","22.400","deg","20.000","°C","962.000","hPa","0.861","-0.02617","0.00035","0","0","13.56","Humid","35.35","0","78.50","280977.83","SABD0002000014","AAV2.0.0.13","3.0.3.1703","PSt7-10","180509-002","9/13/2019 10:46:52 AM","0000-00","0","no battery","V"
"06/11/2023","11:24:09","9","default","547630319","OXY_CH9","28.191","min","159.884","μmol/L","Humid","23.762","deg","133387","µV","26.677","°C","1016.000","hPa","35.9","pmil","0","55.690","deg","20.000","°C","100.000","%a.s.","22.400","deg","20.000","°C","962.000","hPa","0.861","-0.02617","0.00035","0","0","13.56","Humid","35.35","0","78.50","280985.54","SABD0002000014","AAV2.0.0.13","3.0.3.1703","PSt7-10","180509-002","9/13/2019 10:46:52 AM","0000-00","0","no battery","V"
"06/11/2023","11:24:10","9","default","547630319","OXY_CH9","28.208","min","159.772","μmol/L","Humid","23.766","deg","133373","µV","26.689","°C","1016.000","hPa","35.9","pmil","0","55.690","deg","20.000","°C","100.000","%a.s.","22.400","deg","20.000","°C","962.000","hPa","0.861","-0.02617","0.00035","0","0","13.56","Humid","35.35","0","78.50","280981.80","SABD0002000014","AAV2.0.0.13","3.0.3.1703","PSt7-10","180509-002","9/13/2019 10:46:52 AM","0000-00","0","no battery","V"
"06/11/2023","11:24:11","9","default","547630319","OXY_CH9","28.225","min","159.908","μmol/L","Humid","23.758","deg","133361","µV","26.683","°C","1016.000","hPa","35.9","pmil","0","55.690","deg","20.000","°C","100.000","%a.s.","22.400","deg","20.000","°C","962.000","hPa","0.861","-0.02617","0.00035","0","0","13.56","Humid","35.35","0","78.50","280985.75","SABD0002000014","AAV2.0.0.13","3.0.3.1703","PSt7-10","180509-002","9/13/2019 10:46:52 AM","0000-00","0","no battery","V"
"06/11/2023","11:24:12","9","default","547630319","OXY_CH9","28.242","min","159.921","μmol/L","Humid","23.757","deg","133355","µV","26.683","°C","1016.000","hPa","35.9","pmil","0","55.690","deg","20.000","°C","100.000","%a.s.","22.400","deg","20.000","°C","962.000","hPa","0.861","-0.02617","0.00035","0","0","13.56","Humid","35.35","0","78.50","280987.57","SABD0002000014","AAV2.0.0.13","3.0.3.1703","PSt7-10","180509-002","9/13/2019 10:46:52 AM","0000-00","0","no battery","V"
"06/11/2023","11:24:13","9","default","547630319","OXY_CH9","28.259","min","159.892","μmol/L","Humid","23.757","deg","133343","µV","26.689","°C","1016.000","hPa","35.9","pmil","0","55.690","deg","20.000","°C","100.000","%a.s.","22.400","deg","20.000","°C","962.000","hPa","0.861","-0.02617","0.00035","0","0","13.56","Humid","35.35","0","78.50","280981.23","SABD0002000014","AAV2.0.0.13","3.0.3.1703","PSt7-10","180509-002","9/13/2019 10:46:52 AM","0000-00","0","no battery","V"
"06/11/2023","11:24:14","9","default","547630319","OXY_CH9","28.275","min","159.908","μmol/L","Humid","23.758","deg","133330","µV","26.683","°C","1016.000","hPa","35.9","pmil","0","55.690","deg","20.000","°C","100.000","%a.s.","22.400","deg","20.000","°C","962.000","hPa","0.861","-0.02617","0.00035","0","0","13.56","Humid","35.35","0","78.50","280973.42","SABD0002000014","AAV2.0.0.13","3.0.3.1703","PSt7-10","180509-002","9/13/2019 10:46:52 AM","0000-00","0","no battery","V"
"06/11/2023","11:24:15","9","default","547630319","OXY_CH9","28.292","min","160.030","μmol/L","Humid","23.751","deg","133327","µV","26.677","°C","1016.000","hPa","35.9","pmil","0","55.690","deg","20.000","°C","100.000","%a.s.","22.400","deg","20.000","°C","962.000","hPa","0.861","-0.02617","0.00035","0","0","13.56","Humid","35.35","0","78.50","280976.25","SABD0002000014","AAV2.0.0.13","3.0.3.1703","PSt7-10","180509-002","9/13/2019 10:46:52 AM","0000-00","0","no battery","V"
"06/11/2023","11:24:16","9","default","547630319","OXY_CH9","28.308","min","159.948","μmol/L","Humid","23.755","deg","133310","µV","26.683","°C","1016.000","hPa","35.9","pmil","0","55.690","deg","20.000","°C","100.000","%a.s.","22.400","deg","20.000","°C","962.000","hPa","0.861","-0.02617","0.00035","0","0","13.56","Humid","35.35","0","78.50","280981.44","SABD0002000014","AAV2.0.0.13","3.0.3.1703","PSt7-10","180509-002","9/13/2019 10:46:52 AM","0000-00","0","no battery","V"
"06/11/2023","11:24:17","9","default","547630319","OXY_CH9","28.325","min","159.999","μmol/L","Humid","23.749","deg","133304","µV","26.689","°C","1016.000","hPa","35.9","pmil","0","55.690","deg","20.000","°C","100.000","%a.s.","22.400","deg","20.000","°C","962.000","hPa","0.861","-0.02617","0.00035","0","0","13.56","Humid","35.35","0","78.50","280984.25","SABD0002000014","AAV2.0.0.13","3.0.3.1703","PSt7-10","180509-002","9/13/2019 10:46:52 AM","0000-00","0","no battery","V"
"06/11/2023","11:24:18","9","default","547630319","OXY_CH9","28.342","min","160.001","μmol/L","Humid","23.751","deg","133296","µV","26.683","°C","1016.000","hPa","35.9","pmil","0","55.690","deg","20.000","°C","100.000","%a.s.","22.400","deg","20.000","°C","962.000","hPa","0.861","-0.02617","0.00035","0","0","13.56","Humid","35.35","0","78.50","280983.93","SABD0002000014","AAV2.0.0.13","3.0.3.1703","PSt7-10","180509-002","9/13/2019 10:46:52 AM","0000-00","0","no battery","V"
"06/11/2023","11:24:19","9","default","547630319","OXY_CH9","28.358","min","160.071","μmol/L","Humid","23.748","deg","133284","µV","26.677","°C","1016.000","hPa","35.9","pmil","0","55.690","deg","20.000","°C","100.000","%a.s.","22.400","deg","20.000","°C","962.000","hPa","0.861","-0.02617","0.00035","0","0","13.56","Humid","35.35","0","78.50","280984.88","SABD0002000014","AAV2.0.0.13","3.0.3.1703","PSt7-10","180509-002","9/13/2019 10:46:52 AM","0000-00","0","no battery","V"
"06/11/2023","11:24:20","9","default","547630319","OXY_CH9","28.375","min","160.084","μmol/L","Humid","23.747","deg","133273","µV","26.677","°C","1016.000","hPa","35.9","pmil","0","55.690","deg","20.000","°C","100.000","%a.s.","22.400","deg","20.000","°C","962.000","hPa","0.861","-0.02617","0.00035","0","0","13.56","Humid","35.35","0","78.50","280989.68","SABD0002000014","AAV2.0.0.13","3.0.3.1703","PSt7-10","180509-002","9/13/2019 10:46:52 AM","0000-00","0","no battery","V"
"06/11/2023","11:24:21","9","default","547630319","OXY_CH9","28.392","min","160.068","μmol/L","Humid","23.746","deg","133266","µV","26.683","°C","1016.000","hPa","35.9","pmil","0","55.690","deg","20.000","°C","100.000","%a.s.","22.400","deg","20.000","°C","962.000","hPa","0.861","-0.02617","0.00035","0","0","13.56","Humid","35.35","0","78.50","280985.45","SABD0002000014","AAV2.0.0.13","3.0.3.1703","PSt7-10","180509-002","9/13/2019 10:46:52 AM","0000-00","0","no battery","V"
"06/11/2023","11:24:22","9","default","547630319","OXY_CH9","28.408","min","160.068","μmol/L","Humid","23.746","deg","133251","µV","26.683","°C","1016.000","hPa","35.9","pmil","0","55.690","deg","20.000","°C","100.000","%a.s.","22.400","deg","20.000","°C","962.000","hPa","0.861","-0.02617","0.00035","0","0","13.56","Humid","35.35","0","78.50","280984.69","SABD0002000014","AAV2.0.0.13","3.0.3.1703","PSt7-10","180509-002","9/13/2019 10:46:52 AM","0000-00","0","no battery","V"
"06/11/2023","11:24:23","9","default","547630319","OXY_CH9","28.425","min","160.204","μmol/L","Humid","23.738","deg","133248","µV","26.677","°C","1016.000","hPa","35.9","pmil","0","55.690","deg","20.000","°C","100.000","%a.s.","22.400","deg","20.000","°C","962.000","hPa","0.861","-0.02617","0.00035","0","0","13.56","Humid","35.35","0","78.50","280987.07","SABD0002000014","AAV2.0.0.13","3.0.3.1703","PSt7-10","180509-002","9/13/2019 10:46:52 AM","0000-00","0","no battery","V"
"06/11/2023","11:24:24","9","default","547630319","OXY_CH9","28.442","min","160.177","μmol/L","Humid","23.740","deg","133228","µV","26.677","°C","1016.000","hPa","35.9","pmil","0","55.690","deg","20.000","°C","100.000","%a.s.","22.400","deg","20.000","°C","962.000","hPa","0.861","-0.02617","0.00035","0","0","13.56","Humid","35.35","0","78.50","280971.98","SABD0002000014","AAV2.0.0.13","3.0.3.1703","PSt7-10","180509-002","9/13/2019 10:46:52 AM","0000-00","0","no battery","V"
"06/11/2023","11:24:25","9","default","547630319","OXY_CH9","28.458","min","160.175","μmol/L","Humid","23.738","deg","133227","µV","26.683","°C","1016.000","hPa","35.9","pmil","0","55.690","deg","20.000","°C","100.000","%a.s.","22.400","deg","20.000","°C","962.000","hPa","0.861","-0.02617","0.00035","0","0","13.56","Humid","35.35","0","78.50","280974.84","SABD0002000014","AAV2.0.0.13","3.0.3.1703","PSt7-10","180509-002","9/13/2019 10:46:52 AM","0000-00","0","no battery","V"
"06/11/2023","11:24:26","9","default","547630319","OXY_CH9","28.475","min","160.175","μmol/L","Humid","23.738","deg","133218","µV","26.683","°C","1016.000","hPa","35.9","pmil","0","55.690","deg","20.000","°C","100.000","%a.s.","22.400","deg","20.000","°C","962.000","hPa","0.861","-0.02617","0.00035","0","0","13.56","Humid","35.35","0","78.50","280988.59","SABD0002000014","AAV2.0.0.13","3.0.3.1703","PSt7-10","180509-002","9/13/2019 10:46:52 AM","0000-00","0","no battery","V"
"06/11/2023","11:24:27","9","default","547630319","OXY_CH9","28.491","min","160.188","μmol/L","Humid","23.737","deg","133204","µV","26.683","°C","1016.000","hPa","35.9","pmil","0","55.690","deg","20.000","°C","100.000","%a.s.","22.400","deg","20.000","°C","962.000","hPa","0.861","-0.02617","0.00035","0","0","13.56","Humid","35.35","0","78.50","280974.54","SABD0002000014","AAV2.0.0.13","3.0.3.1703","PSt7-10","180509-002","9/13/2019 10:46:52 AM","0000-00","0","no battery","V"
"06/11/2023","11:24:28","9","default","547630319","OXY_CH9","28.508","min","160.228","μmol/L","Humid","23.734","deg","133193","µV","26.683","°C","1016.000","hPa","35.9","pmil","0","55.690","deg","20.000","°C","100.000","%a.s.","22.400","deg","20.000","°C","962.000","hPa","0.861","-0.02617","0.00035","0","0","13.56","Humid","35.35","0","78.50","280988.15","SABD0002000014","AAV2.0.0.13","3.0.3.1703","PSt7-10","180509-002","9/13/2019 10:46:52 AM","0000-00","0","no battery","V"
"06/11/2023","11:24:29","9","default","547630319","OXY_CH9","28.524","min","160.215","μmol/L","Humid","23.735","deg","133185","µV","26.683","°C","1016.000","hPa","35.9","pmil","0","55.690","deg","20.000","°C","100.000","%a.s.","22.400","deg","20.000","°C","962.000","hPa","0.861","-0.02617","0.00035","0","0","13.56","Humid","35.35","0","78.50","280975.97","SABD0002000014","AAV2.0.0.13","3.0.3.1703","PSt7-10","180509-002","9/13/2019 10:46:52 AM","0000-00","0","no battery","V"
"06/11/2023","11:24:30","9","default","547630319","OXY_CH9","28.541","min","160.242","μmol/L","Humid","23.733","deg","133183","µV","26.683","°C","1016.000","hPa","35.9","pmil","0","55.690","deg","20.000","°C","100.000","%a.s.","22.400","deg","20.000","°C","962.000","hPa","0.861","-0.02617","0.00035","0","0","13.56","Humid","35.35","0","78.50","280995.98","SABD0002000014","AAV2.0.0.13","3.0.3.1703","PSt7-10","180509-002","9/13/2019 10:46:52 AM","0000-00","0","no battery","V"
"06/11/2023","11:24:31","9","default","547630319","OXY_CH9","28.558","min","160.268","μmol/L","Humid","23.731","deg","133166","µV","26.683","°C","1016.000","hPa","35.9","pmil","0","55.690","deg","20.000","°C","100.000","%a.s.","22.400","deg","20.000","°C","962.000","hPa","0.861","-0.02617","0.00035","0","0","13.56","Humid","35.35","0","78.50","280994.47","SABD0002000014","AAV2.0.0.13","3.0.3.1703","PSt7-10","180509-002","9/13/2019 10:46:52 AM","0000-00","0","no battery","V"
"06/11/2023","11:24:32","9","default","547630319","OXY_CH9","28.575","min","160.268","μmol/L","Humid","23.731","deg","133150","µV","26.683","°C","1016.000","hPa","35.9","pmil","0","55.690","deg","20.000","°C","100.000","%a.s.","22.400","deg","20.000","°C","962.000","hPa","0.861","-0.02617","0.00035","0","0","13.56","Humid","35.35","0","78.50","280989.12","SABD0002000014","AAV2.0.0.13","3.0.3.1703","PSt7-10","180509-002","9/13/2019 10:46:52 AM","0000-00","0","no battery","V"
"06/11/2023","11:24:33","9","default","547630319","OXY_CH9","28.592","min","160.268","μmol/L","Humid","23.731","deg","133148","µV","26.683","°C","1016.000","hPa","35.9","pmil","0","55.690","deg","20.000","°C","100.000","%a.s.","22.400","deg","20.000","°C","962.000","hPa","0.861","-0.02617","0.00035","0","0","13.56","Humid","35.35","0","78.50","280976.12","SABD0002000014","AAV2.0.0.13","3.0.3.1703","PSt7-10","180509-002","9/13/2019 10:46:52 AM","0000-00","0","no battery","V"
"06/11/2023","11:24:34","9","default","547630319","OXY_CH9","28.609","min","160.349","μmol/L","Humid","23.725","deg","133140","µV","26.683","°C","1016.000","hPa","35.9","pmil","0","55.690","deg","20.000","°C","100.000","%a.s.","22.400","deg","20.000","°C","962.000","hPa","0.861","-0.02617","0.00035","0","0","13.56","Humid","35.35","0","78.50","280978.84","SABD0002000014","AAV2.0.0.13","3.0.3.1703","PSt7-10","180509-002","9/13/2019 10:46:52 AM","0000-00","0","no battery","V"
"06/11/2023","11:24:35","9","default","547630319","OXY_CH9","28.625","min","160.362","μmol/L","Humid","23.724","deg","133127","µV","26.683","°C","1016.000","hPa","35.9","pmil","0","55.690","deg","20.000","°C","100.000","%a.s.","22.400","deg","20.000","°C","962.000","hPa","0.861","-0.02617","0.00035","0","0","13.56","Humid","35.35","0","78.50","280973.03","SABD0002000014","AAV2.0.0.13","3.0.3.1703","PSt7-10","180509-002","9/13/2019 10:46:52 AM","0000-00","0","no battery","V"
"06/11/2023","11:24:36","9","default","547630319","OXY_CH9","28.641","min","160.333","μmol/L","Humid","23.724","deg","133130","µV","26.689","°C","1016.000","hPa","35.9","pmil","0","55.690","deg","20.000","°C","100.000","%a.s.","22.400","deg","20.000","°C","962.000","hPa","0.861","-0.02617","0.00035","0","0","13.56","Humid","35.35","0","78.50","280981.59","SABD0002000014","AAV2.0.0.13","3.0.3.1703","PSt7-10","180509-002","9/13/2019 10:46:52 AM","0000-00","0","no battery","V"
"06/11/2023","11:24:37","9","default","547630319","OXY_CH9","28.658","min","160.458","μmol/L","Humid","23.719","deg","133109","µV","26.677","°C","1016.000","hPa","35.9","pmil","0","55.690","deg","20.000","°C","100.000","%a.s.","22.400","deg","20.000","°C","962.000","hPa","0.861","-0.02617","0.00035","0","0","13.56","Humid","35.35","0","78.50","280976.03","SABD0002000014","AAV2.0.0.13","3.0.3.1703","PSt7-10","180509-002","9/13/2019 10:46:52 AM","0000-00","0","no battery","V"
"06/11/2023","11:24:38","9","default","547630319","OXY_CH9","28.675","min","160.362","μmol/L","Humid","23.724","deg","133097","µV","26.683","°C","1016.000","hPa","35.9","pmil","0","55.690","deg","20.000","°C","100.000","%a.s.","22.400","deg","20.000","°C","962.000","hPa","0.861","-0.02617","0.00035","0","0","13.56","Humid","35.35","0","78.50","280968.33","SABD0002000014","AAV2.0.0.13","3.0.3.1703","PSt7-10","180509-002","9/13/2019 10:46:52 AM","0000-00","0","no battery","V"
"06/11/2023","11:24:39","9","default","547630319","OXY_CH9","28.692","min","160.442","μmol/L","Humid","23.718","deg","133095","µV","26.683","°C","1016.000","hPa","35.9","pmil","0","55.690","deg","20.000","°C","100.000","%a.s.","22.400","deg","20.000","°C","962.000","hPa","0.861","-0.02617","0.00035","0","0","13.56","Humid","35.35","0","78.50","280976.42","SABD0002000014","AAV2.0.0.13","3.0.3.1703","PSt7-10","180509-002","9/13/2019 10:46:52 AM","0000-00","0","no battery","V"
"06/11/2023","11:24:40","9","default","547630319","OXY_CH9","28.709","min","160.429","μmol/L","Humid","23.719","deg","133088","µV","26.683","°C","1016.000","hPa","35.9","pmil","0","55.690","deg","20.000","°C","100.000","%a.s.","22.400","deg","20.000","°C","962.000","hPa","0.861","-0.02617","0.00035","0","0","13.56","Humid","35.35","0","78.50","280989.31","SABD0002000014","AAV2.0.0.13","3.0.3.1703","PSt7-10","180509-002","9/13/2019 10:46:52 AM","0000-00","0","no battery","V"
"06/11/2023","11:24:41","9","default","547630319","OXY_CH9","28.725","min","160.413","μmol/L","Humid","23.718","deg","133069","µV","26.689","°C","1016.000","hPa","35.9","pmil","0","55.690","deg","20.000","°C","100.000","%a.s.","22.400","deg","20.000","°C","962.000","hPa","0.861","-0.02617","0.00035","0","0","13.56","Humid","35.35","0","78.50","280974.33","SABD0002000014","AAV2.0.0.13","3.0.3.1703","PSt7-10","180509-002","9/13/2019 10:46:52 AM","0000-00","0","no battery","V"
"06/11/2023","11:24:42","9","default","547630319","OXY_CH9","28.742","min","160.482","μmol/L","Humid","23.715","deg","133063","µV","26.683","°C","1016.000","hPa","35.9","pmil","0","55.690","deg","20.000","°C","100.000","%a.s.","22.400","deg","20.000","°C","962.000","hPa","0.861","-0.02617","0.00035","0","0","13.56","Humid","35.35","0","78.50","280961.33","SABD0002000014","AAV2.0.0.13","3.0.3.1703","PSt7-10","180509-002","9/13/2019 10:46:52 AM","0000-00","0","no battery","V"
"06/11/2023","11:24:43","9","default","547630319","OXY_CH9","28.758","min","160.493","μmol/L","Humid","23.712","deg","133055","µV","26.689","°C","1016.000","hPa","35.9","pmil","0","55.690","deg","20.000","°C","100.000","%a.s.","22.400","deg","20.000","°C","962.000","hPa","0.861","-0.02617","0.00035","0","0","13.56","Humid","35.35","0","78.50","280969.30","SABD0002000014","AAV2.0.0.13","3.0.3.1703","PSt7-10","180509-002","9/13/2019 10:46:52 AM","0000-00","0","no battery","V"
"06/11/2023","11:24:44","9","default","547630319","OXY_CH9","28.775","min","160.509","μmol/L","Humid","23.713","deg","133038","µV","26.683","°C","1016.000","hPa","35.9","pmil","0","55.690","deg","20.000","°C","100.000","%a.s.","22.400","deg","20.000","°C","962.000","hPa","0.861","-0.02617","0.00035","0","0","13.56","Humid","35.35","0","78.50","280979.25","SABD0002000014","AAV2.0.0.13","3.0.3.1703","PSt7-10","180509-002","9/13/2019 10:46:52 AM","0000-00","0","no battery","V"
"06/11/2023","11:24:45","9","default","547630319","OXY_CH9","28.792","min","160.480","μmol/L","Humid","23.713","deg","133036","µV","26.689","°C","1016.000","hPa","35.9","pmil","0","55.690","deg","20.000","°C","100.000","%a.s.","22.400","deg","20.000","°C","962.000","hPa","0.861","-0.02617","0.00035","0","0","13.56","Humid","35.35","0","78.50","280975.14","SABD0002000014","AAV2.0.0.13","3.0.3.1703","PSt7-10","180509-002","9/13/2019 10:46:52 AM","0000-00","0","no battery","V"
"06/11/2023","11:24:46","9","default","547630319","OXY_CH9","28.809","min","160.560","μmol/L","Humid","23.707","deg","133022","µV","26.689","°C","1016.000","hPa","35.9","pmil","0","55.690","deg","20.000","°C","100.000","%a.s.","22.400","deg","20.000","°C","962.000","hPa","0.861","-0.02617","0.00035","0","0","13.56","Humid","35.35","0","78.50","280973.23","SABD0002000014","AAV2.0.0.13","3.0.3.1703","PSt7-10","180509-002","9/13/2019 10:46:52 AM","0000-00","0","no battery","V"
"06/11/2023","11:24:47","9","default","547630319","OXY_CH9","28.825","min","160.547","μmol/L","Humid","23.708","deg","133002","µV","26.689","°C","1016.000","hPa","35.9","pmil","0","55.690","deg","20.000","°C","100.000","%a.s.","22.400","deg","20.000","°C","962.000","hPa","0.861","-0.02617","0.00035","0","0","13.56","Humid","35.35","0","78.50","280969.01","SABD0002000014","AAV2.0.0.13","3.0.3.1703","PSt7-10","180509-002","9/13/2019 10:46:52 AM","0000-00","0","no battery","V"
"06/11/2023","11:24:48","9","default","547630319","OXY_CH9","28.842","min","160.632","μmol/L","Humid","23.706","deg","133002","µV","26.677","°C","1016.000","hPa","35.9","pmil","0","55.690","deg","20.000","°C","100.000","%a.s.","22.400","deg","20.000","°C","962.000","hPa","0.861","-0.02617","0.00035","0","0","13.56","Humid","35.35","0","78.50","280978.60","SABD0002000014","AAV2.0.0.13","3.0.3.1703","PSt7-10","180509-002","9/13/2019 10:46:52 AM","0000-00","0","no battery","V"
"06/11/2023","11:24:49","9","default","547630319","OXY_CH9","28.858","min","160.657","μmol/L","Humid","23.702","deg","132992","µV","26.683","°C","1016.000","hPa","35.9","pmil","0","55.690","deg","20.000","°C","100.000","%a.s.","22.400","deg","20.000","°C","962.000","hPa","0.861","-0.02617","0.00035","0","0","13.56","Humid","35.35","0","78.50","280972.46","SABD0002000014","AAV2.0.0.13","3.0.3.1703","PSt7-10","180509-002","9/13/2019 10:46:52 AM","0000-00","0","no battery","V"
"06/11/2023","11:24:50","9","default","547630319","OXY_CH9","28.875","min","160.657","μmol/L","Humid","23.702","deg","132992","µV","26.683","°C","1016.000","hPa","35.9","pmil","0","55.690","deg","20.000","°C","100.000","%a.s.","22.400","deg","20.000","°C","962.000","hPa","0.861","-0.02617","0.00035","0","0","13.56","Humid","35.35","0","78.50","280988.91","SABD0002000014","AAV2.0.0.13","3.0.3.1703","PSt7-10","180509-002","9/13/2019 10:46:52 AM","0000-00","0","no battery","V"
"06/11/2023","11:24:51","9","default","547630319","OXY_CH9","28.892","min","160.710","μmol/L","Humid","23.698","deg","132981","µV","26.683","°C","1016.000","hPa","35.9","pmil","0","55.690","deg","20.000","°C","100.000","%a.s.","22.400","deg","20.000","°C","962.000","hPa","0.861","-0.02617","0.00035","0","0","13.56","Humid","35.35","0","78.50","280980.01","SABD0002000014","AAV2.0.0.13","3.0.3.1703","PSt7-10","180509-002","9/13/2019 10:46:52 AM","0000-00","0","no battery","V"
"06/11/2023","11:24:52","9","default","547630319","OXY_CH9","28.908","min","160.683","μmol/L","Humid","23.700","deg","132961","µV","26.683","°C","1016.000","hPa","35.9","pmil","0","55.690","deg","20.000","°C","100.000","%a.s.","22.400","deg","20.000","°C","962.000","hPa","0.861","-0.02617","0.00035","0","0","13.56","Humid","35.35","0","78.50","280969.31","SABD0002000014","AAV2.0.0.13","3.0.3.1703","PSt7-10","180509-002","9/13/2019 10:46:52 AM","0000-00","0","no battery","V"
"06/11/2023","11:24:53","9","default","547630319","OXY_CH9","28.925","min","160.694","μmol/L","Humid","23.697","deg","132957","µV","26.689","°C","1016.000","hPa","35.9","pmil","0","55.690","deg","20.000","°C","100.000","%a.s.","22.400","deg","20.000","°C","962.000","hPa","0.861","-0.02617","0.00035","0","0","13.56","Humid","35.35","0","78.50","280972.74","SABD0002000014","AAV2.0.0.13","3.0.3.1703","PSt7-10","180509-002","9/13/2019 10:46:52 AM","0000-00","0","no battery","V"
"06/11/2023","11:24:54","9","default","547630319","OXY_CH9","28.942","min","160.750","μmol/L","Humid","23.695","deg","132952","µV","26.683","°C","1016.000","hPa","35.9","pmil","0","55.690","deg","20.000","°C","100.000","%a.s.","22.400","deg","20.000","°C","962.000","hPa","0.861","-0.02617","0.00035","0","0","13.56","Humid","35.35","0","78.50","280977.87","SABD0002000014","AAV2.0.0.13","3.0.3.1703","PSt7-10","180509-002","9/13/2019 10:46:52 AM","0000-00","0","no battery","V"
"06/11/2023","11:24:55","9","default","547630319","OXY_CH9","28.958","min","160.721","μmol/L","Humid","23.695","deg","132939","µV","26.689","°C","1016.000","hPa","35.9","pmil","0","55.690","deg","20.000","°C","100.000","%a.s.","22.400","deg","20.000","°C","962.000","hPa","0.861","-0.02617","0.00035","0","0","13.56","Humid","35.35","0","78.50","280967.00","SABD0002000014","AAV2.0.0.13","3.0.3.1703","PSt7-10","180509-002","9/13/2019 10:46:52 AM","0000-00","0","no battery","V"
"06/11/2023","11:24:56","9","default","547630319","OXY_CH9","28.975","min","160.721","μmol/L","Humid","23.695","deg","132930","µV","26.689","°C","1016.000","hPa","35.9","pmil","0","55.690","deg","20.000","°C","100.000","%a.s.","22.400","deg","20.000","°C","962.000","hPa","0.861","-0.02617","0.00035","0","0","13.56","Humid","35.35","0","78.50","280974.14","SABD0002000014","AAV2.0.0.13","3.0.3.1703","PSt7-10","180509-002","9/13/2019 10:46:52 AM","0000-00","0","no battery","V"
"06/11/2023","11:24:57","9","default","547630319","OXY_CH9","28.991","min","160.764","μmol/L","Humid","23.694","deg","132914","µV","26.683","°C","1016.000","hPa","35.9","pmil","0","55.690","deg","20.000","°C","100.000","%a.s.","22.400","deg","20.000","°C","962.000","hPa","0.861","-0.02617","0.00035","0","0","13.56","Humid","35.35","0","78.50","280971.63","SABD0002000014","AAV2.0.0.13","3.0.3.1703","PSt7-10","180509-002","9/13/2019 10:46:52 AM","0000-00","0","no battery","V"
"06/11/2023","11:24:58","9","default","547630319","OXY_CH9","29.008","min","160.858","μmol/L","Humid","23.687","deg","132909","µV","26.683","°C","1016.000","hPa","35.9","pmil","0","55.690","deg","20.000","°C","100.000","%a.s.","22.400","deg","20.000","°C","962.000","hPa","0.861","-0.02617","0.00035","0","0","13.56","Humid","35.35","0","78.50","280975.38","SABD0002000014","AAV2.0.0.13","3.0.3.1703","PSt7-10","180509-002","9/13/2019 10:46:52 AM","0000-00","0","no battery","V"
"06/11/2023","11:24:59","9","default","547630319","OXY_CH9","29.024","min","160.829","μmol/L","Humid","23.687","deg","132897","µV","26.689","°C","1016.000","hPa","35.9","pmil","0","55.690","deg","20.000","°C","100.000","%a.s.","22.400","deg","20.000","°C","962.000","hPa","0.861","-0.02617","0.00035","0","0","13.56","Humid","35.35","0","78.50","280968.62","SABD0002000014","AAV2.0.0.13","3.0.3.1703","PSt7-10","180509-002","9/13/2019 10:46:52 AM","0000-00","0","no battery","V"
"06/11/2023","11:25:00","9","default","547630319","OXY_CH9","29.041","min","160.885","μmol/L","Humid","23.685","deg","132885","µV","26.683","°C","1016.000","hPa","35.9","pmil","0","55.690","deg","20.000","°C","100.000","%a.s.","22.400","deg","20.000","°C","962.000","hPa","0.861","-0.02617","0.00035","0","0","13.56","Humid","35.35","0","78.50","280983.64","SABD0002000014","AAV2.0.0.13","3.0.3.1703","PSt7-10","180509-002","9/13/2019 10:46:52 AM","0000-00","0","no battery","V"
"06/11/2023","11:25:01","9","default","547630319","OXY_CH9","29.058","min","160.900","μmol/L","Humid","23.686","deg","132882","µV","26.677","°C","1016.000","hPa","35.9","pmil","0","55.690","deg","20.000","°C","100.000","%a.s.","22.400","deg","20.000","°C","962.000","hPa","0.861","-0.02617","0.00035","0","0","13.56","Humid","35.35","0","78.50","280971.47","SABD0002000014","AAV2.0.0.13","3.0.3.1703","PSt7-10","180509-002","9/13/2019 10:46:52 AM","0000-00","0","no battery","V"
"06/11/2023","11:25:02","9","default","547630319","OXY_CH9","29.074","min","160.885","μmol/L","Humid","23.685","deg","132861","µV","26.683","°C","1016.000","hPa","35.9","pmil","0","55.690","deg","20.000","°C","100.000","%a.s.","22.400","deg","20.000","°C","962.000","hPa","0.861","-0.02617","0.00035","0","0","13.56","Humid","35.35","0","78.50","280962.42","SABD0002000014","AAV2.0.0.13","3.0.3.1703","PSt7-10","180509-002","9/13/2019 10:46:52 AM","0000-00","0","no battery","V"
"06/11/2023","11:25:03","9","default","547630319","OXY_CH9","29.091","min","160.925","μmol/L","Humid","23.682","deg","132852","µV","26.683","°C","1016.000","hPa","35.9","pmil","0","55.690","deg","20.000","°C","100.000","%a.s.","22.400","deg","20.000","°C","962.000","hPa","0.861","-0.02617","0.00035","0","0","13.56","Humid","35.35","0","78.50","280965.54","SABD0002000014","AAV2.0.0.13","3.0.3.1703","PSt7-10","180509-002","9/13/2019 10:46:52 AM","0000-00","0","no battery","V"
"06/11/2023","11:25:04","9","default","547630319","OXY_CH9","29.108","min","160.965","μmol/L","Humid","23.679","deg","132847","µV","26.683","°C","1016.000","hPa","35.9","pmil","0","55.690","deg","20.000","°C","100.000","%a.s.","22.400","deg","20.000","°C","962.000","hPa","0.861","-0.02617","0.00035","0","0","13.56","Humid","35.35","0","78.50","280972.98","SABD0002000014","AAV2.0.0.13","3.0.3.1703","PSt7-10","180509-002","9/13/2019 10:46:52 AM","0000-00","0","no battery","V"
"06/11/2023","11:25:05","9","default","547630319","OXY_CH9","29.125","min","160.952","μmol/L","Humid","23.680","deg","132836","µV","26.683","°C","1016.000","hPa","35.9","pmil","0","55.690","deg","20.000","°C","100.000","%a.s.","22.400","deg","20.000","°C","962.000","hPa","0.861","-0.02617","0.00035","0","0","13.56","Humid","35.35","0","78.50","280965.14","SABD0002000014","AAV2.0.0.13","3.0.3.1703","PSt7-10","180509-002","9/13/2019 10:46:52 AM","0000-00","0","no battery","V"
"06/11/2023","11:25:06","9","default","547630319","OXY_CH9","29.142","min","161.021","μmol/L","Humid","23.677","deg","132830","µV","26.677","°C","1016.000","hPa","35.9","pmil","0","55.690","deg","20.000","°C","100.000","%a.s.","22.400","deg","20.000","°C","962.000","hPa","0.861","-0.02617","0.00035","0","0","13.56","Humid","35.35","0","78.50","280970.72","SABD0002000014","AAV2.0.0.13","3.0.3.1703","PSt7-10","180509-002","9/13/2019 10:46:52 AM","0000-00","0","no battery","V"
"06/11/2023","11:25:07","9","default","547630319","OXY_CH9","29.158","min","161.019","μmol/L","Humid","23.675","deg","132810","µV","26.683","°C","1016.000","hPa","35.9","pmil","0","55.690","deg","20.000","°C","100.000","%a.s.","22.400","deg","20.000","°C","962.000","hPa","0.861","-0.02617","0.00035","0","0","13.56","Humid","35.35","0","78.50","280967.71","SABD0002000014","AAV2.0.0.13","3.0.3.1703","PSt7-10","180509-002","9/13/2019 10:46:52 AM","0000-00","0","no battery","V"
"06/11/2023","11:25:08","9","default","547630319","OXY_CH9","29.175","min","161.019","μmol/L","Humid","23.675","deg","132803","µV","26.683","°C","1016.000","hPa","35.9","pmil","0","55.690","deg","20.000","°C","100.000","%a.s.","22.400","deg","20.000","°C","962.000","hPa","0.861","-0.02617","0.00035","0","0","13.56","Humid","35.35","0","78.50","280960.22","SABD0002000014","AAV2.0.0.13","3.0.3.1703","PSt7-10","180509-002","9/13/2019 10:46:52 AM","0000-00","0","no battery","V"
"06/11/2023","11:25:09","9","default","547630319","OXY_CH9","29.191","min","161.086","μmol/L","Humid","23.670","deg","132786","µV","26.683","°C","1016.000","hPa","35.9","pmil","0","55.690","deg","20.000","°C","100.000","%a.s.","22.400","deg","20.000","°C","962.000","hPa","0.861","-0.02617","0.00035","0","0","13.56","Humid","35.35","0","78.50","280958.33","SABD0002000014","AAV2.0.0.13","3.0.3.1703","PSt7-10","180509-002","9/13/2019 10:46:52 AM","0000-00","0","no battery","V"
"06/11/2023","11:25:10","9","default","547630319","OXY_CH9","29.208","min","161.046","μmol/L","Humid","23.673","deg","132781","µV","26.683","°C","1016.000","hPa","35.9","pmil","0","55.690","deg","20.000","°C","100.000","%a.s.","22.400","deg","20.000","°C","962.000","hPa","0.861","-0.02617","0.00035","0","0","13.56","Humid","35.35","0","78.50","280965.18","SABD0002000014","AAV2.0.0.13","3.0.3.1703","PSt7-10","180509-002","9/13/2019 10:46:52 AM","0000-00","0","no battery","V"
"06/11/2023","11:25:11","9","default","547630319","OXY_CH9","29.225","min","161.057","μmol/L","Humid","23.670","deg","132773","µV","26.689","°C","1016.000","hPa","35.9","pmil","0","55.690","deg","20.000","°C","100.000","%a.s.","22.400","deg","20.000","°C","962.000","hPa","0.861","-0.02617","0.00035","0","0","13.56","Humid","35.35","0","78.50","280949.02","SABD0002000014","AAV2.0.0.13","3.0.3.1703","PSt7-10","180509-002","9/13/2019 10:46:52 AM","0000-00","0","no battery","V"
"06/11/2023","11:25:12","9","default","547630319","OXY_CH9","29.241","min","161.113","μmol/L","Humid","23.668","deg","132759","µV","26.683","°C","1016.000","hPa","35.9","pmil","0","55.690","deg","20.000","°C","100.000","%a.s.","22.400","deg","20.000","°C","962.000","hPa","0.861","-0.02617","0.00035","0","0","13.56","Humid","35.35","0","78.50","280962.01","SABD0002000014","AAV2.0.0.13","3.0.3.1703","PSt7-10","180509-002","9/13/2019 10:46:52 AM","0000-00","0","no battery","V"
"06/11/2023","11:25:13","9","default","547630319","OXY_CH9","29.258","min","161.154","μmol/L","Humid","23.665","deg","132754","µV","26.683","°C","1016.000","hPa","35.9","pmil","0","55.690","deg","20.000","°C","100.000","%a.s.","22.400","deg","20.000","°C","962.000","hPa","0.861","-0.02617","0.00035","0","0","13.56","Humid","35.35","0","78.50","280958.75","SABD0002000014","AAV2.0.0.13","3.0.3.1703","PSt7-10","180509-002","9/13/2019 10:46:52 AM","0000-00","0","no battery","V"
"06/11/2023","11:25:14","9","default","547630319","OXY_CH9","29.274","min","161.124","μmol/L","Humid","23.665","deg","132734","µV","26.689","°C","1016.000","hPa","35.9","pmil","0","55.690","deg","20.000","°C","100.000","%a.s.","22.400","deg","20.000","°C","962.000","hPa","0.861","-0.02617","0.00035","0","0","13.56","Humid","35.35","0","78.50","280958.89","SABD0002000014","AAV2.0.0.13","3.0.3.1703","PSt7-10","180509-002","9/13/2019 10:46:52 AM","0000-00","0","no battery","V"
"06/11/2023","11:25:15","9","default","547630319","OXY_CH9","29.291","min","161.180","μmol/L","Humid","23.663","deg","132728","µV","26.683","°C","1016.000","hPa","35.9","pmil","0","55.690","deg","20.000","°C","100.000","%a.s.","22.400","deg","20.000","°C","962.000","hPa","0.861","-0.02617","0.00035","0","0","13.56","Humid","35.35","0","78.50","280957.07","SABD0002000014","AAV2.0.0.13","3.0.3.1703","PSt7-10","180509-002","9/13/2019 10:46:52 AM","0000-00","0","no battery","V"
"06/11/2023","11:25:16","9","default","547630319","OXY_CH9","29.308","min","161.210","μmol/L","Humid","23.663","deg","132719","µV","26.677","°C","1016.000","hPa","35.9","pmil","0","55.690","deg","20.000","°C","100.000","%a.s.","22.400","deg","20.000","°C","962.000","hPa","0.861","-0.02617","0.00035","0","0","13.56","Humid","35.35","0","78.50","280961.97","SABD0002000014","AAV2.0.0.13","3.0.3.1703","PSt7-10","180509-002","9/13/2019 10:46:52 AM","0000-00","0","no battery","V"
"06/11/2023","11:25:17","9","default","547630319","OXY_CH9","29.324","min","161.151","μmol/L","Humid","23.663","deg","132702","µV","26.689","°C","1016.000","hPa","35.9","pmil","0","55.690","deg","20.000","°C","100.000","%a.s.","22.400","deg","20.000","°C","962.000","hPa","0.861","-0.02617","0.00035","0","0","13.56","Humid","35.35","0","78.50","280954.54","SABD0002000014","AAV2.0.0.13","3.0.3.1703","PSt7-10","180509-002","9/13/2019 10:46:52 AM","0000-00","0","no battery","V"
"06/11/2023","11:25:18","9","default","547630319","OXY_CH9","29.341","min","161.248","μmol/L","Humid","23.658","deg","132700","µV","26.683","°C","1016.000","hPa","35.9","pmil","0","55.690","deg","20.000","°C","100.000","%a.s.","22.400","deg","20.000","°C","962.000","hPa","0.861","-0.02617","0.00035","0","0","13.56","Humid","35.35","0","78.50","280955.70","SABD0002000014","AAV2.0.0.13","3.0.3.1703","PSt7-10","180509-002","9/13/2019 10:46:52 AM","0000-00","0","no battery","V"
"06/11/2023","11:25:19","9","default","547630319","OXY_CH9","29.358","min","161.261","μmol/L","Humid","23.657","deg","132679","µV","26.683","°C","1016.000","hPa","35.9","pmil","0","55.690","deg","20.000","°C","100.000","%a.s.","22.400","deg","20.000","°C","962.000","hPa","0.861","-0.02617","0.00035","0","0","13.56","Humid","35.35","0","78.50","280956.71","SABD0002000014","AAV2.0.0.13","3.0.3.1703","PSt7-10","180509-002","9/13/2019 10:46:52 AM","0000-00","0","no battery","V"
"06/11/2023","11:25:20","9","default","547630319","OXY_CH9","29.375","min","161.245","μmol/L","Humid","23.656","deg","132674","µV","26.689","°C","1016.000","hPa","35.9","pmil","0","55.690","deg","20.000","°C","100.000","%a.s.","22.400","deg","20.000","°C","962.000","hPa","0.861","-0.02617","0.00035","0","0","13.56","Humid","35.35","0","78.50","280962.60","SABD0002000014","AAV2.0.0.13","3.0.3.1703","PSt7-10","180509-002","9/13/2019 10:46:52 AM","0000-00","0","no battery","V"
"06/11/2023","11:25:21","9","default","547630319","OXY_CH9","29.391","min","161.302","μmol/L","Humid","23.654","deg","132664","µV","26.683","°C","1016.000","hPa","35.9","pmil","0","55.690","deg","20.000","°C","100.000","%a.s.","22.400","deg","20.000","°C","962.000","hPa","0.861","-0.02617","0.00035","0","0","13.56","Humid","35.35","0","78.50","280957.63","SABD0002000014","AAV2.0.0.13","3.0.3.1703","PSt7-10","180509-002","9/13/2019 10:46:52 AM","0000-00","0","no battery","V"
"06/11/2023","11:25:22","9","default","547630319","OXY_CH9","29.409","min","161.329","μmol/L","Humid","23.652","deg","132658","µV","26.683","°C","1016.000","hPa","35.9","pmil","0","55.690","deg","20.000","°C","100.000","%a.s.","22.400","deg","20.000","°C","962.000","hPa","0.861","-0.02617","0.00035","0","0","13.56","Humid","35.35","0","78.50","280957.24","SABD0002000014","AAV2.0.0.13","3.0.3.1703","PSt7-10","180509-002","9/13/2019 10:46:52 AM","0000-00","0","no battery","V"
"06/11/2023","11:25:23","9","default","547630319","OXY_CH9","29.425","min","161.315","μmol/L","Humid","23.653","deg","132647","µV","26.683","°C","1016.000","hPa","35.9","pmil","0","55.690","deg","20.000","°C","100.000","%a.s.","22.400","deg","20.000","°C","962.000","hPa","0.861","-0.02617","0.00035","0","0","13.56","Humid","35.35","0","78.50","280945.27","SABD0002000014","AAV2.0.0.13","3.0.3.1703","PSt7-10","180509-002","9/13/2019 10:46:52 AM","0000-00","0","no battery","V"
"06/11/2023","11:25:24","9","default","547630319","OXY_CH9","29.442","min","161.409","μmol/L","Humid","23.646","deg","132641","µV","26.683","°C","1016.000","hPa","35.9","pmil","0","55.690","deg","20.000","°C","100.000","%a.s.","22.400","deg","20.000","°C","962.000","hPa","0.861","-0.02617","0.00035","0","0","13.56","Humid","35.35","0","78.50","280965.29","SABD0002000014","AAV2.0.0.13","3.0.3.1703","PSt7-10","180509-002","9/13/2019 10:46:52 AM","0000-00","0","no battery","V"
"06/11/2023","11:25:25","9","default","547630319","OXY_CH9","29.458","min","161.367","μmol/L","Humid","23.647","deg","132628","µV","26.689","°C","1016.000","hPa","35.9","pmil","0","55.690","deg","20.000","°C","100.000","%a.s.","22.400","deg","20.000","°C","962.000","hPa","0.861","-0.02617","0.00035","0","0","13.56","Humid","35.35","0","78.50","280947.32","SABD0002000014","AAV2.0.0.13","3.0.3.1703","PSt7-10","180509-002","9/13/2019 10:46:52 AM","0000-00","0","no battery","V"
"06/11/2023","11:25:26","9","default","547630319","OXY_CH9","29.475","min","161.396","μmol/L","Humid","23.647","deg","132628","µV","26.683","°C","1016.000","hPa","35.9","pmil","0","55.690","deg","20.000","°C","100.000","%a.s.","22.400","deg","20.000","°C","962.000","hPa","0.861","-0.02617","0.00035","0","0","13.56","Humid","35.35","0","78.50","280958.31","SABD0002000014","AAV2.0.0.13","3.0.3.1703","PSt7-10","180509-002","9/13/2019 10:46:52 AM","0000-00","0","no battery","V"
"06/11/2023","11:25:27","9","default","547630319","OXY_CH9","29.492","min","161.367","μmol/L","Humid","23.647","deg","132622","µV","26.689","°C","1016.000","hPa","35.9","pmil","0","55.690","deg","20.000","°C","100.000","%a.s.","22.400","deg","20.000","°C","962.000","hPa","0.861","-0.02617","0.00035","0","0","13.56","Humid","35.35","0","78.50","280966.64","SABD0002000014","AAV2.0.0.13","3.0.3.1703","PSt7-10","180509-002","9/13/2019 10:46:52 AM","0000-00","0","no battery","V"
"06/11/2023","11:25:28","9","default","547630319","OXY_CH9","29.508","min","161.407","μmol/L","Humid","23.644","deg","132603","µV","26.689","°C","1016.000","hPa","35.9","pmil","0","55.690","deg","20.000","°C","100.000","%a.s.","22.400","deg","20.000","°C","962.000","hPa","0.861","-0.02617","0.00035","0","0","13.56","Humid","35.35","0","78.50","280958.90","SABD0002000014","AAV2.0.0.13","3.0.3.1703","PSt7-10","180509-002","9/13/2019 10:46:52 AM","0000-00","0","no battery","V"
"06/11/2023","11:25:29","9","default","547630319","OXY_CH9","29.525","min","161.463","μmol/L","Humid","23.642","deg","132595","µV","26.683","°C","1016.000","hPa","35.9","pmil","0","55.690","deg","20.000","°C","100.000","%a.s.","22.400","deg","20.000","°C","962.000","hPa","0.861","-0.02617","0.00035","0","0","13.56","Humid","35.35","0","78.50","280951.00","SABD0002000014","AAV2.0.0.13","3.0.3.1703","PSt7-10","180509-002","9/13/2019 10:46:52 AM","0000-00","0","no battery","V"
"06/11/2023","11:25:30","9","default","547630319","OXY_CH9","29.542","min","161.504","μmol/L","Humid","23.639","deg","132594","µV","26.683","°C","1016.000","hPa","35.9","pmil","0","55.690","deg","20.000","°C","100.000","%a.s.","22.400","deg","20.000","°C","962.000","hPa","0.861","-0.02617","0.00035","0","0","13.56","Humid","35.35","0","78.50","280958.00","SABD0002000014","AAV2.0.0.13","3.0.3.1703","PSt7-10","180509-002","9/13/2019 10:46:52 AM","0000-00","0","no battery","V"
"06/11/2023","11:25:31","9","default","547630319","OXY_CH9","29.558","min","161.463","μmol/L","Humid","23.642","deg","132584","µV","26.683","°C","1016.000","hPa","35.9","pmil","0","55.690","deg","20.000","°C","100.000","%a.s.","22.400","deg","20.000","°C","962.000","hPa","0.861","-0.02617","0.00035","0","0","13.56","Humid","35.35","0","78.50","280945.86","SABD0002000014","AAV2.0.0.13","3.0.3.1703","PSt7-10","180509-002","9/13/2019 10:46:52 AM","0000-00","0","no battery","V"
"06/11/2023","11:25:32","9","default","547630319","OXY_CH9","29.575","min","161.475","μmol/L","Humid","23.639","deg","132572","µV","26.689","°C","1016.000","hPa","35.9","pmil","0","55.690","deg","20.000","°C","100.000","%a.s.","22.400","deg","20.000","°C","962.000","hPa","0.861","-0.02617","0.00035","0","0","13.56","Humid","35.35","0","78.50","280954.30","SABD0002000014","AAV2.0.0.13","3.0.3.1703","PSt7-10","180509-002","9/13/2019 10:46:52 AM","0000-00","0","no battery","V"
"06/11/2023","11:25:33","9","default","547630319","OXY_CH9","29.592","min","161.544","μmol/L","Humid","23.636","deg","132563","µV","26.683","°C","1016.000","hPa","35.9","pmil","0","55.690","deg","20.000","°C","100.000","%a.s.","22.400","deg","20.000","°C","962.000","hPa","0.861","-0.02617","0.00035","0","0","13.56","Humid","35.35","0","78.50","280954.74","SABD0002000014","AAV2.0.0.13","3.0.3.1703","PSt7-10","180509-002","9/13/2019 10:46:52 AM","0000-00","0","no battery","V"
"06/11/2023","11:25:34","9","default","547630319","OXY_CH9","29.608","min","161.544","μmol/L","Humid","23.636","deg","132548","µV","26.683","°C","1016.000","hPa","35.9","pmil","0","55.690","deg","20.000","°C","100.000","%a.s.","22.400","deg","20.000","°C","962.000","hPa","0.861","-0.02617","0.00035","0","0","13.56","Humid","35.35","0","78.50","280955.19","SABD0002000014","AAV2.0.0.13","3.0.3.1703","PSt7-10","180509-002","9/13/2019 10:46:52 AM","0000-00","0","no battery","V"
"06/11/2023","11:25:35","9","default","547630319","OXY_CH9","29.625","min","161.517","μmol/L","Humid","23.638","deg","132545","µV","26.683","°C","1016.000","hPa","35.9","pmil","0","55.690","deg","20.000","°C","100.000","%a.s.","22.400","deg","20.000","°C","962.000","hPa","0.861","-0.02617","0.00035","0","0","13.56","Humid","35.35","0","78.50","280944.85","SABD0002000014","AAV2.0.0.13","3.0.3.1703","PSt7-10","180509-002","9/13/2019 10:46:52 AM","0000-00","0","no battery","V"
"06/11/2023","11:25:36","9","default","547630319","OXY_CH9","29.642","min","161.585","μmol/L","Humid","23.633","deg","132538","µV","26.683","°C","1016.000","hPa","35.9","pmil","0","55.690","deg","20.000","°C","100.000","%a.s.","22.400","deg","20.000","°C","962.000","hPa","0.861","-0.02617","0.00035","0","0","13.56","Humid","35.35","0","78.50","280966.89","SABD0002000014","AAV2.0.0.13","3.0.3.1703","PSt7-10","180509-002","9/13/2019 10:46:52 AM","0000-00","0","no battery","V"
"06/11/2023","11:25:37","9","default","547630319","OXY_CH9","29.658","min","161.569","μmol/L","Humid","23.632","deg","132519","µV","26.689","°C","1016.000","hPa","35.9","pmil","0","55.690","deg","20.000","°C","100.000","%a.s.","22.400","deg","20.000","°C","962.000","hPa","0.861","-0.02617","0.00035","0","0","13.56","Humid","35.35","0","78.50","280939.41","SABD0002000014","AAV2.0.0.13","3.0.3.1703","PSt7-10","180509-002","9/13/2019 10:46:52 AM","0000-00","0","no battery","V"
"06/11/2023","11:25:38","9","default","547630319","OXY_CH9","29.675","min","161.625","μmol/L","Humid","23.630","deg","132517","µV","26.683","°C","1016.000","hPa","35.9","pmil","0","55.690","deg","20.000","°C","100.000","%a.s.","22.400","deg","20.000","°C","962.000","hPa","0.861","-0.02617","0.00035","0","0","13.56","Humid","35.35","0","78.50","280940.08","SABD0002000014","AAV2.0.0.13","3.0.3.1703","PSt7-10","180509-002","9/13/2019 10:46:52 AM","0000-00","0","no battery","V"
"06/11/2023","11:25:39","9","default","547630319","OXY_CH9","29.692","min","161.682","μmol/L","Humid","23.628","deg","132499","µV","26.677","°C","1016.000","hPa","35.9","pmil","0","55.690","deg","20.000","°C","100.000","%a.s.","22.400","deg","20.000","°C","962.000","hPa","0.861","-0.02617","0.00035","0","0","13.56","Humid","35.35","0","78.50","280955.88","SABD0002000014","AAV2.0.0.13","3.0.3.1703","PSt7-10","180509-002","9/13/2019 10:46:52 AM","0000-00","0","no battery","V"
"06/11/2023","11:25:40","9","default","547630319","OXY_CH9","29.708","min","161.666","μmol/L","Humid","23.627","deg","132497","µV","26.683","°C","1016.000","hPa","35.9","pmil","0","55.690","deg","20.000","°C","100.000","%a.s.","22.400","deg","20.000","°C","962.000","hPa","0.861","-0.02617","0.00035","0","0","13.56","Humid","35.35","0","78.50","280950.83","SABD0002000014","AAV2.0.0.13","3.0.3.1703","PSt7-10","180509-002","9/13/2019 10:46:52 AM","0000-00","0","no battery","V"
"06/11/2023","11:25:41","9","default","547630319","OXY_CH9","29.725","min","161.652","μmol/L","Humid","23.628","deg","132485","µV","26.683","°C","1016.000","hPa","35.9","pmil","0","55.690","deg","20.000","°C","100.000","%a.s.","22.400","deg","20.000","°C","962.000","hPa","0.861","-0.02617","0.00035","0","0","13.56","Humid","35.35","0","78.50","280940.36","SABD0002000014","AAV2.0.0.13","3.0.3.1703","PSt7-10","180509-002","9/13/2019 10:46:52 AM","0000-00","0","no battery","V"
"06/11/2023","11:25:42","9","default","547630319","OXY_CH9","29.741","min","161.693","μmol/L","Humid","23.625","deg","132476","µV","26.683","°C","1016.000","hPa","35.9","pmil","0","55.690","deg","20.000","°C","100.000","%a.s.","22.400","deg","20.000","°C","962.000","hPa","0.861","-0.02617","0.00035","0","0","13.56","Humid","35.35","0","78.50","280945.12","SABD0002000014","AAV2.0.0.13","3.0.3.1703","PSt7-10","180509-002","9/13/2019 10:46:52 AM","0000-00","0","no battery","V"
"06/11/2023","11:25:43","9","default","547630319","OXY_CH9","29.758","min","161.679","μmol/L","Humid","23.626","deg","132465","µV","26.683","°C","1016.000","hPa","35.9","pmil","0","55.690","deg","20.000","°C","100.000","%a.s.","22.400","deg","20.000","°C","962.000","hPa","0.861","-0.02617","0.00035","0","0","13.56","Humid","35.35","0","78.50","280949.24","SABD0002000014","AAV2.0.0.13","3.0.3.1703","PSt7-10","180509-002","9/13/2019 10:46:52 AM","0000-00","0","no battery","V"
"06/11/2023","11:25:44","9","default","547630319","OXY_CH9","29.775","min","161.747","μmol/L","Humid","23.621","deg","132454","µV","26.683","°C","1016.000","hPa","35.9","pmil","0","55.690","deg","20.000","°C","100.000","%a.s.","22.400","deg","20.000","°C","962.000","hPa","0.861","-0.02617","0.00035","0","0","13.56","Humid","35.35","0","78.50","280948.75","SABD0002000014","AAV2.0.0.13","3.0.3.1703","PSt7-10","180509-002","9/13/2019 10:46:52 AM","0000-00","0","no battery","V"
"06/11/2023","11:25:45","9","default","547630319","OXY_CH9","29.792","min","161.817","μmol/L","Humid","23.618","deg","132442","µV","26.677","°C","1016.000","hPa","35.9","pmil","0","55.690","deg","20.000","°C","100.000","%a.s.","22.400","deg","20.000","°C","962.000","hPa","0.861","-0.02617","0.00035","0","0","13.56","Humid","35.35","0","78.50","280943.89","SABD0002000014","AAV2.0.0.13","3.0.3.1703","PSt7-10","180509-002","9/13/2019 10:46:52 AM","0000-00","0","no battery","V"
"06/11/2023","11:25:46","9","default","547630319","OXY_CH9","29.808","min","161.715","μmol/L","Humid","23.619","deg","132438","µV","26.695","°C","1016.000","hPa","35.9","pmil","0","55.690","deg","20.000","°C","100.000","%a.s.","22.400","deg","20.000","°C","962.000","hPa","0.861","-0.02617","0.00035","0","0","13.56","Humid","35.35","0","78.50","280943.44","SABD0002000014","AAV2.0.0.13","3.0.3.1703","PSt7-10","180509-002","9/13/2019 10:46:52 AM","0000-00","0","no battery","V"
"06/11/2023","11:25:47","9","default","547630319","OXY_CH9","29.825","min","161.787","μmol/L","Humid","23.618","deg","132417","µV","26.683","°C","1016.000","hPa","35.9","pmil","0","55.690","deg","20.000","°C","100.000","%a.s.","22.400","deg","20.000","°C","962.000","hPa","0.861","-0.02617","0.00035","0","0","13.56","Humid","35.35","0","78.50","280933.95","SABD0002000014","AAV2.0.0.13","3.0.3.1703","PSt7-10","180509-002","9/13/2019 10:46:52 AM","0000-00","0","no battery","V"
"06/11/2023","11:25:48","9","default","547630319","OXY_CH9","29.842","min","161.828","μmol/L","Humid","23.615","deg","132406","µV","26.683","°C","1016.000","hPa","35.9","pmil","0","55.690","deg","20.000","°C","100.000","%a.s.","22.400","deg","20.000","°C","962.000","hPa","0.861","-0.02617","0.00035","0","0","13.56","Humid","35.35","0","78.50","280942.58","SABD0002000014","AAV2.0.0.13","3.0.3.1703","PSt7-10","180509-002","9/13/2019 10:46:52 AM","0000-00","0","no battery","V"
"06/11/2023","11:25:49","9","default","547630319","OXY_CH9","29.858","min","161.815","μmol/L","Humid","23.616","deg","132394","µV","26.683","°C","1016.000","hPa","35.9","pmil","0","55.690","deg","20.000","°C","100.000","%a.s.","22.400","deg","20.000","°C","962.000","hPa","0.861","-0.02617","0.00035","0","0","13.56","Humid","35.35","0","78.50","280940.15","SABD0002000014","AAV2.0.0.13","3.0.3.1703","PSt7-10","180509-002","9/13/2019 10:46:52 AM","0000-00","0","no battery","V"
"06/11/2023","11:25:50","9","default","547630319","OXY_CH9","29.875","min","161.884","μmol/L","Humid","23.613","deg","132397","µV","26.677","°C","1016.000","hPa","35.9","pmil","0","55.690","deg","20.000","°C","100.000","%a.s.","22.400","deg","20.000","°C","962.000","hPa","0.861","-0.02617","0.00035","0","0","13.56","Humid","35.35","0","78.50","280933.91","SABD0002000014","AAV2.0.0.13","3.0.3.1703","PSt7-10","180509-002","9/13/2019 10:46:52 AM","0000-00","0","no battery","V"
"06/11/2023","11:25:51","9","default","547630319","OXY_CH9","29.892","min","161.839","μmol/L","Humid","23.612","deg","132383","µV","26.689","°C","1016.000","hPa","35.9","pmil","0","55.690","deg","20.000","°C","100.000","%a.s.","22.400","deg","20.000","°C","962.000","hPa","0.861","-0.02617","0.00035","0","0","13.56","Humid","35.35","0","78.50","280930.05","SABD0002000014","AAV2.0.0.13","3.0.3.1703","PSt7-10","180509-002","9/13/2019 10:46:52 AM","0000-00","0","no battery","V"
"06/11/2023","11:25:52","9","default","547630319","OXY_CH9","29.908","min","161.923","μmol/L","Humid","23.608","deg","132370","µV","26.683","°C","1016.000","hPa","35.9","pmil","0","55.690","deg","20.000","°C","100.000","%a.s.","22.400","deg","20.000","°C","962.000","hPa","0.861","-0.02617","0.00035","0","0","13.56","Humid","35.35","0","78.50","280939.13","SABD0002000014","AAV2.0.0.13","3.0.3.1703","PSt7-10","180509-002","9/13/2019 10:46:52 AM","0000-00","0","no battery","V"
"06/11/2023","11:25:53","9","default","547630319","OXY_CH9","29.925","min","161.923","μmol/L","Humid","23.608","deg","132363","µV","26.683","°C","1016.000","hPa","35.9","pmil","0","55.690","deg","20.000","°C","100.000","%a.s.","22.400","deg","20.000","°C","962.000","hPa","0.861","-0.02617","0.00035","0","0","13.56","Humid","35.35","0","78.50","280926.32","SABD0002000014","AAV2.0.0.13","3.0.3.1703","PSt7-10","180509-002","9/13/2019 10:46:52 AM","0000-00","0","no battery","V"
"06/11/2023","11:25:54","9","default","547630319","OXY_CH9","29.941","min","161.907","μmol/L","Humid","23.607","deg","132354","µV","26.689","°C","1016.000","hPa","35.9","pmil","0","55.690","deg","20.000","°C","100.000","%a.s.","22.400","deg","20.000","°C","962.000","hPa","0.861","-0.02617","0.00035","0","0","13.56","Humid","35.35","0","78.50","280936.69","SABD0002000014","AAV2.0.0.13","3.0.3.1703","PSt7-10","180509-002","9/13/2019 10:46:52 AM","0000-00","0","no battery","V"
"06/11/2023","11:25:55","9","default","547630319","OXY_CH9","29.958","min","162.076","μmol/L","Humid","23.601","deg","132344","µV","26.670","°C","1016.000","hPa","35.9","pmil","0","55.690","deg","20.000","°C","100.000","%a.s.","22.400","deg","20.000","°C","962.000","hPa","0.861","-0.02617","0.00035","0","0","13.56","Humid","35.35","0","78.50","280930.98","SABD0002000014","AAV2.0.0.13","3.0.3.1703","PSt7-10","180509-002","9/13/2019 10:46:52 AM","0000-00","0","no battery","V"
"06/11/2023","11:25:56","9","default","547630319","OXY_CH9","29.975","min","161.936","μmol/L","Humid","23.607","deg","132337","µV","26.683","°C","1016.000","hPa","35.9","pmil","0","55.690","deg","20.000","°C","100.000","%a.s.","22.400","deg","20.000","°C","962.000","hPa","0.861","-0.02617","0.00035","0","0","13.56","Humid","35.35","0","78.50","280943.01","SABD0002000014","AAV2.0.0.13","3.0.3.1703","PSt7-10","180509-002","9/13/2019 10:46:52 AM","0000-00","0","no battery","V"
"06/11/2023","11:25:57","9","default","547630319","OXY_CH9","29.991","min","162.004","μmol/L","Humid","23.602","deg","132330","µV","26.683","°C","1016.000","hPa","35.9","pmil","0","55.690","deg","20.000","°C","100.000","%a.s.","22.400","deg","20.000","°C","962.000","hPa","0.861","-0.02617","0.00035","0","0","13.56","Humid","35.35","0","78.50","280933.82","SABD0002000014","AAV2.0.0.13","3.0.3.1703","PSt7-10","180509-002","9/13/2019 10:46:52 AM","0000-00","0","no battery","V"
"06/11/2023","11:25:58","9","default","547630319","OXY_CH9","30.008","min","162.018","μmol/L","Humid","23.601","deg","132317","µV","26.683","°C","1016.000","hPa","35.9","pmil","0","55.690","deg","20.000","°C","100.000","%a.s.","22.400","deg","20.000","°C","962.000","hPa","0.861","-0.02617","0.00035","0","0","13.56","Humid","35.35","0","78.50","280942.79","SABD0002000014","AAV2.0.0.13","3.0.3.1703","PSt7-10","180509-002","9/13/2019 10:46:52 AM","0000-00","0","no battery","V"
"06/11/2023","11:25:59","9","default","547630319","OXY_CH9","30.025","min","162.045","μmol/L","Humid","23.599","deg","132307","µV","26.683","°C","1016.000","hPa","35.9","pmil","0","55.690","deg","20.000","°C","100.000","%a.s.","22.400","deg","20.000","°C","962.000","hPa","0.861","-0.02617","0.00035","0","0","13.56","Humid","35.35","0","78.50","280925.94","SABD0002000014","AAV2.0.0.13","3.0.3.1703","PSt7-10","180509-002","9/13/2019 10:46:52 AM","0000-00","0","no battery","V"
"06/11/2023","11:26:00","9","default","547630319","OXY_CH9","30.042","min","162.072","μmol/L","Humid","23.597","deg","132294","µV","26.683","°C","1016.000","hPa","35.9","pmil","0","55.690","deg","20.000","°C","100.000","%a.s.","22.400","deg","20.000","°C","962.000","hPa","0.861","-0.02617","0.00035","0","0","13.56","Humid","35.35","0","78.50","280924.13","SABD0002000014","AAV2.0.0.13","3.0.3.1703","PSt7-10","180509-002","9/13/2019 10:46:52 AM","0000-00","0","no battery","V"
"06/11/2023","11:26:01","9","default","547630319","OXY_CH9","30.058","min","162.072","μmol/L","Humid","23.597","deg","132295","µV","26.683","°C","1016.000","hPa","35.9","pmil","0","55.690","deg","20.000","°C","100.000","%a.s.","22.400","deg","20.000","°C","962.000","hPa","0.861","-0.02617","0.00035","0","0","13.56","Humid","35.35","0","78.50","280943.90","SABD0002000014","AAV2.0.0.13","3.0.3.1703","PSt7-10","180509-002","9/13/2019 10:46:52 AM","0000-00","0","no battery","V"
"06/11/2023","11:26:02","9","default","547630319","OXY_CH9","30.075","min","162.167","μmol/L","Humid","23.590","deg","132274","µV","26.683","°C","1016.000","hPa","35.9","pmil","0","55.690","deg","20.000","°C","100.000","%a.s.","22.400","deg","20.000","°C","962.000","hPa","0.861","-0.02617","0.00035","0","0","13.56","Humid","35.35","0","78.50","280918.53","SABD0002000014","AAV2.0.0.13","3.0.3.1703","PSt7-10","180509-002","9/13/2019 10:46:52 AM","0000-00","0","no battery","V"
"06/11/2023","11:26:03","9","default","547630319","OXY_CH9","30.092","min","162.099","μmol/L","Humid","23.595","deg","132282","µV","26.683","°C","1016.000","hPa","35.9","pmil","0","55.690","deg","20.000","°C","100.000","%a.s.","22.400","deg","20.000","°C","962.000","hPa","0.861","-0.02617","0.00035","0","0","13.56","Humid","35.35","0","78.50","280937.54","SABD0002000014","AAV2.0.0.13","3.0.3.1703","PSt7-10","180509-002","9/13/2019 10:46:52 AM","0000-00","0","no battery","V"
"06/11/2023","11:26:04","9","default","547630319","OXY_CH9","30.108","min","162.096","μmol/L","Humid","23.593","deg","132259","µV","26.689","°C","1016.000","hPa","35.9","pmil","0","55.690","deg","20.000","°C","100.000","%a.s.","22.400","deg","20.000","°C","962.000","hPa","0.861","-0.02617","0.00035","0","0","13.56","Humid","35.35","0","78.50","280925.53","SABD0002000014","AAV2.0.0.13","3.0.3.1703","PSt7-10","180509-002","9/13/2019 10:46:52 AM","0000-00","0","no battery","V"
"06/11/2023","11:26:05","9","default","547630319","OXY_CH9","30.125","min","162.139","μmol/L","Humid","23.592","deg","132257","µV","26.683","°C","1016.000","hPa","35.9","pmil","0","55.690","deg","20.000","°C","100.000","%a.s.","22.400","deg","20.000","°C","962.000","hPa","0.861","-0.02617","0.00035","0","0","13.56","Humid","35.35","0","78.50","280934.59","SABD0002000014","AAV2.0.0.13","3.0.3.1703","PSt7-10","180509-002","9/13/2019 10:46:52 AM","0000-00","0","no battery","V"
"06/11/2023","11:26:06","9","default","547630319","OXY_CH9","30.142","min","162.153","μmol/L","Humid","23.591","deg","132249","µV","26.683","°C","1016.000","hPa","35.9","pmil","0","55.690","deg","20.000","°C","100.000","%a.s.","22.400","deg","20.000","°C","962.000","hPa","0.861","-0.02617","0.00035","0","0","13.56","Humid","35.35","0","78.50","280928.52","SABD0002000014","AAV2.0.0.13","3.0.3.1703","PSt7-10","180509-002","9/13/2019 10:46:52 AM","0000-00","0","no battery","V"
"06/11/2023","11:26:07","9","default","547630319","OXY_CH9","30.158","min","162.194","μmol/L","Humid","23.588","deg","132235","µV","26.683","°C","1016.000","hPa","35.9","pmil","0","55.690","deg","20.000","°C","100.000","%a.s.","22.400","deg","20.000","°C","962.000","hPa","0.861","-0.02617","0.00035","0","0","13.56","Humid","35.35","0","78.50","280933.76","SABD0002000014","AAV2.0.0.13","3.0.3.1703","PSt7-10","180509-002","9/13/2019 10:46:52 AM","0000-00","0","no battery","V"
"06/11/2023","11:26:08","9","default","547630319","OXY_CH9","30.175","min","162.237","μmol/L","Humid","23.587","deg","132230","µV","26.677","°C","1016.000","hPa","35.9","pmil","0","55.690","deg","20.000","°C","100.000","%a.s.","22.400","deg","20.000","°C","962.000","hPa","0.861","-0.02617","0.00035","0","0","13.56","Humid","35.35","0","78.50","280940.38","SABD0002000014","AAV2.0.0.13","3.0.3.1703","PSt7-10","180509-002","9/13/2019 10:46:52 AM","0000-00","0","no battery","V"
"06/11/2023","11:26:09","9","default","547630319","OXY_CH9","30.191","min","162.205","μmol/L","Humid","23.585","deg","132213","µV","26.689","°C","1016.000","hPa","35.9","pmil","0","55.690","deg","20.000","°C","100.000","%a.s.","22.400","deg","20.000","°C","962.000","hPa","0.861","-0.02617","0.00035","0","0","13.56","Humid","35.35","0","78.50","280927.65","SABD0002000014","AAV2.0.0.13","3.0.3.1703","PSt7-10","180509-002","9/13/2019 10:46:52 AM","0000-00","0","no battery","V"
"06/11/2023","11:26:10","9","default","547630319","OXY_CH9","30.208","min","162.221","μmol/L","Humid","23.586","deg","132212","µV","26.683","°C","1016.000","hPa","35.9","pmil","0","55.690","deg","20.000","°C","100.000","%a.s.","22.400","deg","20.000","°C","962.000","hPa","0.861","-0.02617","0.00035","0","0","13.56","Humid","35.35","0","78.50","280932.02","SABD0002000014","AAV2.0.0.13","3.0.3.1703","PSt7-10","180509-002","9/13/2019 10:46:52 AM","0000-00","0","no battery","V"
"06/11/2023","11:26:11","9","default","547630319","OXY_CH9","30.224","min","162.262","μmol/L","Humid","23.583","deg","132194","µV","26.683","°C","1016.000","hPa","35.9","pmil","0","55.690","deg","20.000","°C","100.000","%a.s.","22.400","deg","20.000","°C","962.000","hPa","0.861","-0.02617","0.00035","0","0","13.56","Humid","35.35","0","78.50","280922.19","SABD0002000014","AAV2.0.0.13","3.0.3.1703","PSt7-10","180509-002","9/13/2019 10:46:52 AM","0000-00","0","no battery","V"
"06/11/2023","11:26:12","9","default","547630319","OXY_CH9","30.242","min","162.329","μmol/L","Humid","23.578","deg","132198","µV","26.683","°C","1016.000","hPa","35.9","pmil","0","55.690","deg","20.000","°C","100.000","%a.s.","22.400","deg","20.000","°C","962.000","hPa","0.861","-0.02617","0.00035","0","0","13.56","Humid","35.35","0","78.50","280938.52","SABD0002000014","AAV2.0.0.13","3.0.3.1703","PSt7-10","180509-002","9/13/2019 10:46:52 AM","0000-00","0","no battery","V"
"06/11/2023","11:26:13","9","default","547630319","OXY_CH9","30.258","min","162.316","μmol/L","Humid","23.579","deg","132176","µV","26.683","°C","1016.000","hPa","35.9","pmil","0","55.690","deg","20.000","°C","100.000","%a.s.","22.400","deg","20.000","°C","962.000","hPa","0.861","-0.02617","0.00035","0","0","13.56","Humid","35.35","0","78.50","280921.72","SABD0002000014","AAV2.0.0.13","3.0.3.1703","PSt7-10","180509-002","9/13/2019 10:46:52 AM","0000-00","0","no battery","V"
"06/11/2023","11:26:14","9","default","547630319","OXY_CH9","30.275","min","162.327","μmol/L","Humid","23.576","deg","132179","µV","26.689","°C","1016.000","hPa","35.9","pmil","0","55.690","deg","20.000","°C","100.000","%a.s.","22.400","deg","20.000","°C","962.000","hPa","0.861","-0.02617","0.00035","0","0","13.56","Humid","35.35","0","78.50","280930.16","SABD0002000014","AAV2.0.0.13","3.0.3.1703","PSt7-10","180509-002","9/13/2019 10:46:52 AM","0000-00","0","no battery","V"
"06/11/2023","11:26:15","9","default","547630319","OXY_CH9","30.292","min","162.359","μmol/L","Humid","23.578","deg","132161","µV","26.677","°C","1016.000","hPa","35.9","pmil","0","55.690","deg","20.000","°C","100.000","%a.s.","22.400","deg","20.000","°C","962.000","hPa","0.861","-0.02617","0.00035","0","0","13.56","Humid","35.35","0","78.50","280939.98","SABD0002000014","AAV2.0.0.13","3.0.3.1703","PSt7-10","180509-002","9/13/2019 10:46:52 AM","0000-00","0","no battery","V"
"06/11/2023","11:26:16","9","default","547630319","OXY_CH9","30.308","min","162.413","μmol/L","Humid","23.574","deg","132148","µV","26.677","°C","1016.000","hPa","35.9","pmil","0","55.690","deg","20.000","°C","100.000","%a.s.","22.400","deg","20.000","°C","962.000","hPa","0.861","-0.02617","0.00035","0","0","13.56","Humid","35.35","0","78.50","280922.38","SABD0002000014","AAV2.0.0.13","3.0.3.1703","PSt7-10","180509-002","9/13/2019 10:46:52 AM","0000-00","0","no battery","V"
"06/11/2023","11:26:17","9","default","547630319","OXY_CH9","30.325","min","162.341","μmol/L","Humid","23.575","deg","132137","µV","26.689","°C","1016.000","hPa","35.9","pmil","0","55.690","deg","20.000","°C","100.000","%a.s.","22.400","deg","20.000","°C","962.000","hPa","0.861","-0.02617","0.00035","0","0","13.56","Humid","35.35","0","78.50","280920.85","SABD0002000014","AAV2.0.0.13","3.0.3.1703","PSt7-10","180509-002","9/13/2019 10:46:52 AM","0000-00","0","no battery","V"
"06/11/2023","11:26:18","9","default","547630319","OXY_CH9","30.342","min","162.411","μmol/L","Humid","23.572","deg","132126","µV","26.683","°C","1016.000","hPa","35.9","pmil","0","55.690","deg","20.000","°C","100.000","%a.s.","22.400","deg","20.000","°C","962.000","hPa","0.861","-0.02617","0.00035","0","0","13.56","Humid","35.35","0","78.50","280928.98","SABD0002000014","AAV2.0.0.13","3.0.3.1703","PSt7-10","180509-002","9/13/2019 10:46:52 AM","0000-00","0","no battery","V"
"06/11/2023","11:26:19","9","default","547630319","OXY_CH9","30.359","min","162.492","μmol/L","Humid","23.566","deg","132125","µV","26.683","°C","1016.000","hPa","35.9","pmil","0","55.690","deg","20.000","°C","100.000","%a.s.","22.400","deg","20.000","°C","962.000","hPa","0.861","-0.02617","0.00035","0","0","13.56","Humid","35.35","0","78.50","280937.77","SABD0002000014","AAV2.0.0.13","3.0.3.1703","PSt7-10","180509-002","9/13/2019 10:46:52 AM","0000-00","0","no battery","V"
"06/11/2023","11:26:20","9","default","547630319","OXY_CH9","30.375","min","162.424","μmol/L","Humid","23.571","deg","132113","µV","26.683","°C","1016.000","hPa","35.9","pmil","0","55.690","deg","20.000","°C","100.000","%a.s.","22.400","deg","20.000","°C","962.000","hPa","0.861","-0.02617","0.00035","0","0","13.56","Humid","35.35","0","78.50","280915.75","SABD0002000014","AAV2.0.0.13","3.0.3.1703","PSt7-10","180509-002","9/13/2019 10:46:52 AM","0000-00","0","no battery","V"
"06/11/2023","11:26:21","9","default","547630319","OXY_CH9","30.392","min","162.436","μmol/L","Humid","23.568","deg","132106","µV","26.689","°C","1016.000","hPa","35.9","pmil","0","55.690","deg","20.000","°C","100.000","%a.s.","22.400","deg","20.000","°C","962.000","hPa","0.861","-0.02617","0.00035","0","0","13.56","Humid","35.35","0","78.50","280924.46","SABD0002000014","AAV2.0.0.13","3.0.3.1703","PSt7-10","180509-002","9/13/2019 10:46:52 AM","0000-00","0","no battery","V"
"06/11/2023","11:26:22","9","default","547630319","OXY_CH9","30.408","min","162.520","μmol/L","Humid","23.564","deg","132090","µV","26.683","°C","1016.000","hPa","35.9","pmil","0","55.690","deg","20.000","°C","100.000","%a.s.","22.400","deg","20.000","°C","962.000","hPa","0.861","-0.02617","0.00035","0","0","13.56","Humid","35.35","0","78.50","280929.15","SABD0002000014","AAV2.0.0.13","3.0.3.1703","PSt7-10","180509-002","9/13/2019 10:46:52 AM","0000-00","0","no battery","V"
"06/11/2023","11:26:23","9","default","547630319","OXY_CH9","30.425","min","162.517","μmol/L","Humid","23.562","deg","132085","µV","26.689","°C","1016.000","hPa","35.9","pmil","0","55.690","deg","20.000","°C","100.000","%a.s.","22.400","deg","20.000","°C","962.000","hPa","0.861","-0.02617","0.00035","0","0","13.56","Humid","35.35","0","78.50","280920.29","SABD0002000014","AAV2.0.0.13","3.0.3.1703","PSt7-10","180509-002","9/13/2019 10:46:52 AM","0000-00","0","no battery","V"
"06/11/2023","11:26:24","9","default","547630319","OXY_CH9","30.442","min","162.533","μmol/L","Humid","23.563","deg","132063","µV","26.683","°C","1016.000","hPa","35.9","pmil","0","55.690","deg","20.000","°C","100.000","%a.s.","22.400","deg","20.000","°C","962.000","hPa","0.861","-0.02617","0.00035","0","0","13.56","Humid","35.35","0","78.50","280916.55","SABD0002000014","AAV2.0.0.13","3.0.3.1703","PSt7-10","180509-002","9/13/2019 10:46:52 AM","0000-00","0","no battery","V"
"06/11/2023","11:26:25","9","default","547630319","OXY_CH9","30.459","min","162.560","μmol/L","Humid","23.561","deg","132059","µV","26.683","°C","1016.000","hPa","35.9","pmil","0","55.690","deg","20.000","°C","100.000","%a.s.","22.400","deg","20.000","°C","962.000","hPa","0.861","-0.02617","0.00035","0","0","13.56","Humid","35.35","0","78.50","280919.86","SABD0002000014","AAV2.0.0.13","3.0.3.1703","PSt7-10","180509-002","9/13/2019 10:46:52 AM","0000-00","0","no battery","V"
"06/11/2023","11:26:26","9","default","547630319","OXY_CH9","30.475","min","162.588","μmol/L","Humid","23.559","deg","132044","µV","26.683","°C","1016.000","hPa","35.9","pmil","0","55.690","deg","20.000","°C","100.000","%a.s.","22.400","deg","20.000","°C","962.000","hPa","0.861","-0.02617","0.00035","0","0","13.56","Humid","35.35","0","78.50","280916.35","SABD0002000014","AAV2.0.0.13","3.0.3.1703","PSt7-10","180509-002","9/13/2019 10:46:52 AM","0000-00","0","no battery","V"
"06/11/2023","11:26:27","9","default","547630319","OXY_CH9","30.492","min","162.615","μmol/L","Humid","23.557","deg","132044","µV","26.683","°C","1016.000","hPa","35.9","pmil","0","55.690","deg","20.000","°C","100.000","%a.s.","22.400","deg","20.000","°C","962.000","hPa","0.861","-0.02617","0.00035","0","0","13.56","Humid","35.35","0","78.50","280928.59","SABD0002000014","AAV2.0.0.13","3.0.3.1703","PSt7-10","180509-002","9/13/2019 10:46:52 AM","0000-00","0","no battery","V"
"06/11/2023","11:26:28","9","default","547630319","OXY_CH9","30.508","min","162.628","μmol/L","Humid","23.556","deg","132025","µV","26.683","°C","1016.000","hPa","35.9","pmil","0","55.690","deg","20.000","°C","100.000","%a.s.","22.400","deg","20.000","°C","962.000","hPa","0.861","-0.02617","0.00035","0","0","13.56","Humid","35.35","0","78.50","280922.91","SABD0002000014","AAV2.0.0.13","3.0.3.1703","PSt7-10","180509-002","9/13/2019 10:46:52 AM","0000-00","0","no battery","V"
"06/11/2023","11:26:29","9","default","547630319","OXY_CH9","30.525","min","162.685","μmol/L","Humid","23.554","deg","132020","µV","26.677","°C","1016.000","hPa","35.9","pmil","0","55.690","deg","20.000","°C","100.000","%a.s.","22.400","deg","20.000","°C","962.000","hPa","0.861","-0.02617","0.00035","0","0","13.56","Humid","35.35","0","78.50","280919.44","SABD0002000014","AAV2.0.0.13","3.0.3.1703","PSt7-10","180509-002","9/13/2019 10:46:52 AM","0000-00","0","no battery","V"
"06/11/2023","11:26:30","9","default","547630319","OXY_CH9","30.542","min","162.669","μmol/L","Humid","23.553","deg","132010","µV","26.683","°C","1016.000","hPa","35.9","pmil","0","55.690","deg","20.000","°C","100.000","%a.s.","22.400","deg","20.000","°C","962.000","hPa","0.861","-0.02617","0.00035","0","0","13.56","Humid","35.35","0","78.50","280911.81","SABD0002000014","AAV2.0.0.13","3.0.3.1703","PSt7-10","180509-002","9/13/2019 10:46:52 AM","0000-00","0","no battery","V"
"06/11/2023","11:26:31","9","default","547630319","OXY_CH9","30.558","min","162.737","μmol/L","Humid","23.548","deg","131993","µV","26.683","°C","1016.000","hPa","35.9","pmil","0","55.690","deg","20.000","°C","100.000","%a.s.","22.400","deg","20.000","°C","962.000","hPa","0.861","-0.02617","0.00035","0","0","13.56","Humid","35.35","0","78.50","280914.24","SABD0002000014","AAV2.0.0.13","3.0.3.1703","PSt7-10","180509-002","9/13/2019 10:46:52 AM","0000-00","0","no battery","V"
"06/11/2023","11:26:32","9","default","547630319","OXY_CH9","30.575","min","162.737","μmol/L","Humid","23.548","deg","131985","µV","26.683","°C","1016.000","hPa","35.9","pmil","0","55.690","deg","20.000","°C","100.000","%a.s.","22.400","deg","20.000","°C","962.000","hPa","0.861","-0.02617","0.00035","0","0","13.56","Humid","35.35","0","78.50","280904.68","SABD0002000014","AAV2.0.0.13","3.0.3.1703","PSt7-10","180509-002","9/13/2019 10:46:52 AM","0000-00","0","no battery","V"
"06/11/2023","11:26:33","9","default","547630319","OXY_CH9","30.592","min","162.680","μmol/L","Humid","23.550","deg","131980","µV","26.689","°C","1016.000","hPa","35.9","pmil","0","55.690","deg","20.000","°C","100.000","%a.s.","22.400","deg","20.000","°C","962.000","hPa","0.861","-0.02617","0.00035","0","0","13.56","Humid","35.35","0","78.50","280916.60","SABD0002000014","AAV2.0.0.13","3.0.3.1703","PSt7-10","180509-002","9/13/2019 10:46:52 AM","0000-00","0","no battery","V"
"06/11/2023","11:26:34","9","default","547630319","OXY_CH9","30.608","min","162.751","μmol/L","Humid","23.547","deg","131973","µV","26.683","°C","1016.000","hPa","35.9","pmil","0","55.690","deg","20.000","°C","100.000","%a.s.","22.400","deg","20.000","°C","962.000","hPa","0.861","-0.02617","0.00035","0","0","13.56","Humid","35.35","0","78.50","280916.30","SABD0002000014","AAV2.0.0.13","3.0.3.1703","PSt7-10","180509-002","9/13/2019 10:46:52 AM","0000-00","0","no battery","V"
"06/11/2023","11:26:35","9","default","547630319","OXY_CH9","30.625","min","162.794","μmol/L","Humid","23.546","deg","131961","µV","26.677","°C","1016.000","hPa","35.9","pmil","0","55.690","deg","20.000","°C","100.000","%a.s.","22.400","deg","20.000","°C","962.000","hPa","0.861","-0.02617","0.00035","0","0","13.56","Humid","35.35","0","78.50","280913.98","SABD0002000014","AAV2.0.0.13","3.0.3.1703","PSt7-10","180509-002","9/13/2019 10:46:52 AM","0000-00","0","no battery","V"
"06/11/2023","11:26:36","9","default","547630319","OXY_CH9","30.642","min","162.792","μmol/L","Humid","23.544","deg","131952","µV","26.683","°C","1016.000","hPa","35.9","pmil","0","55.690","deg","20.000","°C","100.000","%a.s.","22.400","deg","20.000","°C","962.000","hPa","0.861","-0.02617","0.00035","0","0","13.56","Humid","35.35","0","78.50","280898.79","SABD0002000014","AAV2.0.0.13","3.0.3.1703","PSt7-10","180509-002","9/13/2019 10:46:52 AM","0000-00","0","no battery","V"
"06/11/2023","11:26:37","9","default","547630319","OXY_CH9","30.658","min","162.805","μmol/L","Humid","23.543","deg","131945","µV","26.683","°C","1016.000","hPa","35.9","pmil","0","55.690","deg","20.000","°C","100.000","%a.s.","22.400","deg","20.000","°C","962.000","hPa","0.861","-0.02617","0.00035","0","0","13.56","Humid","35.35","0","78.50","280916.67","SABD0002000014","AAV2.0.0.13","3.0.3.1703","PSt7-10","180509-002","9/13/2019 10:46:52 AM","0000-00","0","no battery","V"
"06/11/2023","11:26:38","9","default","547630319","OXY_CH9","30.675","min","162.762","μmol/L","Humid","23.544","deg","131933","µV","26.689","°C","1016.000","hPa","35.9","pmil","0","55.690","deg","20.000","°C","100.000","%a.s.","22.400","deg","20.000","°C","962.000","hPa","0.861","-0.02617","0.00035","0","0","13.56","Humid","35.35","0","78.50","280905.98","SABD0002000014","AAV2.0.0.13","3.0.3.1703","PSt7-10","180509-002","9/13/2019 10:46:52 AM","0000-00","0","no battery","V"
"06/11/2023","11:26:39","9","default","547630319","OXY_CH9","30.692","min","162.819","μmol/L","Humid","23.542","deg","131926","µV","26.683","°C","1016.000","hPa","35.9","pmil","0","55.690","deg","20.000","°C","100.000","%a.s.","22.400","deg","20.000","°C","962.000","hPa","0.861","-0.02617","0.00035","0","0","13.56","Humid","35.35","0","78.50","280914.33","SABD0002000014","AAV2.0.0.13","3.0.3.1703","PSt7-10","180509-002","9/13/2019 10:46:52 AM","0000-00","0","no battery","V"
"06/11/2023","11:26:40","9","default","547630319","OXY_CH9","30.708","min","162.871","μmol/L","Humid","23.536","deg","131914","µV","26.689","°C","1016.000","hPa","35.9","pmil","0","55.690","deg","20.000","°C","100.000","%a.s.","22.400","deg","20.000","°C","962.000","hPa","0.861","-0.02617","0.00035","0","0","13.56","Humid","35.35","0","78.50","280907.96","SABD0002000014","AAV2.0.0.13","3.0.3.1703","PSt7-10","180509-002","9/13/2019 10:46:52 AM","0000-00","0","no battery","V"
"06/11/2023","11:26:41","9","default","547630319","OXY_CH9","30.725","min","162.858","μmol/L","Humid","23.537","deg","131913","µV","26.689","°C","1016.000","hPa","35.9","pmil","0","55.690","deg","20.000","°C","100.000","%a.s.","22.400","deg","20.000","°C","962.000","hPa","0.861","-0.02617","0.00035","0","0","13.56","Humid","35.35","0","78.50","280910.15","SABD0002000014","AAV2.0.0.13","3.0.3.1703","PSt7-10","180509-002","9/13/2019 10:46:52 AM","0000-00","0","no battery","V"
"06/11/2023","11:26:42","9","default","547630319","OXY_CH9","30.742","min","162.901","μmol/L","Humid","23.536","deg","131904","µV","26.683","°C","1016.000","hPa","35.9","pmil","0","55.690","deg","20.000","°C","100.000","%a.s.","22.400","deg","20.000","°C","962.000","hPa","0.861","-0.02617","0.00035","0","0","13.56","Humid","35.35","0","78.50","280912.56","SABD0002000014","AAV2.0.0.13","3.0.3.1703","PSt7-10","180509-002","9/13/2019 10:46:52 AM","0000-00","0","no battery","V"
"06/11/2023","11:26:43","9","default","547630319","OXY_CH9","30.758","min","162.901","μmol/L","Humid","23.536","deg","131889","µV","26.683","°C","1016.000","hPa","35.9","pmil","0","55.690","deg","20.000","°C","100.000","%a.s.","22.400","deg","20.000","°C","962.000","hPa","0.861","-0.02617","0.00035","0","0","13.56","Humid","35.35","0","78.50","280898.92","SABD0002000014","AAV2.0.0.13","3.0.3.1703","PSt7-10","180509-002","9/13/2019 10:46:52 AM","0000-00","0","no battery","V"
"06/11/2023","11:26:44","9","default","547630319","OXY_CH9","30.775","min","162.983","μmol/L","Humid","23.530","deg","131880","µV","26.683","°C","1016.000","hPa","35.9","pmil","0","55.690","deg","20.000","°C","100.000","%a.s.","22.400","deg","20.000","°C","962.000","hPa","0.861","-0.02617","0.00035","0","0","13.56","Humid","35.35","0","78.50","280916.78","SABD0002000014","AAV2.0.0.13","3.0.3.1703","PSt7-10","180509-002","9/13/2019 10:46:52 AM","0000-00","0","no battery","V"
"06/11/2023","11:26:45","9","default","547630319","OXY_CH9","30.792","min","162.871","μmol/L","Humid","23.536","deg","131872","µV","26.689","°C","1016.000","hPa","35.9","pmil","0","55.690","deg","20.000","°C","100.000","%a.s.","22.400","deg","20.000","°C","962.000","hPa","0.861","-0.02617","0.00035","0","0","13.56","Humid","35.35","0","78.50","280916.45","SABD0002000014","AAV2.0.0.13","3.0.3.1703","PSt7-10","180509-002","9/13/2019 10:46:52 AM","0000-00","0","no battery","V"
"06/11/2023","11:26:46","9","default","547630319","OXY_CH9","30.808","min","162.953","μmol/L","Humid","23.530","deg","131862","µV","26.689","°C","1016.000","hPa","35.9","pmil","0","55.690","deg","20.000","°C","100.000","%a.s.","22.400","deg","20.000","°C","962.000","hPa","0.861","-0.02617","0.00035","0","0","13.56","Humid","35.35","0","78.50","280909.39","SABD0002000014","AAV2.0.0.13","3.0.3.1703","PSt7-10","180509-002","9/13/2019 10:46:52 AM","0000-00","0","no battery","V"
"06/11/2023","11:26:47","9","default","547630319","OXY_CH9","30.825","min","163.026","μmol/L","Humid","23.529","deg","131858","µV","26.677","°C","1016.000","hPa","35.9","pmil","0","55.690","deg","20.000","°C","100.000","%a.s.","22.400","deg","20.000","°C","962.000","hPa","0.861","-0.02617","0.00035","0","0","13.56","Humid","35.35","0","78.50","280912.00","SABD0002000014","AAV2.0.0.13","3.0.3.1703","PSt7-10","180509-002","9/13/2019 10:46:52 AM","0000-00","0","no battery","V"
"06/11/2023","11:26:48","9","default","547630319","OXY_CH9","30.841","min","162.980","μmol/L","Humid","23.528","deg","131851","µV","26.689","°C","1016.000","hPa","35.9","pmil","0","55.690","deg","20.000","°C","100.000","%a.s.","22.400","deg","20.000","°C","962.000","hPa","0.861","-0.02617","0.00035","0","0","13.56","Humid","35.35","0","78.50","280906.01","SABD0002000014","AAV2.0.0.13","3.0.3.1703","PSt7-10","180509-002","9/13/2019 10:46:52 AM","0000-00","0","no battery","V"
"06/11/2023","11:26:49","9","default","547630319","OXY_CH9","30.858","min","163.021","μmol/L","Humid","23.525","deg","131832","µV","26.689","°C","1016.000","hPa","35.9","pmil","0","55.690","deg","20.000","°C","100.000","%a.s.","22.400","deg","20.000","°C","962.000","hPa","0.861","-0.02617","0.00035","0","0","13.56","Humid","35.35","0","78.50","280906.80","SABD0002000014","AAV2.0.0.13","3.0.3.1703","PSt7-10","180509-002","9/13/2019 10:46:52 AM","0000-00","0","no battery","V"
"06/11/2023","11:26:50","9","default","547630319","OXY_CH9","30.875","min","163.049","μmol/L","Humid","23.523","deg","131823","µV","26.689","°C","1016.000","hPa","35.9","pmil","0","55.690","deg","20.000","°C","100.000","%a.s.","22.400","deg","20.000","°C","962.000","hPa","0.861","-0.02617","0.00035","0","0","13.56","Humid","35.35","0","78.50","280913.57","SABD0002000014","AAV2.0.0.13","3.0.3.1703","PSt7-10","180509-002","9/13/2019 10:46:52 AM","0000-00","0","no battery","V"
"06/11/2023","11:26:51","9","default","547630319","OXY_CH9","30.892","min","163.078","μmol/L","Humid","23.523","deg","131817","µV","26.683","°C","1016.000","hPa","35.9","pmil","0","55.690","deg","20.000","°C","100.000","%a.s.","22.400","deg","20.000","°C","962.000","hPa","0.861","-0.02617","0.00035","0","0","13.56","Humid","35.35","0","78.50","280907.61","SABD0002000014","AAV2.0.0.13","3.0.3.1703","PSt7-10","180509-002","9/13/2019 10:46:52 AM","0000-00","0","no battery","V"
"06/11/2023","11:26:52","9","default","547630319","OXY_CH9","30.909","min","163.035","μmol/L","Humid","23.524","deg","131814","µV","26.689","°C","1016.000","hPa","35.9","pmil","0","55.690","deg","20.000","°C","100.000","%a.s.","22.400","deg","20.000","°C","962.000","hPa","0.861","-0.02617","0.00035","0","0","13.56","Humid","35.35","0","78.50","280918.66","SABD0002000014","AAV2.0.0.13","3.0.3.1703","PSt7-10","180509-002","9/13/2019 10:46:52 AM","0000-00","0","no battery","V"
"06/11/2023","11:26:53","9","default","547630319","OXY_CH9","30.925","min","163.105","μmol/L","Humid","23.521","deg","131793","µV","26.683","°C","1016.000","hPa","35.9","pmil","0","55.690","deg","20.000","°C","100.000","%a.s.","22.400","deg","20.000","°C","962.000","hPa","0.861","-0.02617","0.00035","0","0","13.56","Humid","35.35","0","78.50","280916.89","SABD0002000014","AAV2.0.0.13","3.0.3.1703","PSt7-10","180509-002","9/13/2019 10:46:52 AM","0000-00","0","no battery","V"
"06/11/2023","11:26:54","9","default","547630319","OXY_CH9","30.941","min","163.160","μmol/L","Humid","23.517","deg","131793","µV","26.683","°C","1016.000","hPa","35.9","pmil","0","55.690","deg","20.000","°C","100.000","%a.s.","22.400","deg","20.000","°C","962.000","hPa","0.861","-0.02617","0.00035","0","0","13.56","Humid","35.35","0","78.50","280911.30","SABD0002000014","AAV2.0.0.13","3.0.3.1703","PSt7-10","180509-002","9/13/2019 10:46:52 AM","0000-00","0","no battery","V"
"06/11/2023","11:26:55","9","default","547630319","OXY_CH9","30.958","min","163.089","μmol/L","Humid","23.520","deg","131779","µV","26.689","°C","1016.000","hPa","35.9","pmil","0","55.690","deg","20.000","°C","100.000","%a.s.","22.400","deg","20.000","°C","962.000","hPa","0.861","-0.02617","0.00035","0","0","13.56","Humid","35.35","0","78.50","280906.85","SABD0002000014","AAV2.0.0.13","3.0.3.1703","PSt7-10","180509-002","9/13/2019 10:46:52 AM","0000-00","0","no battery","V"
"06/11/2023","11:26:56","9","default","547630319","OXY_CH9","30.975","min","163.130","μmol/L","Humid","23.517","deg","131774","µV","26.689","°C","1016.000","hPa","35.9","pmil","0","55.690","deg","20.000","°C","100.000","%a.s.","22.400","deg","20.000","°C","962.000","hPa","0.861","-0.02617","0.00035","0","0","13.56","Humid","35.35","0","78.50","280920.60","SABD0002000014","AAV2.0.0.13","3.0.3.1703","PSt7-10","180509-002","9/13/2019 10:46:52 AM","0000-00","0","no battery","V"
"06/11/2023","11:26:57","9","default","547630319","OXY_CH9","30.992","min","163.203","μmol/L","Humid","23.516","deg","131778","µV","26.677","°C","1016.000","hPa","35.9","pmil","0","55.690","deg","20.000","°C","100.000","%a.s.","22.400","deg","20.000","°C","962.000","hPa","0.861","-0.02617","0.00035","0","0","13.56","Humid","35.35","0","78.50","280920.88","SABD0002000014","AAV2.0.0.13","3.0.3.1703","PSt7-10","180509-002","9/13/2019 10:46:52 AM","0000-00","0","no battery","V"
"06/11/2023","11:26:58","9","default","547630319","OXY_CH9","31.008","min","163.215","μmol/L","Humid","23.513","deg","131751","µV","26.683","°C","1016.000","hPa","35.9","pmil","0","55.690","deg","20.000","°C","100.000","%a.s.","22.400","deg","20.000","°C","962.000","hPa","0.861","-0.02617","0.00035","0","0","13.56","Humid","35.35","0","78.50","280912.44","SABD0002000014","AAV2.0.0.13","3.0.3.1703","PSt7-10","180509-002","9/13/2019 10:46:52 AM","0000-00","0","no battery","V"
"06/11/2023","11:26:59","9","default","547630319","OXY_CH9","31.025","min","163.201","μmol/L","Humid","23.514","deg","131753","µV","26.683","°C","1016.000","hPa","35.9","pmil","0","55.690","deg","20.000","°C","100.000","%a.s.","22.400","deg","20.000","°C","962.000","hPa","0.861","-0.02617","0.00035","0","0","13.56","Humid","35.35","0","78.50","280914.98","SABD0002000014","AAV2.0.0.13","3.0.3.1703","PSt7-10","180509-002","9/13/2019 10:46:52 AM","0000-00","0","no battery","V"
"06/11/2023","11:27:00","9","default","547630319","OXY_CH9","31.042","min","163.240","μmol/L","Humid","23.509","deg","131733","µV","26.689","°C","1016.000","hPa","35.9","pmil","0","55.690","deg","20.000","°C","100.000","%a.s.","22.400","deg","20.000","°C","962.000","hPa","0.861","-0.02617","0.00035","0","0","13.56","Humid","35.35","0","78.50","280906.50","SABD0002000014","AAV2.0.0.13","3.0.3.1703","PSt7-10","180509-002","9/13/2019 10:46:52 AM","0000-00","0","no battery","V"
"06/11/2023","11:27:01","9","default","547630319","OXY_CH9","31.058","min","163.256","μmol/L","Humid","23.510","deg","131714","µV","26.683","°C","1016.000","hPa","35.9","pmil","0","55.690","deg","20.000","°C","100.000","%a.s.","22.400","deg","20.000","°C","962.000","hPa","0.861","-0.02617","0.00035","0","0","13.56","Humid","35.35","0","78.50","280904.08","SABD0002000014","AAV2.0.0.13","3.0.3.1703","PSt7-10","180509-002","9/13/2019 10:46:52 AM","0000-00","0","no battery","V"
"06/11/2023","11:27:02","9","default","547630319","OXY_CH9","31.075","min","163.297","μmol/L","Humid","23.507","deg","131718","µV","26.683","°C","1016.000","hPa","35.9","pmil","0","55.690","deg","20.000","°C","100.000","%a.s.","22.400","deg","20.000","°C","962.000","hPa","0.861","-0.02617","0.00035","0","0","13.56","Humid","35.35","0","78.50","280907.05","SABD0002000014","AAV2.0.0.13","3.0.3.1703","PSt7-10","180509-002","9/13/2019 10:46:52 AM","0000-00","0","no battery","V"
"06/11/2023","11:27:03","9","default","547630319","OXY_CH9","31.092","min","163.294","μmol/L","Humid","23.505","deg","131702","µV","26.689","°C","1016.000","hPa","35.9","pmil","0","55.690","deg","20.000","°C","100.000","%a.s.","22.400","deg","20.000","°C","962.000","hPa","0.861","-0.02617","0.00035","0","0","13.56","Humid","35.35","0","78.50","280910.01","SABD0002000014","AAV2.0.0.13","3.0.3.1703","PSt7-10","180509-002","9/13/2019 10:46:52 AM","0000-00","0","no battery","V"
"06/11/2023","11:27:04","9","default","547630319","OXY_CH9","31.108","min","163.381","μmol/L","Humid","23.503","deg","131701","µV","26.677","°C","1016.000","hPa","35.9","pmil","0","55.690","deg","20.000","°C","100.000","%a.s.","22.400","deg","20.000","°C","962.000","hPa","0.861","-0.02617","0.00035","0","0","13.56","Humid","35.35","0","78.50","280906.05","SABD0002000014","AAV2.0.0.13","3.0.3.1703","PSt7-10","180509-002","9/13/2019 10:46:52 AM","0000-00","0","no battery","V"
"06/11/2023","11:27:05","9","default","547630319","OXY_CH9","31.125","min","163.294","μmol/L","Humid","23.505","deg","131685","µV","26.689","°C","1016.000","hPa","35.9","pmil","0","55.690","deg","20.000","°C","100.000","%a.s.","22.400","deg","20.000","°C","962.000","hPa","0.861","-0.02617","0.00035","0","0","13.56","Humid","35.35","0","78.50","280904.92","SABD0002000014","AAV2.0.0.13","3.0.3.1703","PSt7-10","180509-002","9/13/2019 10:46:52 AM","0000-00","0","no battery","V"
"06/11/2023","11:27:06","9","default","547630319","OXY_CH9","31.142","min","163.367","μmol/L","Humid","23.504","deg","131680","µV","26.677","°C","1016.000","hPa","35.9","pmil","0","55.690","deg","20.000","°C","100.000","%a.s.","22.400","deg","20.000","°C","962.000","hPa","0.861","-0.02617","0.00035","0","0","13.56","Humid","35.35","0","78.50","280905.37","SABD0002000014","AAV2.0.0.13","3.0.3.1703","PSt7-10","180509-002","9/13/2019 10:46:52 AM","0000-00","0","no battery","V"
"06/11/2023","11:27:07","9","default","547630319","OXY_CH9","31.158","min","163.363","μmol/L","Humid","23.500","deg","131665","µV","26.689","°C","1016.000","hPa","35.9","pmil","0","55.690","deg","20.000","°C","100.000","%a.s.","22.400","deg","20.000","°C","962.000","hPa","0.861","-0.02617","0.00035","0","0","13.56","Humid","35.35","0","78.50","280898.05","SABD0002000014","AAV2.0.0.13","3.0.3.1703","PSt7-10","180509-002","9/13/2019 10:46:52 AM","0000-00","0","no battery","V"
"06/11/2023","11:27:08","9","default","547630319","OXY_CH9","31.175","min","163.431","μmol/L","Humid","23.495","deg","131653","µV","26.689","°C","1016.000","hPa","35.9","pmil","0","55.690","deg","20.000","°C","100.000","%a.s.","22.400","deg","20.000","°C","962.000","hPa","0.861","-0.02617","0.00035","0","0","13.56","Humid","35.35","0","78.50","280894.17","SABD0002000014","AAV2.0.0.13","3.0.3.1703","PSt7-10","180509-002","9/13/2019 10:46:52 AM","0000-00","0","no battery","V"
"06/11/2023","11:27:09","9","default","547630319","OXY_CH9","31.192","min","163.390","μmol/L","Humid","23.498","deg","131640","µV","26.689","°C","1016.000","hPa","35.9","pmil","0","55.690","deg","20.000","°C","100.000","%a.s.","22.400","deg","20.000","°C","962.000","hPa","0.861","-0.02617","0.00035","0","0","13.56","Humid","35.35","0","78.50","280907.14","SABD0002000014","AAV2.0.0.13","3.0.3.1703","PSt7-10","180509-002","9/13/2019 10:46:52 AM","0000-00","0","no battery","V"
"06/11/2023","11:27:10","9","default","547630319","OXY_CH9","31.208","min","163.475","μmol/L","Humid","23.494","deg","131627","µV","26.683","°C","1016.000","hPa","35.9","pmil","0","55.690","deg","20.000","°C","100.000","%a.s.","22.400","deg","20.000","°C","962.000","hPa","0.861","-0.02617","0.00035","0","0","13.56","Humid","35.35","0","78.50","280892.08","SABD0002000014","AAV2.0.0.13","3.0.3.1703","PSt7-10","180509-002","9/13/2019 10:46:52 AM","0000-00","0","no battery","V"
"06/11/2023","11:27:11","9","default","547630319","OXY_CH9","31.225","min","163.445","μmol/L","Humid","23.494","deg","131621","µV","26.689","°C","1016.000","hPa","35.9","pmil","0","55.690","deg","20.000","°C","100.000","%a.s.","22.400","deg","20.000","°C","962.000","hPa","0.861","-0.02617","0.00035","0","0","13.56","Humid","35.35","0","78.50","280903.45","SABD0002000014","AAV2.0.0.13","3.0.3.1703","PSt7-10","180509-002","9/13/2019 10:46:52 AM","0000-00","0","no battery","V"
"06/11/2023","11:27:12","9","default","547630319","OXY_CH9","31.241","min","163.486","μmol/L","Humid","23.491","deg","131613","µV","26.689","°C","1016.000","hPa","35.9","pmil","0","55.690","deg","20.000","°C","100.000","%a.s.","22.400","deg","20.000","°C","962.000","hPa","0.861","-0.02617","0.00035","0","0","13.56","Humid","35.35","0","78.50","280889.50","SABD0002000014","AAV2.0.0.13","3.0.3.1703","PSt7-10","180509-002","9/13/2019 10:46:52 AM","0000-00","0","no battery","V"
"06/11/2023","11:27:13","9","default","547630319","OXY_CH9","31.258","min","163.513","μmol/L","Humid","23.489","deg","131597","µV","26.689","°C","1016.000","hPa","35.9","pmil","0","55.690","deg","20.000","°C","100.000","%a.s.","22.400","deg","20.000","°C","962.000","hPa","0.861","-0.02617","0.00035","0","0","13.56","Humid","35.35","0","78.50","280890.07","SABD0002000014","AAV2.0.0.13","3.0.3.1703","PSt7-10","180509-002","9/13/2019 10:46:52 AM","0000-00","0","no battery","V"
"06/11/2023","11:27:14","9","default","547630319","OXY_CH9","31.275","min","163.529","μmol/L","Humid","23.490","deg","131591","µV","26.683","°C","1016.000","hPa","35.9","pmil","0","55.690","deg","20.000","°C","100.000","%a.s.","22.400","deg","20.000","°C","962.000","hPa","0.861","-0.02617","0.00035","0","0","13.56","Humid","35.35","0","78.50","280902.33","SABD0002000014","AAV2.0.0.13","3.0.3.1703","PSt7-10","180509-002","9/13/2019 10:46:52 AM","0000-00","0","no battery","V"
"06/11/2023","11:27:15","9","default","547630319","OXY_CH9","31.291","min","163.557","μmol/L","Humid","23.488","deg","131586","µV","26.683","°C","1016.000","hPa","35.9","pmil","0","55.690","deg","20.000","°C","100.000","%a.s.","22.400","deg","20.000","°C","962.000","hPa","0.861","-0.02617","0.00035","0","0","13.56","Humid","35.35","0","78.50","280892.61","SABD0002000014","AAV2.0.0.13","3.0.3.1703","PSt7-10","180509-002","9/13/2019 10:46:52 AM","0000-00","0","no battery","V"
"06/11/2023","11:27:16","9","default","547630319","OXY_CH9","31.308","min","163.541","μmol/L","Humid","23.487","deg","131583","µV","26.689","°C","1016.000","hPa","35.9","pmil","0","55.690","deg","20.000","°C","100.000","%a.s.","22.400","deg","20.000","°C","962.000","hPa","0.861","-0.02617","0.00035","0","0","13.56","Humid","35.35","0","78.50","280903.27","SABD0002000014","AAV2.0.0.13","3.0.3.1703","PSt7-10","180509-002","9/13/2019 10:46:52 AM","0000-00","0","no battery","V"
"06/11/2023","11:27:17","9","default","547630319","OXY_CH9","31.325","min","163.598","μmol/L","Humid","23.485","deg","131569","µV","26.683","°C","1016.000","hPa","35.9","pmil","0","55.690","deg","20.000","°C","100.000","%a.s.","22.400","deg","20.000","°C","962.000","hPa","0.861","-0.02617","0.00035","0","0","13.56","Humid","35.35","0","78.50","280898.47","SABD0002000014","AAV2.0.0.13","3.0.3.1703","PSt7-10","180509-002","9/13/2019 10:46:52 AM","0000-00","0","no battery","V"
"06/11/2023","11:27:18","9","default","547630319","OXY_CH9","31.341","min","163.598","μmol/L","Humid","23.485","deg","131554","µV","26.683","°C","1016.000","hPa","35.9","pmil","0","55.690","deg","20.000","°C","100.000","%a.s.","22.400","deg","20.000","°C","962.000","hPa","0.861","-0.02617","0.00035","0","0","13.56","Humid","35.35","0","78.50","280888.45","SABD0002000014","AAV2.0.0.13","3.0.3.1703","PSt7-10","180509-002","9/13/2019 10:46:52 AM","0000-00","0","no battery","V"
"06/11/2023","11:27:19","9","default","547630319","OXY_CH9","31.358","min","163.666","μmol/L","Humid","23.480","deg","131547","µV","26.683","°C","1016.000","hPa","35.9","pmil","0","55.690","deg","20.000","°C","100.000","%a.s.","22.400","deg","20.000","°C","962.000","hPa","0.861","-0.02617","0.00035","0","0","13.56","Humid","35.35","0","78.50","280895.87","SABD0002000014","AAV2.0.0.13","3.0.3.1703","PSt7-10","180509-002","9/13/2019 10:46:52 AM","0000-00","0","no battery","V"
"06/11/2023","11:27:20","9","default","547630319","OXY_CH9","31.375","min","163.655","μmol/L","Humid","23.483","deg","131539","µV","26.677","°C","1016.000","hPa","35.9","pmil","0","55.690","deg","20.000","°C","100.000","%a.s.","22.400","deg","20.000","°C","962.000","hPa","0.861","-0.02617","0.00035","0","0","13.56","Humid","35.35","0","78.50","280903.67","SABD0002000014","AAV2.0.0.13","3.0.3.1703","PSt7-10","180509-002","9/13/2019 10:46:52 AM","0000-00","0","no battery","V"
"06/11/2023","11:27:21","9","default","547630319","OXY_CH9","31.391","min","163.623","μmol/L","Humid","23.481","deg","131529","µV","26.689","°C","1016.000","hPa","35.9","pmil","0","55.690","deg","20.000","°C","100.000","%a.s.","22.400","deg","20.000","°C","962.000","hPa","0.861","-0.02617","0.00035","0","0","13.56","Humid","35.35","0","78.50","280892.76","SABD0002000014","AAV2.0.0.13","3.0.3.1703","PSt7-10","180509-002","9/13/2019 10:46:52 AM","0000-00","0","no battery","V"
"06/11/2023","11:27:22","9","default","547630319","OXY_CH9","31.408","min","163.708","μmol/L","Humid","23.477","deg","131524","µV","26.683","°C","1016.000","hPa","35.9","pmil","0","55.690","deg","20.000","°C","100.000","%a.s.","22.400","deg","20.000","°C","962.000","hPa","0.861","-0.02617","0.00035","0","0","13.56","Humid","35.35","0","78.50","280899.48","SABD0002000014","AAV2.0.0.13","3.0.3.1703","PSt7-10","180509-002","9/13/2019 10:46:52 AM","0000-00","0","no battery","V"
"06/11/2023","11:27:23","9","default","547630319","OXY_CH9","31.424","min","163.692","μmol/L","Humid","23.476","deg","131503","µV","26.689","°C","1016.000","hPa","35.9","pmil","0","55.690","deg","20.000","°C","100.000","%a.s.","22.400","deg","20.000","°C","962.000","hPa","0.861","-0.02617","0.00035","0","0","13.56","Humid","35.35","0","78.50","280893.24","SABD0002000014","AAV2.0.0.13","3.0.3.1703","PSt7-10","180509-002","9/13/2019 10:46:52 AM","0000-00","0","no battery","V"
"06/11/2023","11:27:24","9","default","547630319","OXY_CH9","31.441","min","163.751","μmol/L","Humid","23.476","deg","131502","µV","26.677","°C","1016.000","hPa","35.9","pmil","0","55.690","deg","20.000","°C","100.000","%a.s.","22.400","deg","20.000","°C","962.000","hPa","0.861","-0.02617","0.00035","0","0","13.56","Humid","35.35","0","78.50","280891.22","SABD0002000014","AAV2.0.0.13","3.0.3.1703","PSt7-10","180509-002","9/13/2019 10:46:52 AM","0000-00","0","no battery","V"
"06/11/2023","11:27:25","9","default","547630319","OXY_CH9","31.458","min","163.703","μmol/L","Humid","23.473","deg","131488","µV","26.695","°C","1016.000","hPa","35.9","pmil","0","55.690","deg","20.000","°C","100.000","%a.s.","22.400","deg","20.000","°C","962.000","hPa","0.861","-0.02617","0.00035","0","0","13.56","Humid","35.35","0","78.50","280880.96","SABD0002000014","AAV2.0.0.13","3.0.3.1703","PSt7-10","180509-002","9/13/2019 10:46:52 AM","0000-00","0","no battery","V"
"06/11/2023","11:27:26","9","default","547630319","OXY_CH9","31.474","min","163.790","μmol/L","Humid","23.471","deg","131468","µV","26.683","°C","1016.000","hPa","35.9","pmil","0","55.690","deg","20.000","°C","100.000","%a.s.","22.400","deg","20.000","°C","962.000","hPa","0.861","-0.02617","0.00035","0","0","13.56","Humid","35.35","0","78.50","280880.71","SABD0002000014","AAV2.0.0.13","3.0.3.1703","PSt7-10","180509-002","9/13/2019 10:46:52 AM","0000-00","0","no battery","V"
"06/11/2023","11:27:27","9","default","547630319","OXY_CH9","31.492","min","163.776","μmol/L","Humid","23.472","deg","131470","µV","26.683","°C","1016.000","hPa","35.9","pmil","0","55.690","deg","20.000","°C","100.000","%a.s.","22.400","deg","20.000","°C","962.000","hPa","0.861","-0.02617","0.00035","0","0","13.56","Humid","35.35","0","78.50","280892.61","SABD0002000014","AAV2.0.0.13","3.0.3.1703","PSt7-10","180509-002","9/13/2019 10:46:52 AM","0000-00","0","no battery","V"
"06/11/2023","11:27:28","9","default","547630319","OXY_CH9","31.508","min","163.776","μmol/L","Humid","23.472","deg","131462","µV","26.683","°C","1016.000","hPa","35.9","pmil","0","55.690","deg","20.000","°C","100.000","%a.s.","22.400","deg","20.000","°C","962.000","hPa","0.861","-0.02617","0.00035","0","0","13.56","Humid","35.35","0","78.50","280891.69","SABD0002000014","AAV2.0.0.13","3.0.3.1703","PSt7-10","180509-002","9/13/2019 10:46:52 AM","0000-00","0","no battery","V"
"06/11/2023","11:27:29","9","default","547630319","OXY_CH9","31.525","min","163.845","μmol/L","Humid","23.467","deg","131453","µV","26.683","°C","1016.000","hPa","35.9","pmil","0","55.690","deg","20.000","°C","100.000","%a.s.","22.400","deg","20.000","°C","962.000","hPa","0.861","-0.02617","0.00035","0","0","13.56","Humid","35.35","0","78.50","280885.99","SABD0002000014","AAV2.0.0.13","3.0.3.1703","PSt7-10","180509-002","9/13/2019 10:46:52 AM","0000-00","0","no battery","V"
"06/11/2023","11:27:30","9","default","547630319","OXY_CH9","31.542","min","163.801","μmol/L","Humid","23.468","deg","131447","µV","26.689","°C","1016.000","hPa","35.9","pmil","0","55.690","deg","20.000","°C","100.000","%a.s.","22.400","deg","20.000","°C","962.000","hPa","0.861","-0.02617","0.00035","0","0","13.56","Humid","35.35","0","78.50","280896.90","SABD0002000014","AAV2.0.0.13","3.0.3.1703","PSt7-10","180509-002","9/13/2019 10:46:52 AM","0000-00","0","no battery","V"
"06/11/2023","11:27:31","9","default","547630319","OXY_CH9","31.558","min","163.845","μmol/L","Humid","23.467","deg","131433","µV","26.683","°C","1016.000","hPa","35.9","pmil","0","55.690","deg","20.000","°C","100.000","%a.s.","22.400","deg","20.000","°C","962.000","hPa","0.861","-0.02617","0.00035","0","0","13.56","Humid","35.35","0","78.50","280887.36","SABD0002000014","AAV2.0.0.13","3.0.3.1703","PSt7-10","180509-002","9/13/2019 10:46:52 AM","0000-00","0","no battery","V"
"06/11/2023","11:27:32","9","default","547630319","OXY_CH9","31.575","min","163.856","μmol/L","Humid","23.464","deg","131426","µV","26.689","°C","1016.000","hPa","35.9","pmil","0","55.690","deg","20.000","°C","100.000","%a.s.","22.400","deg","20.000","°C","962.000","hPa","0.861","-0.02617","0.00035","0","0","13.56","Humid","35.35","0","78.50","280891.18","SABD0002000014","AAV2.0.0.13","3.0.3.1703","PSt7-10","180509-002","9/13/2019 10:46:52 AM","0000-00","0","no battery","V"
"06/11/2023","11:27:33","9","default","547630319","OXY_CH9","31.592","min","163.969","μmol/L","Humid","23.458","deg","131413","µV","26.683","°C","1016.000","hPa","35.9","pmil","0","55.690","deg","20.000","°C","100.000","%a.s.","22.400","deg","20.000","°C","962.000","hPa","0.861","-0.02617","0.00035","0","0","13.56","Humid","35.35","0","78.50","280896.44","SABD0002000014","AAV2.0.0.13","3.0.3.1703","PSt7-10","180509-002","9/13/2019 10:46:52 AM","0000-00","0","no battery","V"
"06/11/2023","11:27:34","9","default","547630319","OXY_CH9","31.608","min","163.898","μmol/L","Humid","23.461","deg","131399","µV","26.689","°C","1016.000","hPa","35.9","pmil","0","55.690","deg","20.000","°C","100.000","%a.s.","22.400","deg","20.000","°C","962.000","hPa","0.861","-0.02617","0.00035","0","0","13.56","Humid","35.35","0","78.50","280887.86","SABD0002000014","AAV2.0.0.13","3.0.3.1703","PSt7-10","180509-002","9/13/2019 10:46:52 AM","0000-00","0","no battery","V"
"06/11/2023","11:27:35","9","default","547630319","OXY_CH9","31.625","min","163.955","μmol/L","Humid","23.459","deg","131392","µV","26.683","°C","1016.000","hPa","35.9","pmil","0","55.690","deg","20.000","°C","100.000","%a.s.","22.400","deg","20.000","°C","962.000","hPa","0.861","-0.02617","0.00035","0","0","13.56","Humid","35.35","0","78.50","280887.78","SABD0002000014","AAV2.0.0.13","3.0.3.1703","PSt7-10","180509-002","9/13/2019 10:46:52 AM","0000-00","0","no battery","V"
"06/11/2023","11:27:36","9","default","547630319","OXY_CH9","31.642","min","163.925","μmol/L","Humid","23.459","deg","131382","µV","26.689","°C","1016.000","hPa","35.9","pmil","0","55.690","deg","20.000","°C","100.000","%a.s.","22.400","deg","20.000","°C","962.000","hPa","0.861","-0.02617","0.00035","0","0","13.56","Humid","35.35","0","78.50","280895.82","SABD0002000014","AAV2.0.0.13","3.0.3.1703","PSt7-10","180509-002","9/13/2019 10:46:52 AM","0000-00","0","no battery","V"
"06/11/2023","11:27:37","9","default","547630319","OXY_CH9","31.658","min","164.010","μmol/L","Humid","23.455","deg","131373","µV","26.683","°C","1016.000","hPa","35.9","pmil","0","55.690","deg","20.000","°C","100.000","%a.s.","22.400","deg","20.000","°C","962.000","hPa","0.861","-0.02617","0.00035","0","0","13.56","Humid","35.35","0","78.50","280894.90","SABD0002000014","AAV2.0.0.13","3.0.3.1703","PSt7-10","180509-002","9/13/2019 10:46:52 AM","0000-00","0","no battery","V"
"06/11/2023","11:27:38","9","default","547630319","OXY_CH9","31.675","min","164.023","μmol/L","Humid","23.454","deg","131361","µV","26.683","°C","1016.000","hPa","35.9","pmil","0","55.690","deg","20.000","°C","100.000","%a.s.","22.400","deg","20.000","°C","962.000","hPa","0.861","-0.02617","0.00035","0","0","13.56","Humid","35.35","0","78.50","280886.00","SABD0002000014","AAV2.0.0.13","3.0.3.1703","PSt7-10","180509-002","9/13/2019 10:46:52 AM","0000-00","0","no battery","V"
"06/11/2023","11:27:39","9","default","547630319","OXY_CH9","31.691","min","164.051","μmol/L","Humid","23.452","deg","131349","µV","26.683","°C","1016.000","hPa","35.9","pmil","0","55.690","deg","20.000","°C","100.000","%a.s.","22.400","deg","20.000","°C","962.000","hPa","0.861","-0.02617","0.00035","0","0","13.56","Humid","35.35","0","78.50","280888.77","SABD0002000014","AAV2.0.0.13","3.0.3.1703","PSt7-10","180509-002","9/13/2019 10:46:52 AM","0000-00","0","no battery","V"
"06/11/2023","11:27:40","9","default","547630319","OXY_CH9","31.708","min","164.049","μmol/L","Humid","23.450","deg","131337","µV","26.689","°C","1016.000","hPa","35.9","pmil","0","55.690","deg","20.000","°C","100.000","%a.s.","22.400","deg","20.000","°C","962.000","hPa","0.861","-0.02617","0.00035","0","0","13.56","Humid","35.35","0","78.50","280877.60","SABD0002000014","AAV2.0.0.13","3.0.3.1703","PSt7-10","180509-002","9/13/2019 10:46:52 AM","0000-00","0","no battery","V"
"06/11/2023","11:27:41","9","default","547630319","OXY_CH9","31.725","min","164.076","μmol/L","Humid","23.448","deg","131327","µV","26.689","°C","1016.000","hPa","35.9","pmil","0","55.690","deg","20.000","°C","100.000","%a.s.","22.400","deg","20.000","°C","962.000","hPa","0.861","-0.02617","0.00035","0","0","13.56","Humid","35.35","0","78.50","280880.03","SABD0002000014","AAV2.0.0.13","3.0.3.1703","PSt7-10","180509-002","9/13/2019 10:46:52 AM","0000-00","0","no battery","V"
"06/11/2023","11:27:42","9","default","547630319","OXY_CH9","31.741","min","164.049","μmol/L","Humid","23.450","deg","131319","µV","26.689","°C","1016.000","hPa","35.9","pmil","0","55.690","deg","20.000","°C","100.000","%a.s.","22.400","deg","20.000","°C","962.000","hPa","0.861","-0.02617","0.00035","0","0","13.56","Humid","35.35","0","78.50","280885.21","SABD0002000014","AAV2.0.0.13","3.0.3.1703","PSt7-10","180509-002","9/13/2019 10:46:52 AM","0000-00","0","no battery","V"
"06/11/2023","11:27:43","9","default","547630319","OXY_CH9","31.758","min","164.134","μmol/L","Humid","23.446","deg","131311","µV","26.683","°C","1016.000","hPa","35.9","pmil","0","55.690","deg","20.000","°C","100.000","%a.s.","22.400","deg","20.000","°C","962.000","hPa","0.861","-0.02617","0.00035","0","0","13.56","Humid","35.35","0","78.50","280888.12","SABD0002000014","AAV2.0.0.13","3.0.3.1703","PSt7-10","180509-002","9/13/2019 10:46:52 AM","0000-00","0","no battery","V"
"06/11/2023","11:27:44","9","default","547630319","OXY_CH9","31.775","min","164.134","μmol/L","Humid","23.446","deg","131303","µV","26.683","°C","1016.000","hPa","35.9","pmil","0","55.690","deg","20.000","°C","100.000","%a.s.","22.400","deg","20.000","°C","962.000","hPa","0.861","-0.02617","0.00035","0","0","13.56","Humid","35.35","0","78.50","280879.96","SABD0002000014","AAV2.0.0.13","3.0.3.1703","PSt7-10","180509-002","9/13/2019 10:46:52 AM","0000-00","0","no battery","V"
"06/11/2023","11:27:45","9","default","547630319","OXY_CH9","31.791","min","164.131","μmol/L","Humid","23.444","deg","131293","µV","26.689","°C","1016.000","hPa","35.9","pmil","0","55.690","deg","20.000","°C","100.000","%a.s.","22.400","deg","20.000","°C","962.000","hPa","0.861","-0.02617","0.00035","0","0","13.56","Humid","35.35","0","78.50","280872.93","SABD0002000014","AAV2.0.0.13","3.0.3.1703","PSt7-10","180509-002","9/13/2019 10:46:52 AM","0000-00","0","no battery","V"
"06/11/2023","11:27:46","9","default","547630319","OXY_CH9","31.808","min","164.134","μmol/L","Humid","23.446","deg","131278","µV","26.683","°C","1016.000","hPa","35.9","pmil","0","55.690","deg","20.000","°C","100.000","%a.s.","22.400","deg","20.000","°C","962.000","hPa","0.861","-0.02617","0.00035","0","0","13.56","Humid","35.35","0","78.50","280867.59","SABD0002000014","AAV2.0.0.13","3.0.3.1703","PSt7-10","180509-002","9/13/2019 10:46:52 AM","0000-00","0","no battery","V"
"06/11/2023","11:27:47","9","default","547630319","OXY_CH9","31.825","min","164.244","μmol/L","Humid","23.438","deg","131272","µV","26.683","°C","1016.000","hPa","35.9","pmil","0","55.690","deg","20.000","°C","100.000","%a.s.","22.400","deg","20.000","°C","962.000","hPa","0.861","-0.02617","0.00035","0","0","13.56","Humid","35.35","0","78.50","280869.09","SABD0002000014","AAV2.0.0.13","3.0.3.1703","PSt7-10","180509-002","9/13/2019 10:46:52 AM","0000-00","0","no battery","V"
"06/11/2023","11:27:48","9","default","547630319","OXY_CH9","31.841","min","164.173","μmol/L","Humid","23.441","deg","131250","µV","26.689","°C","1016.000","hPa","35.9","pmil","0","55.690","deg","20.000","°C","100.000","%a.s.","22.400","deg","20.000","°C","962.000","hPa","0.861","-0.02617","0.00035","0","0","13.56","Humid","35.35","0","78.50","280871.04","SABD0002000014","AAV2.0.0.13","3.0.3.1703","PSt7-10","180509-002","9/13/2019 10:46:52 AM","0000-00","0","no battery","V"
"06/11/2023","11:27:49","9","default","547630319","OXY_CH9","31.858","min","164.228","μmol/L","Humid","23.437","deg","131255","µV","26.689","°C","1016.000","hPa","35.9","pmil","0","55.690","deg","20.000","°C","100.000","%a.s.","22.400","deg","20.000","°C","962.000","hPa","0.861","-0.02617","0.00035","0","0","13.56","Humid","35.35","0","78.50","280884.02","SABD0002000014","AAV2.0.0.13","3.0.3.1703","PSt7-10","180509-002","9/13/2019 10:46:52 AM","0000-00","0","no battery","V"
"06/11/2023","11:27:50","9","default","547630319","OXY_CH9","31.875","min","164.271","μmol/L","Humid","23.436","deg","131244","µV","26.683","°C","1016.000","hPa","35.9","pmil","0","55.690","deg","20.000","°C","100.000","%a.s.","22.400","deg","20.000","°C","962.000","hPa","0.861","-0.02617","0.00035","0","0","13.56","Humid","35.35","0","78.50","280875.03","SABD0002000014","AAV2.0.0.13","3.0.3.1703","PSt7-10","180509-002","9/13/2019 10:46:52 AM","0000-00","0","no battery","V"
"06/11/2023","11:27:51","9","default","547630319","OXY_CH9","31.892","min","164.313","μmol/L","Humid","23.433","deg","131227","µV","26.683","°C","1016.000","hPa","35.9","pmil","0","55.690","deg","20.000","°C","100.000","%a.s.","22.400","deg","20.000","°C","962.000","hPa","0.861","-0.02617","0.00035","0","0","13.56","Humid","35.35","0","78.50","280868.63","SABD0002000014","AAV2.0.0.13","3.0.3.1703","PSt7-10","180509-002","9/13/2019 10:46:52 AM","0000-00","0","no battery","V"
"06/11/2023","11:27:52","9","default","547630319","OXY_CH9","31.908","min","164.255","μmol/L","Humid","23.435","deg","131216","µV","26.689","°C","1016.000","hPa","35.9","pmil","0","55.690","deg","20.000","°C","100.000","%a.s.","22.400","deg","20.000","°C","962.000","hPa","0.861","-0.02617","0.00035","0","0","13.56","Humid","35.35","0","78.50","280886.71","SABD0002000014","AAV2.0.0.13","3.0.3.1703","PSt7-10","180509-002","9/13/2019 10:46:52 AM","0000-00","0","no battery","V"
"06/11/2023","11:27:53","9","default","547630319","OXY_CH9","31.925","min","164.354","μmol/L","Humid","23.430","deg","131210","µV","26.683","°C","1016.000","hPa","35.9","pmil","0","55.690","deg","20.000","°C","100.000","%a.s.","22.400","deg","20.000","°C","962.000","hPa","0.861","-0.02617","0.00035","0","0","13.56","Humid","35.35","0","78.50","280871.80","SABD0002000014","AAV2.0.0.13","3.0.3.1703","PSt7-10","180509-002","9/13/2019 10:46:52 AM","0000-00","0","no battery","V"
"06/11/2023","11:27:54","9","default","547630319","OXY_CH9","31.942","min","164.299","μmol/L","Humid","23.434","deg","131201","µV","26.683","°C","1016.000","hPa","35.9","pmil","0","55.690","deg","20.000","°C","100.000","%a.s.","22.400","deg","20.000","°C","962.000","hPa","0.861","-0.02617","0.00035","0","0","13.56","Humid","35.35","0","78.50","280876.06","SABD0002000014","AAV2.0.0.13","3.0.3.1703","PSt7-10","180509-002","9/13/2019 10:46:52 AM","0000-00","0","no battery","V"
"06/11/2023","11:27:55","9","default","547630319","OXY_CH9","31.958","min","164.283","μmol/L","Humid","23.433","deg","131192","µV","26.689","°C","1016.000","hPa","35.9","pmil","0","55.690","deg","20.000","°C","100.000","%a.s.","22.400","deg","20.000","°C","962.000","hPa","0.861","-0.02617","0.00035","0","0","13.56","Humid","35.35","0","78.50","280882.20","SABD0002000014","AAV2.0.0.13","3.0.3.1703","PSt7-10","180509-002","9/13/2019 10:46:52 AM","0000-00","0","no battery","V"
"06/11/2023","11:27:56","9","default","547630319","OXY_CH9","31.975","min","164.269","μmol/L","Humid","23.434","deg","131186","µV","26.689","°C","1016.000","hPa","35.9","pmil","0","55.690","deg","20.000","°C","100.000","%a.s.","22.400","deg","20.000","°C","962.000","hPa","0.861","-0.02617","0.00035","0","0","13.56","Humid","35.35","0","78.50","280871.29","SABD0002000014","AAV2.0.0.13","3.0.3.1703","PSt7-10","180509-002","9/13/2019 10:46:52 AM","0000-00","0","no battery","V"
"06/11/2023","11:27:57","9","default","547630319","OXY_CH9","31.992","min","164.381","μmol/L","Humid","23.428","deg","131175","µV","26.683","°C","1016.000","hPa","35.9","pmil","0","55.690","deg","20.000","°C","100.000","%a.s.","22.400","deg","20.000","°C","962.000","hPa","0.861","-0.02617","0.00035","0","0","13.56","Humid","35.35","0","78.50","280865.56","SABD0002000014","AAV2.0.0.13","3.0.3.1703","PSt7-10","180509-002","9/13/2019 10:46:52 AM","0000-00","0","no battery","V"
"06/11/2023","11:27:58","9","default","547630319","OXY_CH9","32.009","min","164.437","μmol/L","Humid","23.424","deg","131166","µV","26.683","°C","1016.000","hPa","35.9","pmil","0","55.690","deg","20.000","°C","100.000","%a.s.","22.400","deg","20.000","°C","962.000","hPa","0.861","-0.02617","0.00035","0","0","13.56","Humid","35.35","0","78.50","280875.93","SABD0002000014","AAV2.0.0.13","3.0.3.1703","PSt7-10","180509-002","9/13/2019 10:46:52 AM","0000-00","0","no battery","V"
"06/11/2023","11:27:59","9","default","547630319","OXY_CH9","32.025","min","164.466","μmol/L","Humid","23.424","deg","131153","µV","26.677","°C","1016.000","hPa","35.9","pmil","0","55.690","deg","20.000","°C","100.000","%a.s.","22.400","deg","20.000","°C","962.000","hPa","0.861","-0.02617","0.00035","0","0","13.56","Humid","35.35","0","78.50","280873.40","SABD0002000014","AAV2.0.0.13","3.0.3.1703","PSt7-10","180509-002","9/13/2019 10:46:52 AM","0000-00","0","no battery","V"
"06/11/2023","11:28:00","9","default","547630319","OXY_CH9","32.042","min","164.423","μmol/L","Humid","23.425","deg","131149","µV","26.683","°C","1016.000","hPa","35.9","pmil","0","55.690","deg","20.000","°C","100.000","%a.s.","22.400","deg","20.000","°C","962.000","hPa","0.861","-0.02617","0.00035","0","0","13.56","Humid","35.35","0","78.50","280873.93","SABD0002000014","AAV2.0.0.13","3.0.3.1703","PSt7-10","180509-002","9/13/2019 10:46:52 AM","0000-00","0","no battery","V"
"06/11/2023","11:28:01","9","default","547630319","OXY_CH9","32.058","min","164.448","μmol/L","Humid","23.421","deg","131141","µV","26.689","°C","1016.000","hPa","35.9","pmil","0","55.690","deg","20.000","°C","100.000","%a.s.","22.400","deg","20.000","°C","962.000","hPa","0.861","-0.02617","0.00035","0","0","13.56","Humid","35.35","0","78.50","280863.13","SABD0002000014","AAV2.0.0.13","3.0.3.1703","PSt7-10","180509-002","9/13/2019 10:46:52 AM","0000-00","0","no battery","V"
"06/11/2023","11:28:02","9","default","547630319","OXY_CH9","32.075","min","164.492","μmol/L","Humid","23.420","deg","131131","µV","26.683","°C","1016.000","hPa","35.9","pmil","0","55.690","deg","20.000","°C","100.000","%a.s.","22.400","deg","20.000","°C","962.000","hPa","0.861","-0.02617","0.00035","0","0","13.56","Humid","35.35","0","78.50","280863.34","SABD0002000014","AAV2.0.0.13","3.0.3.1703","PSt7-10","180509-002","9/13/2019 10:46:52 AM","0000-00","0","no battery","V"
"06/11/2023","11:28:03","9","default","547630319","OXY_CH9","32.092","min","164.478","μmol/L","Humid","23.421","deg","131121","µV","26.683","°C","1016.000","hPa","35.9","pmil","0","55.690","deg","20.000","°C","100.000","%a.s.","22.400","deg","20.000","°C","962.000","hPa","0.861","-0.02617","0.00035","0","0","13.56","Humid","35.35","0","78.50","280865.98","SABD0002000014","AAV2.0.0.13","3.0.3.1703","PSt7-10","180509-002","9/13/2019 10:46:52 AM","0000-00","0","no battery","V"
"06/11/2023","11:28:04","9","default","547630319","OXY_CH9","32.108","min","164.602","μmol/L","Humid","23.412","deg","131105","µV","26.683","°C","1016.000","hPa","35.9","pmil","0","55.690","deg","20.000","°C","100.000","%a.s.","22.400","deg","20.000","°C","962.000","hPa","0.861","-0.02617","0.00035","0","0","13.56","Humid","35.35","0","78.50","280863.23","SABD0002000014","AAV2.0.0.13","3.0.3.1703","PSt7-10","180509-002","9/13/2019 10:46:52 AM","0000-00","0","no battery","V"
"06/11/2023","11:28:05","9","default","547630319","OXY_CH9","32.125","min","164.561","μmol/L","Humid","23.415","deg","131103","µV","26.683","°C","1016.000","hPa","35.9","pmil","0","55.690","deg","20.000","°C","100.000","%a.s.","22.400","deg","20.000","°C","962.000","hPa","0.861","-0.02617","0.00035","0","0","13.56","Humid","35.35","0","78.50","280880.14","SABD0002000014","AAV2.0.0.13","3.0.3.1703","PSt7-10","180509-002","9/13/2019 10:46:52 AM","0000-00","0","no battery","V"
"06/11/2023","11:28:06","9","default","547630319","OXY_CH9","32.142","min","164.588","μmol/L","Humid","23.413","deg","131092","µV","26.683","°C","1016.000","hPa","35.9","pmil","0","55.690","deg","20.000","°C","100.000","%a.s.","22.400","deg","20.000","°C","962.000","hPa","0.861","-0.02617","0.00035","0","0","13.56","Humid","35.35","0","78.50","280878.24","SABD0002000014","AAV2.0.0.13","3.0.3.1703","PSt7-10","180509-002","9/13/2019 10:46:52 AM","0000-00","0","no battery","V"
"06/11/2023","11:28:07","9","default","547630319","OXY_CH9","32.158","min","164.545","μmol/L","Humid","23.414","deg","131076","µV","26.689","°C","1016.000","hPa","35.9","pmil","0","55.690","deg","20.000","°C","100.000","%a.s.","22.400","deg","20.000","°C","962.000","hPa","0.861","-0.02617","0.00035","0","0","13.56","Humid","35.35","0","78.50","280865.72","SABD0002000014","AAV2.0.0.13","3.0.3.1703","PSt7-10","180509-002","9/13/2019 10:46:52 AM","0000-00","0","no battery","V"
"06/11/2023","11:28:08","9","default","547630319","OXY_CH9","32.175","min","164.586","μmol/L","Humid","23.411","deg","131064","µV","26.689","°C","1016.000","hPa","35.9","pmil","0","55.690","deg","20.000","°C","100.000","%a.s.","22.400","deg","20.000","°C","962.000","hPa","0.861","-0.02617","0.00035","0","0","13.56","Humid","35.35","0","78.50","280865.86","SABD0002000014","AAV2.0.0.13","3.0.3.1703","PSt7-10","180509-002","9/13/2019 10:46:52 AM","0000-00","0","no battery","V"
"06/11/2023","11:28:09","9","default","547630319","OXY_CH9","32.192","min","164.598","μmol/L","Humid","23.408","deg","131058","µV","26.695","°C","1016.000","hPa","35.9","pmil","0","55.690","deg","20.000","°C","100.000","%a.s.","22.400","deg","20.000","°C","962.000","hPa","0.861","-0.02617","0.00035","0","0","13.56","Humid","35.35","0","78.50","280872.09","SABD0002000014","AAV2.0.0.13","3.0.3.1703","PSt7-10","180509-002","9/13/2019 10:46:52 AM","0000-00","0","no battery","V"
"06/11/2023","11:28:10","9","default","547630319","OXY_CH9","32.208","min","164.671","μmol/L","Humid","23.407","deg","131050","µV","26.683","°C","1016.000","hPa","35.9","pmil","0","55.690","deg","20.000","°C","100.000","%a.s.","22.400","deg","20.000","°C","962.000","hPa","0.861","-0.02617","0.00035","0","0","13.56","Humid","35.35","0","78.50","280869.17","SABD0002000014","AAV2.0.0.13","3.0.3.1703","PSt7-10","180509-002","9/13/2019 10:46:52 AM","0000-00","0","no battery","V"
"06/11/2023","11:28:11","9","default","547630319","OXY_CH9","32.225","min","164.598","μmol/L","Humid","23.408","deg","131039","µV","26.695","°C","1016.000","hPa","35.9","pmil","0","55.690","deg","20.000","°C","100.000","%a.s.","22.400","deg","20.000","°C","962.000","hPa","0.861","-0.02617","0.00035","0","0","13.56","Humid","35.35","0","78.50","280870.76","SABD0002000014","AAV2.0.0.13","3.0.3.1703","PSt7-10","180509-002","9/13/2019 10:46:52 AM","0000-00","0","no battery","V"
"06/11/2023","11:28:12","9","default","547630319","OXY_CH9","32.242","min","164.699","μmol/L","Humid","23.405","deg","131033","µV","26.683","°C","1016.000","hPa","35.9","pmil","0","55.690","deg","20.000","°C","100.000","%a.s.","22.400","deg","20.000","°C","962.000","hPa","0.861","-0.02617","0.00035","0","0","13.56","Humid","35.35","0","78.50","280864.90","SABD0002000014","AAV2.0.0.13","3.0.3.1703","PSt7-10","180509-002","9/13/2019 10:46:52 AM","0000-00","0","no battery","V"
"06/11/2023","11:28:13","9","default","547630319","OXY_CH9","32.258","min","164.727","μmol/L","Humid","23.403","deg","131027","µV","26.683","°C","1016.000","hPa","35.9","pmil","0","55.690","deg","20.000","°C","100.000","%a.s.","22.400","deg","20.000","°C","962.000","hPa","0.861","-0.02617","0.00035","0","0","13.56","Humid","35.35","0","78.50","280862.50","SABD0002000014","AAV2.0.0.13","3.0.3.1703","PSt7-10","180509-002","9/13/2019 10:46:52 AM","0000-00","0","no battery","V"
"06/11/2023","11:28:14","9","default","547630319","OXY_CH9","32.275","min","164.727","μmol/L","Humid","23.403","deg","131009","µV","26.683","°C","1016.000","hPa","35.9","pmil","0","55.690","deg","20.000","°C","100.000","%a.s.","22.400","deg","20.000","°C","962.000","hPa","0.861","-0.02617","0.00035","0","0","13.56","Humid","35.35","0","78.50","280859.45","SABD0002000014","AAV2.0.0.13","3.0.3.1703","PSt7-10","180509-002","9/13/2019 10:46:52 AM","0000-00","0","no battery","V"
"06/11/2023","11:28:15","9","default","547630319","OXY_CH9","32.291","min","164.782","μmol/L","Humid","23.399","deg","131001","µV","26.683","°C","1016.000","hPa","35.9","pmil","0","55.690","deg","20.000","°C","100.000","%a.s.","22.400","deg","20.000","°C","962.000","hPa","0.861","-0.02617","0.00035","0","0","13.56","Humid","35.35","0","78.50","280862.40","SABD0002000014","AAV2.0.0.13","3.0.3.1703","PSt7-10","180509-002","9/13/2019 10:46:52 AM","0000-00","0","no battery","V"
"06/11/2023","11:28:16","9","default","547630319","OXY_CH9","32.308","min","164.810","μmol/L","Humid","23.397","deg","130995","µV","26.683","°C","1016.000","hPa","35.9","pmil","0","55.690","deg","20.000","°C","100.000","%a.s.","22.400","deg","20.000","°C","962.000","hPa","0.861","-0.02617","0.00035","0","0","13.56","Humid","35.35","0","78.50","280867.42","SABD0002000014","AAV2.0.0.13","3.0.3.1703","PSt7-10","180509-002","9/13/2019 10:46:52 AM","0000-00","0","no battery","V"
"06/11/2023","11:28:17","9","default","547630319","OXY_CH9","32.324","min","164.766","μmol/L","Humid","23.398","deg","130990","µV","26.689","°C","1016.000","hPa","35.9","pmil","0","55.690","deg","20.000","°C","100.000","%a.s.","22.400","deg","20.000","°C","962.000","hPa","0.861","-0.02617","0.00035","0","0","13.56","Humid","35.35","0","78.50","280858.58","SABD0002000014","AAV2.0.0.13","3.0.3.1703","PSt7-10","180509-002","9/13/2019 10:46:52 AM","0000-00","0","no battery","V"
"06/11/2023","11:28:18","9","default","547630319","OXY_CH9","32.341","min","164.807","μmol/L","Humid","23.395","deg","130982","µV","26.689","°C","1016.000","hPa","35.9","pmil","0","55.690","deg","20.000","°C","100.000","%a.s.","22.400","deg","20.000","°C","962.000","hPa","0.861","-0.02617","0.00035","0","0","13.56","Humid","35.35","0","78.50","280867.15","SABD0002000014","AAV2.0.0.13","3.0.3.1703","PSt7-10","180509-002","9/13/2019 10:46:52 AM","0000-00","0","no battery","V"
"06/11/2023","11:28:19","9","default","547630319","OXY_CH9","32.359","min","164.793","μmol/L","Humid","23.396","deg","130964","µV","26.689","°C","1016.000","hPa","35.9","pmil","0","55.690","deg","20.000","°C","100.000","%a.s.","22.400","deg","20.000","°C","962.000","hPa","0.861","-0.02617","0.00035","0","0","13.56","Humid","35.35","0","78.50","280866.18","SABD0002000014","AAV2.0.0.13","3.0.3.1703","PSt7-10","180509-002","9/13/2019 10:46:52 AM","0000-00","0","no battery","V"
"06/11/2023","11:28:20","9","default","547630319","OXY_CH9","32.375","min","164.865","μmol/L","Humid","23.393","deg","130957","µV","26.683","°C","1016.000","hPa","35.9","pmil","0","55.690","deg","20.000","°C","100.000","%a.s.","22.400","deg","20.000","°C","962.000","hPa","0.861","-0.02617","0.00035","0","0","13.56","Humid","35.35","0","78.50","280858.67","SABD0002000014","AAV2.0.0.13","3.0.3.1703","PSt7-10","180509-002","9/13/2019 10:46:52 AM","0000-00","0","no battery","V"
"06/11/2023","11:28:21","9","default","547630319","OXY_CH9","32.392","min","164.879","μmol/L","Humid","23.392","deg","130942","µV","26.683","°C","1016.000","hPa","35.9","pmil","0","55.690","deg","20.000","°C","100.000","%a.s.","22.400","deg","20.000","°C","962.000","hPa","0.861","-0.02617","0.00035","0","0","13.56","Humid","35.35","0","78.50","280847.90","SABD0002000014","AAV2.0.0.13","3.0.3.1703","PSt7-10","180509-002","9/13/2019 10:46:52 AM","0000-00","0","no battery","V"
"06/11/2023","11:28:22","9","default","547630319","OXY_CH9","32.409","min","164.833","μmol/L","Humid","23.391","deg","130934","µV","26.695","°C","1016.000","hPa","35.9","pmil","0","55.690","deg","20.000","°C","100.000","%a.s.","22.400","deg","20.000","°C","962.000","hPa","0.861","-0.02617","0.00035","0","0","13.56","Humid","35.35","0","78.50","280854.08","SABD0002000014","AAV2.0.0.13","3.0.3.1703","PSt7-10","180509-002","9/13/2019 10:46:52 AM","0000-00","0","no battery","V"
"06/11/2023","11:28:23","9","default","547630319","OXY_CH9","32.425","min","164.890","μmol/L","Humid","23.389","deg","130925","µV","26.689","°C","1016.000","hPa","35.9","pmil","0","55.690","deg","20.000","°C","100.000","%a.s.","22.400","deg","20.000","°C","962.000","hPa","0.861","-0.02617","0.00035","0","0","13.56","Humid","35.35","0","78.50","280851.42","SABD0002000014","AAV2.0.0.13","3.0.3.1703","PSt7-10","180509-002","9/13/2019 10:46:52 AM","0000-00","0","no battery","V"
"06/11/2023","11:28:24","9","default","547630319","OXY_CH9","32.442","min","164.934","μmol/L","Humid","23.388","deg","130919","µV","26.683","°C","1016.000","hPa","35.9","pmil","0","55.690","deg","20.000","°C","100.000","%a.s.","22.400","deg","20.000","°C","962.000","hPa","0.861","-0.02617","0.00035","0","0","13.56","Humid","35.35","0","78.50","280856.91","SABD0002000014","AAV2.0.0.13","3.0.3.1703","PSt7-10","180509-002","9/13/2019 10:46:52 AM","0000-00","0","no battery","V"
"06/11/2023","11:28:25","9","default","547630319","OXY_CH9","32.458","min","164.948","μmol/L","Humid","23.387","deg","130912","µV","26.683","°C","1016.000","hPa","35.9","pmil","0","55.690","deg","20.000","°C","100.000","%a.s.","22.400","deg","20.000","°C","962.000","hPa","0.861","-0.02617","0.00035","0","0","13.56","Humid","35.35","0","78.50","280858.72","SABD0002000014","AAV2.0.0.13","3.0.3.1703","PSt7-10","180509-002","9/13/2019 10:46:52 AM","0000-00","0","no battery","V"
"06/11/2023","11:28:26","9","default","547630319","OXY_CH9","32.475","min","164.989","μmol/L","Humid","23.384","deg","130897","µV","26.683","°C","1016.000","hPa","35.9","pmil","0","55.690","deg","20.000","°C","100.000","%a.s.","22.400","deg","20.000","°C","962.000","hPa","0.861","-0.02617","0.00035","0","0","13.56","Humid","35.35","0","78.50","280849.71","SABD0002000014","AAV2.0.0.13","3.0.3.1703","PSt7-10","180509-002","9/13/2019 10:46:52 AM","0000-00","0","no battery","V"
"06/11/2023","11:28:27","9","default","547630319","OXY_CH9","32.491","min","164.948","μmol/L","Humid","23.387","deg","130883","µV","26.683","°C","1016.000","hPa","35.9","pmil","0","55.690","deg","20.000","°C","100.000","%a.s.","22.400","deg","20.000","°C","962.000","hPa","0.861","-0.02617","0.00035","0","0","13.56","Humid","35.35","0","78.50","280853.36","SABD0002000014","AAV2.0.0.13","3.0.3.1703","PSt7-10","180509-002","9/13/2019 10:46:52 AM","0000-00","0","no battery","V"
"06/11/2023","11:28:28","9","default","547630319","OXY_CH9","32.508","min","165.001","μmol/L","Humid","23.381","deg","130878","µV","26.689","°C","1016.000","hPa","35.9","pmil","0","55.690","deg","20.000","°C","100.000","%a.s.","22.400","deg","20.000","°C","962.000","hPa","0.861","-0.02617","0.00035","0","0","13.56","Humid","35.35","0","78.50","280853.26","SABD0002000014","AAV2.0.0.13","3.0.3.1703","PSt7-10","180509-002","9/13/2019 10:46:52 AM","0000-00","0","no battery","V"
"06/11/2023","11:28:29","9","default","547630319","OXY_CH9","32.525","min","164.987","μmol/L","Humid","23.382","deg","130873","µV","26.689","°C","1016.000","hPa","35.9","pmil","0","55.690","deg","20.000","°C","100.000","%a.s.","22.400","deg","20.000","°C","962.000","hPa","0.861","-0.02617","0.00035","0","0","13.56","Humid","35.35","0","78.50","280855.08","SABD0002000014","AAV2.0.0.13","3.0.3.1703","PSt7-10","180509-002","9/13/2019 10:46:52 AM","0000-00","0","no battery","V"
"06/11/2023","11:28:30","9","default","547630319","OXY_CH9","32.542","min","165.015","μmol/L","Humid","23.380","deg","130864","µV","26.689","°C","1016.000","hPa","35.9","pmil","0","55.690","deg","20.000","°C","100.000","%a.s.","22.400","deg","20.000","°C","962.000","hPa","0.861","-0.02617","0.00035","0","0","13.56","Humid","35.35","0","78.50","280853.37","SABD0002000014","AAV2.0.0.13","3.0.3.1703","PSt7-10","180509-002","9/13/2019 10:46:52 AM","0000-00","0","no battery","V"
"06/11/2023","11:28:31","9","default","547630319","OXY_CH9","32.559","min","165.043","μmol/L","Humid","23.378","deg","130855","µV","26.689","°C","1016.000","hPa","35.9","pmil","0","55.690","deg","20.000","°C","100.000","%a.s.","22.400","deg","20.000","°C","962.000","hPa","0.861","-0.02617","0.00035","0","0","13.56","Humid","35.35","0","78.50","280866.32","SABD0002000014","AAV2.0.0.13","3.0.3.1703","PSt7-10","180509-002","9/13/2019 10:46:52 AM","0000-00","0","no battery","V"
"06/11/2023","11:28:32","9","default","547630319","OXY_CH9","32.575","min","165.089","μmol/L","Humid","23.379","deg","130841","µV","26.677","°C","1016.000","hPa","35.9","pmil","0","55.690","deg","20.000","°C","100.000","%a.s.","22.400","deg","20.000","°C","962.000","hPa","0.861","-0.02617","0.00035","0","0","13.56","Humid","35.35","0","78.50","280855.82","SABD0002000014","AAV2.0.0.13","3.0.3.1703","PSt7-10","180509-002","9/13/2019 10:46:52 AM","0000-00","0","no battery","V"
"06/11/2023","11:28:33","9","default","547630319","OXY_CH9","32.591","min","165.128","μmol/L","Humid","23.374","deg","130840","µV","26.683","°C","1016.000","hPa","35.9","pmil","0","55.690","deg","20.000","°C","100.000","%a.s.","22.400","deg","20.000","°C","962.000","hPa","0.861","-0.02617","0.00035","0","0","13.56","Humid","35.35","0","78.50","280847.57","SABD0002000014","AAV2.0.0.13","3.0.3.1703","PSt7-10","180509-002","9/13/2019 10:46:52 AM","0000-00","0","no battery","V"
"06/11/2023","11:28:34","9","default","547630319","OXY_CH9","32.608","min","165.126","μmol/L","Humid","23.372","deg","130826","µV","26.689","°C","1016.000","hPa","35.9","pmil","0","55.690","deg","20.000","°C","100.000","%a.s.","22.400","deg","20.000","°C","962.000","hPa","0.861","-0.02617","0.00035","0","0","13.56","Humid","35.35","0","78.50","280849.16","SABD0002000014","AAV2.0.0.13","3.0.3.1703","PSt7-10","180509-002","9/13/2019 10:46:52 AM","0000-00","0","no battery","V"
"06/11/2023","11:28:35","9","default","547630319","OXY_CH9","32.625","min","165.126","μmol/L","Humid","23.372","deg","130813","µV","26.689","°C","1016.000","hPa","35.9","pmil","0","55.690","deg","20.000","°C","100.000","%a.s.","22.400","deg","20.000","°C","962.000","hPa","0.861","-0.02617","0.00035","0","0","13.56","Humid","35.35","0","78.50","280836.25","SABD0002000014","AAV2.0.0.13","3.0.3.1703","PSt7-10","180509-002","9/13/2019 10:46:52 AM","0000-00","0","no battery","V"
"06/11/2023","11:28:36","9","default","547630319","OXY_CH9","32.641","min","165.183","μmol/L","Humid","23.370","deg","130795","µV","26.683","°C","1016.000","hPa","35.9","pmil","0","55.690","deg","20.000","°C","100.000","%a.s.","22.400","deg","20.000","°C","962.000","hPa","0.861","-0.02617","0.00035","0","0","13.56","Humid","35.35","0","78.50","280841.57","SABD0002000014","AAV2.0.0.13","3.0.3.1703","PSt7-10","180509-002","9/13/2019 10:46:52 AM","0000-00","0","no battery","V"
"06/11/2023","11:28:37","9","default","547630319","OXY_CH9","32.658","min","165.167","μmol/L","Humid","23.369","deg","130785","µV","26.689","°C","1016.000","hPa","35.9","pmil","0","55.690","deg","20.000","°C","100.000","%a.s.","22.400","deg","20.000","°C","962.000","hPa","0.861","-0.02617","0.00035","0","0","13.56","Humid","35.35","0","78.50","280850.31","SABD0002000014","AAV2.0.0.13","3.0.3.1703","PSt7-10","180509-002","9/13/2019 10:46:52 AM","0000-00","0","no battery","V"
"06/11/2023","11:28:38","9","default","547630319","OXY_CH9","32.675","min","165.209","μmol/L","Humid","23.366","deg","130785","µV","26.689","°C","1016.000","hPa","35.9","pmil","0","55.690","deg","20.000","°C","100.000","%a.s.","22.400","deg","20.000","°C","962.000","hPa","0.861","-0.02617","0.00035","0","0","13.56","Humid","35.35","0","78.50","280855.12","SABD0002000014","AAV2.0.0.13","3.0.3.1703","PSt7-10","180509-002","9/13/2019 10:46:52 AM","0000-00","0","no battery","V"
"06/11/2023","11:28:39","9","default","547630319","OXY_CH9","32.691","min","165.294","μmol/L","Humid","23.362","deg","130765","µV","26.683","°C","1016.000","hPa","35.9","pmil","0","55.690","deg","20.000","°C","100.000","%a.s.","22.400","deg","20.000","°C","962.000","hPa","0.861","-0.02617","0.00035","0","0","13.56","Humid","35.35","0","78.50","280836.21","SABD0002000014","AAV2.0.0.13","3.0.3.1703","PSt7-10","180509-002","9/13/2019 10:46:52 AM","0000-00","0","no battery","V"
"06/11/2023","11:28:40","9","default","547630319","OXY_CH9","32.708","min","165.264","μmol/L","Humid","23.362","deg","130754","µV","26.689","°C","1016.000","hPa","35.9","pmil","0","55.690","deg","20.000","°C","100.000","%a.s.","22.400","deg","20.000","°C","962.000","hPa","0.861","-0.02617","0.00035","0","0","13.56","Humid","35.35","0","78.50","280844.41","SABD0002000014","AAV2.0.0.13","3.0.3.1703","PSt7-10","180509-002","9/13/2019 10:46:52 AM","0000-00","0","no battery","V"
"06/11/2023","11:28:41","9","default","547630319","OXY_CH9","32.725","min","165.234","μmol/L","Humid","23.362","deg","130744","µV","26.695","°C","1016.000","hPa","35.9","pmil","0","55.690","deg","20.000","°C","100.000","%a.s.","22.400","deg","20.000","°C","962.000","hPa","0.861","-0.02617","0.00035","0","0","13.56","Humid","35.35","0","78.50","280844.55","SABD0002000014","AAV2.0.0.13","3.0.3.1703","PSt7-10","180509-002","9/13/2019 10:46:52 AM","0000-00","0","no battery","V"
"06/11/2023","11:28:42","9","default","547630319","OXY_CH9","32.741","min","165.322","μmol/L","Humid","23.360","deg","130743","µV","26.683","°C","1016.000","hPa","35.9","pmil","0","55.690","deg","20.000","°C","100.000","%a.s.","22.400","deg","20.000","°C","962.000","hPa","0.861","-0.02617","0.00035","0","0","13.56","Humid","35.35","0","78.50","280842.86","SABD0002000014","AAV2.0.0.13","3.0.3.1703","PSt7-10","180509-002","9/13/2019 10:46:52 AM","0000-00","0","no battery","V"
"06/11/2023","11:28:43","9","default","547630319","OXY_CH9","32.758","min","165.308","μmol/L","Humid","23.361","deg","130726","µV","26.683","°C","1016.000","hPa","35.9","pmil","0","55.690","deg","20.000","°C","100.000","%a.s.","22.400","deg","20.000","°C","962.000","hPa","0.861","-0.02617","0.00035","0","0","13.56","Humid","35.35","0","78.50","280838.12","SABD0002000014","AAV2.0.0.13","3.0.3.1703","PSt7-10","180509-002","9/13/2019 10:46:52 AM","0000-00","0","no battery","V"
"06/11/2023","11:28:44","9","default","547630319","OXY_CH9","32.775","min","165.364","μmol/L","Humid","23.357","deg","130717","µV","26.683","°C","1016.000","hPa","35.9","pmil","0","55.690","deg","20.000","°C","100.000","%a.s.","22.400","deg","20.000","°C","962.000","hPa","0.861","-0.02617","0.00035","0","0","13.56","Humid","35.35","0","78.50","280846.19","SABD0002000014","AAV2.0.0.13","3.0.3.1703","PSt7-10","180509-002","9/13/2019 10:46:52 AM","0000-00","0","no battery","V"
"06/11/2023","11:28:45","9","default","547630319","OXY_CH9","32.791","min","165.364","μmol/L","Humid","23.357","deg","130708","µV","26.683","°C","1016.000","hPa","35.9","pmil","0","55.690","deg","20.000","°C","100.000","%a.s.","22.400","deg","20.000","°C","962.000","hPa","0.861","-0.02617","0.00035","0","0","13.56","Humid","35.35","0","78.50","280842.04","SABD0002000014","AAV2.0.0.13","3.0.3.1703","PSt7-10","180509-002","9/13/2019 10:46:52 AM","0000-00","0","no battery","V"
"06/11/2023","11:28:46","9","default","547630319","OXY_CH9","32.808","min","165.392","μmol/L","Humid","23.355","deg","130706","µV","26.683","°C","1016.000","hPa","35.9","pmil","0","55.690","deg","20.000","°C","100.000","%a.s.","22.400","deg","20.000","°C","962.000","hPa","0.861","-0.02617","0.00035","0","0","13.56","Humid","35.35","0","78.50","280849.92","SABD0002000014","AAV2.0.0.13","3.0.3.1703","PSt7-10","180509-002","9/13/2019 10:46:52 AM","0000-00","0","no battery","V"
"06/11/2023","11:28:47","9","default","547630319","OXY_CH9","32.825","min","165.433","μmol/L","Humid","23.352","deg","130700","µV","26.683","°C","1016.000","hPa","35.9","pmil","0","55.690","deg","20.000","°C","100.000","%a.s.","22.400","deg","20.000","°C","962.000","hPa","0.861","-0.02617","0.00035","0","0","13.56","Humid","35.35","0","78.50","280847.86","SABD0002000014","AAV2.0.0.13","3.0.3.1703","PSt7-10","180509-002","9/13/2019 10:46:52 AM","0000-00","0","no battery","V"
"06/11/2023","11:28:48","9","default","547630319","OXY_CH9","32.841","min","165.376","μmol/L","Humid","23.354","deg","130681","µV","26.689","°C","1016.000","hPa","35.9","pmil","0","55.690","deg","20.000","°C","100.000","%a.s.","22.400","deg","20.000","°C","962.000","hPa","0.861","-0.02617","0.00035","0","0","13.56","Humid","35.35","0","78.50","280842.89","SABD0002000014","AAV2.0.0.13","3.0.3.1703","PSt7-10","180509-002","9/13/2019 10:46:52 AM","0000-00","0","no battery","V"
"06/11/2023","11:28:49","9","default","547630319","OXY_CH9","32.858","min","165.417","μmol/L","Humid","23.351","deg","130670","µV","26.689","°C","1016.000","hPa","35.9","pmil","0","55.690","deg","20.000","°C","100.000","%a.s.","22.400","deg","20.000","°C","962.000","hPa","0.861","-0.02617","0.00035","0","0","13.56","Humid","35.35","0","78.50","280843.94","SABD0002000014","AAV2.0.0.13","3.0.3.1703","PSt7-10","180509-002","9/13/2019 10:46:52 AM","0000-00","0","no battery","V"
"06/11/2023","11:28:50","9","default","547630319","OXY_CH9","32.874","min","165.487","μmol/L","Humid","23.346","deg","130656","µV","26.689","°C","1016.000","hPa","35.9","pmil","0","55.690","deg","20.000","°C","100.000","%a.s.","22.400","deg","20.000","°C","962.000","hPa","0.861","-0.02617","0.00035","0","0","13.56","Humid","35.35","0","78.50","280835.33","SABD0002000014","AAV2.0.0.13","3.0.3.1703","PSt7-10","180509-002","9/13/2019 10:46:52 AM","0000-00","0","no battery","V"
"06/11/2023","11:28:51","9","default","547630319","OXY_CH9","32.891","min","165.461","μmol/L","Humid","23.350","deg","130653","µV","26.683","°C","1016.000","hPa","35.9","pmil","0","55.690","deg","20.000","°C","100.000","%a.s.","22.400","deg","20.000","°C","962.000","hPa","0.861","-0.02617","0.00035","0","0","13.56","Humid","35.35","0","78.50","280835.66","SABD0002000014","AAV2.0.0.13","3.0.3.1703","PSt7-10","180509-002","9/13/2019 10:46:52 AM","0000-00","0","no battery","V"
"06/11/2023","11:28:52","9","default","547630319","OXY_CH9","32.908","min","165.558","μmol/L","Humid","23.343","deg","130643","µV","26.683","°C","1016.000","hPa","35.9","pmil","0","55.690","deg","20.000","°C","100.000","%a.s.","22.400","deg","20.000","°C","962.000","hPa","0.861","-0.02617","0.00035","0","0","13.56","Humid","35.35","0","78.50","280836.35","SABD0002000014","AAV2.0.0.13","3.0.3.1703","PSt7-10","180509-002","9/13/2019 10:46:52 AM","0000-00","0","no battery","V"
"06/11/2023","11:28:53","9","default","547630319","OXY_CH9","32.925","min","165.498","μmol/L","Humid","23.343","deg","130644","µV","26.695","°C","1016.000","hPa","35.9","pmil","0","55.690","deg","20.000","°C","100.000","%a.s.","22.400","deg","20.000","°C","962.000","hPa","0.861","-0.02617","0.00035","0","0","13.56","Humid","35.35","0","78.50","280842.44","SABD0002000014","AAV2.0.0.13","3.0.3.1703","PSt7-10","180509-002","9/13/2019 10:46:52 AM","0000-00","0","no battery","V"
"06/11/2023","11:28:54","9","default","547630319","OXY_CH9","32.941","min","165.600","μmol/L","Humid","23.340","deg","130621","µV","26.683","°C","1016.000","hPa","35.9","pmil","0","55.690","deg","20.000","°C","100.000","%a.s.","22.400","deg","20.000","°C","962.000","hPa","0.861","-0.02617","0.00035","0","0","13.56","Humid","35.35","0","78.50","280839.14","SABD0002000014","AAV2.0.0.13","3.0.3.1703","PSt7-10","180509-002","9/13/2019 10:46:52 AM","0000-00","0","no battery","V"
"06/11/2023","11:28:55","9","default","547630319","OXY_CH9","32.958","min","165.570","μmol/L","Humid","23.340","deg","130619","µV","26.689","°C","1016.000","hPa","35.9","pmil","0","55.690","deg","20.000","°C","100.000","%a.s.","22.400","deg","20.000","°C","962.000","hPa","0.861","-0.02617","0.00035","0","0","13.56","Humid","35.35","0","78.50","280837.42","SABD0002000014","AAV2.0.0.13","3.0.3.1703","PSt7-10","180509-002","9/13/2019 10:46:52 AM","0000-00","0","no battery","V"
"06/11/2023","11:28:56","9","default","547630319","OXY_CH9","32.975","min","165.570","μmol/L","Humid","23.340","deg","130604","µV","26.689","°C","1016.000","hPa","35.9","pmil","0","55.690","deg","20.000","°C","100.000","%a.s.","22.400","deg","20.000","°C","962.000","hPa","0.861","-0.02617","0.00035","0","0","13.56","Humid","35.35","0","78.50","280837.72","SABD0002000014","AAV2.0.0.13","3.0.3.1703","PSt7-10","180509-002","9/13/2019 10:46:52 AM","0000-00","0","no battery","V"
"06/11/2023","11:28:57","9","default","547630319","OXY_CH9","32.991","min","165.656","μmol/L","Humid","23.336","deg","130597","µV","26.683","°C","1016.000","hPa","35.9","pmil","0","55.690","deg","20.000","°C","100.000","%a.s.","22.400","deg","20.000","°C","962.000","hPa","0.861","-0.02617","0.00035","0","0","13.56","Humid","35.35","0","78.50","280841.33","SABD0002000014","AAV2.0.0.13","3.0.3.1703","PSt7-10","180509-002","9/13/2019 10:46:52 AM","0000-00","0","no battery","V"
"06/11/2023","11:28:58","9","default","547630319","OXY_CH9","33.008","min","165.612","μmol/L","Humid","23.337","deg","130587","µV","26.689","°C","1016.000","hPa","35.9","pmil","0","55.690","deg","20.000","°C","100.000","%a.s.","22.400","deg","20.000","°C","962.000","hPa","0.861","-0.02617","0.00035","0","0","13.56","Humid","35.35","0","78.50","280833.17","SABD0002000014","AAV2.0.0.13","3.0.3.1703","PSt7-10","180509-002","9/13/2019 10:46:52 AM","0000-00","0","no battery","V"
"06/11/2023","11:28:59","9","default","547630319","OXY_CH9","33.025","min","165.642","μmol/L","Humid","23.337","deg","130581","µV","26.683","°C","1016.000","hPa","35.9","pmil","0","55.690","deg","20.000","°C","100.000","%a.s.","22.400","deg","20.000","°C","962.000","hPa","0.861","-0.02617","0.00035","0","0","13.56","Humid","35.35","0","78.50","280842.79","SABD0002000014","AAV2.0.0.13","3.0.3.1703","PSt7-10","180509-002","9/13/2019 10:46:52 AM","0000-00","0","no battery","V"
"06/11/2023","11:29:00","9","default","547630319","OXY_CH9","33.041","min","165.640","μmol/L","Humid","23.335","deg","130569","µV","26.689","°C","1016.000","hPa","35.9","pmil","0","55.690","deg","20.000","°C","100.000","%a.s.","22.400","deg","20.000","°C","962.000","hPa","0.861","-0.02617","0.00035","0","0","13.56","Humid","35.35","0","78.50","280835.24","SABD0002000014","AAV2.0.0.13","3.0.3.1703","PSt7-10","180509-002","9/13/2019 10:46:52 AM","0000-00","0","no battery","V"
"06/11/2023","11:29:01","9","default","547630319","OXY_CH9","33.058","min","165.698","μmol/L","Humid","23.333","deg","130557","µV","26.683","°C","1016.000","hPa","35.9","pmil","0","55.690","deg","20.000","°C","100.000","%a.s.","22.400","deg","20.000","°C","962.000","hPa","0.861","-0.02617","0.00035","0","0","13.56","Humid","35.35","0","78.50","280821.60","SABD0002000014","AAV2.0.0.13","3.0.3.1703","PSt7-10","180509-002","9/13/2019 10:46:52 AM","0000-00","0","no battery","V"
"06/11/2023","11:29:02","9","default","547630319","OXY_CH9","33.075","min","165.670","μmol/L","Humid","23.335","deg","130550","µV","26.683","°C","1016.000","hPa","35.9","pmil","0","55.690","deg","20.000","°C","100.000","%a.s.","22.400","deg","20.000","°C","962.000","hPa","0.861","-0.02617","0.00035","0","0","13.56","Humid","35.35","0","78.50","280826.90","SABD0002000014","AAV2.0.0.13","3.0.3.1703","PSt7-10","180509-002","9/13/2019 10:46:52 AM","0000-00","0","no battery","V"
"06/11/2023","11:29:03","9","default","547630319","OXY_CH9","33.092","min","165.753","μmol/L","Humid","23.329","deg","130540","µV","26.683","°C","1016.000","hPa","35.9","pmil","0","55.690","deg","20.000","°C","100.000","%a.s.","22.400","deg","20.000","°C","962.000","hPa","0.861","-0.02617","0.00035","0","0","13.56","Humid","35.35","0","78.50","280822.85","SABD0002000014","AAV2.0.0.13","3.0.3.1703","PSt7-10","180509-002","9/13/2019 10:46:52 AM","0000-00","0","no battery","V"
"06/11/2023","11:29:04","9","default","547630319","OXY_CH9","33.108","min","165.725","μmol/L","Humid","23.331","deg","130526","µV","26.683","°C","1016.000","hPa","35.9","pmil","0","55.690","deg","20.000","°C","100.000","%a.s.","22.400","deg","20.000","°C","962.000","hPa","0.861","-0.02617","0.00035","0","0","13.56","Humid","35.35","0","78.50","280834.50","SABD0002000014","AAV2.0.0.13","3.0.3.1703","PSt7-10","180509-002","9/13/2019 10:46:52 AM","0000-00","0","no battery","V"
"06/11/2023","11:29:05","9","default","547630319","OXY_CH9","33.125","min","165.739","μmol/L","Humid","23.330","deg","130520","µV","26.683","°C","1016.000","hPa","35.9","pmil","0","55.690","deg","20.000","°C","100.000","%a.s.","22.400","deg","20.000","°C","962.000","hPa","0.861","-0.02617","0.00035","0","0","13.56","Humid","35.35","0","78.50","280827.26","SABD0002000014","AAV2.0.0.13","3.0.3.1703","PSt7-10","180509-002","9/13/2019 10:46:52 AM","0000-00","0","no battery","V"
"06/11/2023","11:29:06","9","default","547630319","OXY_CH9","33.142","min","165.795","μmol/L","Humid","23.326","deg","130503","µV","26.683","°C","1016.000","hPa","35.9","pmil","0","55.690","deg","20.000","°C","100.000","%a.s.","22.400","deg","20.000","°C","962.000","hPa","0.861","-0.02617","0.00035","0","0","13.56","Humid","35.35","0","78.50","280831.10","SABD0002000014","AAV2.0.0.13","3.0.3.1703","PSt7-10","180509-002","9/13/2019 10:46:52 AM","0000-00","0","no battery","V"
"06/11/2023","11:29:07","9","default","547630319","OXY_CH9","33.159","min","165.779","μmol/L","Humid","23.325","deg","130498","µV","26.689","°C","1016.000","hPa","35.9","pmil","0","55.690","deg","20.000","°C","100.000","%a.s.","22.400","deg","20.000","°C","962.000","hPa","0.861","-0.02617","0.00035","0","0","13.56","Humid","35.35","0","78.50","280820.23","SABD0002000014","AAV2.0.0.13","3.0.3.1703","PSt7-10","180509-002","9/13/2019 10:46:52 AM","0000-00","0","no battery","V"
"06/11/2023","11:29:08","9","default","547630319","OXY_CH9","33.175","min","165.793","μmol/L","Humid","23.324","deg","130499","µV","26.689","°C","1016.000","hPa","35.9","pmil","0","55.690","deg","20.000","°C","100.000","%a.s.","22.400","deg","20.000","°C","962.000","hPa","0.861","-0.02617","0.00035","0","0","13.56","Humid","35.35","0","78.50","280837.25","SABD0002000014","AAV2.0.0.13","3.0.3.1703","PSt7-10","180509-002","9/13/2019 10:46:52 AM","0000-00","0","no battery","V"
"06/11/2023","11:29:09","9","default","547630319","OXY_CH9","33.192","min","165.821","μmol/L","Humid","23.322","deg","130482","µV","26.689","°C","1016.000","hPa","35.9","pmil","0","55.690","deg","20.000","°C","100.000","%a.s.","22.400","deg","20.000","°C","962.000","hPa","0.861","-0.02617","0.00035","0","0","13.56","Humid","35.35","0","78.50","280833.57","SABD0002000014","AAV2.0.0.13","3.0.3.1703","PSt7-10","180509-002","9/13/2019 10:46:52 AM","0000-00","0","no battery","V"
"06/11/2023","11:29:10","9","default","547630319","OXY_CH9","33.208","min","165.818","μmol/L","Humid","23.320","deg","130478","µV","26.695","°C","1016.000","hPa","35.9","pmil","0","55.690","deg","20.000","°C","100.000","%a.s.","22.400","deg","20.000","°C","962.000","hPa","0.861","-0.02617","0.00035","0","0","13.56","Humid","35.35","0","78.50","280821.68","SABD0002000014","AAV2.0.0.13","3.0.3.1703","PSt7-10","180509-002","9/13/2019 10:46:52 AM","0000-00","0","no battery","V"
"06/11/2023","11:29:11","9","default","547630319","OXY_CH9","33.225","min","165.863","μmol/L","Humid","23.319","deg","130457","µV","26.689","°C","1016.000","hPa","35.9","pmil","0","55.690","deg","20.000","°C","100.000","%a.s.","22.400","deg","20.000","°C","962.000","hPa","0.861","-0.02617","0.00035","0","0","13.56","Humid","35.35","0","78.50","280815.21","SABD0002000014","AAV2.0.0.13","3.0.3.1703","PSt7-10","180509-002","9/13/2019 10:46:52 AM","0000-00","0","no battery","V"
"06/11/2023","11:29:12","9","default","547630319","OXY_CH9","33.242","min","165.921","μmol/L","Humid","23.317","deg","130459","µV","26.683","°C","1016.000","hPa","35.9","pmil","0","55.690","deg","20.000","°C","100.000","%a.s.","22.400","deg","20.000","°C","962.000","hPa","0.861","-0.02617","0.00035","0","0","13.56","Humid","35.35","0","78.50","280826.75","SABD0002000014","AAV2.0.0.13","3.0.3.1703","PSt7-10","180509-002","9/13/2019 10:46:52 AM","0000-00","0","no battery","V"
"06/11/2023","11:29:13","9","default","547630319","OXY_CH9","33.258","min","165.888","μmol/L","Humid","23.315","deg","130445","µV","26.695","°C","1016.000","hPa","35.9","pmil","0","55.690","deg","20.000","°C","100.000","%a.s.","22.400","deg","20.000","°C","962.000","hPa","0.861","-0.02617","0.00035","0","0","13.56","Humid","35.35","0","78.50","280817.97","SABD0002000014","AAV2.0.0.13","3.0.3.1703","PSt7-10","180509-002","9/13/2019 10:46:52 AM","0000-00","0","no battery","V"
"06/11/2023","11:29:14","9","default","547630319","OXY_CH9","33.275","min","165.932","μmol/L","Humid","23.314","deg","130436","µV","26.689","°C","1016.000","hPa","35.9","pmil","0","55.690","deg","20.000","°C","100.000","%a.s.","22.400","deg","20.000","°C","962.000","hPa","0.861","-0.02617","0.00035","0","0","13.56","Humid","35.35","0","78.50","280822.32","SABD0002000014","AAV2.0.0.13","3.0.3.1703","PSt7-10","180509-002","9/13/2019 10:46:52 AM","0000-00","0","no battery","V"
"06/11/2023","11:29:15","9","default","547630319","OXY_CH9","33.292","min","166.004","μmol/L","Humid","23.311","deg","130426","µV","26.683","°C","1016.000","hPa","35.9","pmil","0","55.690","deg","20.000","°C","100.000","%a.s.","22.400","deg","20.000","°C","962.000","hPa","0.861","-0.02617","0.00035","0","0","13.56","Humid","35.35","0","78.50","280821.31","SABD0002000014","AAV2.0.0.13","3.0.3.1703","PSt7-10","180509-002","9/13/2019 10:46:52 AM","0000-00","0","no battery","V"
"06/11/2023","11:29:16","9","default","547630319","OXY_CH9","33.308","min","165.990","μmol/L","Humid","23.312","deg","130407","µV","26.683","°C","1016.000","hPa","35.9","pmil","0","55.690","deg","20.000","°C","100.000","%a.s.","22.400","deg","20.000","°C","962.000","hPa","0.861","-0.02617","0.00035","0","0","13.56","Humid","35.35","0","78.50","280826.91","SABD0002000014","AAV2.0.0.13","3.0.3.1703","PSt7-10","180509-002","9/13/2019 10:46:52 AM","0000-00","0","no battery","V"
"06/11/2023","11:29:17","9","default","547630319","OXY_CH9","33.325","min","165.988","μmol/L","Humid","23.310","deg","130404","µV","26.689","°C","1016.000","hPa","35.9","pmil","0","55.690","deg","20.000","°C","100.000","%a.s.","22.400","deg","20.000","°C","962.000","hPa","0.861","-0.02617","0.00035","0","0","13.56","Humid","35.35","0","78.50","280812.62","SABD0002000014","AAV2.0.0.13","3.0.3.1703","PSt7-10","180509-002","9/13/2019 10:46:52 AM","0000-00","0","no battery","V"
"06/11/2023","11:29:18","9","default","547630319","OXY_CH9","33.341","min","165.988","μmol/L","Humid","23.310","deg","130390","µV","26.689","°C","1016.000","hPa","35.9","pmil","0","55.690","deg","20.000","°C","100.000","%a.s.","22.400","deg","20.000","°C","962.000","hPa","0.861","-0.02617","0.00035","0","0","13.56","Humid","35.35","0","78.50","280812.99","SABD0002000014","AAV2.0.0.13","3.0.3.1703","PSt7-10","180509-002","9/13/2019 10:46:52 AM","0000-00","0","no battery","V"
"06/11/2023","11:29:19","9","default","547630319","OXY_CH9","33.358","min","166.046","μmol/L","Humid","23.308","deg","130376","µV","26.683","°C","1016.000","hPa","35.9","pmil","0","55.690","deg","20.000","°C","100.000","%a.s.","22.400","deg","20.000","°C","962.000","hPa","0.861","-0.02617","0.00035","0","0","13.56","Humid","35.35","0","78.50","280801.88","SABD0002000014","AAV2.0.0.13","3.0.3.1703","PSt7-10","180509-002","9/13/2019 10:46:52 AM","0000-00","0","no battery","V"
"06/11/2023","11:29:20","9","default","547630319","OXY_CH9","33.374","min","166.000","μmol/L","Humid","23.307","deg","130386","µV","26.695","°C","1016.000","hPa","35.9","pmil","0","55.690","deg","20.000","°C","100.000","%a.s.","22.400","deg","20.000","°C","962.000","hPa","0.861","-0.02617","0.00035","0","0","13.56","Humid","35.35","0","78.50","280810.23","SABD0002000014","AAV2.0.0.13","3.0.3.1703","PSt7-10","180509-002","9/13/2019 10:46:52 AM","0000-00","0","no battery","V"
"06/11/2023","11:29:21","9","default","547630319","OXY_CH9","33.391","min","166.086","μmol/L","Humid","23.303","deg","130369","µV","26.689","°C","1016.000","hPa","35.9","pmil","0","55.690","deg","20.000","°C","100.000","%a.s.","22.400","deg","20.000","°C","962.000","hPa","0.861","-0.02617","0.00035","0","0","13.56","Humid","35.35","0","78.50","280820.25","SABD0002000014","AAV2.0.0.13","3.0.3.1703","PSt7-10","180509-002","9/13/2019 10:46:52 AM","0000-00","0","no battery","V"
"06/11/2023","11:29:22","9","default","547630319","OXY_CH9","33.408","min","166.086","μmol/L","Humid","23.303","deg","130358","µV","26.689","°C","1016.000","hPa","35.9","pmil","0","55.690","deg","20.000","°C","100.000","%a.s.","22.400","deg","20.000","°C","962.000","hPa","0.861","-0.02617","0.00035","0","0","13.56","Humid","35.35","0","78.50","280808.91","SABD0002000014","AAV2.0.0.13","3.0.3.1703","PSt7-10","180509-002","9/13/2019 10:46:52 AM","0000-00","0","no battery","V"
"06/11/2023","11:29:23","9","default","547630319","OXY_CH9","33.425","min","166.128","μmol/L","Humid","23.300","deg","130356","µV","26.689","°C","1016.000","hPa","35.9","pmil","0","55.690","deg","20.000","°C","100.000","%a.s.","22.400","deg","20.000","°C","962.000","hPa","0.861","-0.02617","0.00035","0","0","13.56","Humid","35.35","0","78.50","280817.48","SABD0002000014","AAV2.0.0.13","3.0.3.1703","PSt7-10","180509-002","9/13/2019 10:46:52 AM","0000-00","0","no battery","V"
"06/11/2023","11:29:24","9","default","547630319","OXY_CH9","33.442","min","166.128","μmol/L","Humid","23.300","deg","130346","µV","26.689","°C","1016.000","hPa","35.9","pmil","0","55.690","deg","20.000","°C","100.000","%a.s.","22.400","deg","20.000","°C","962.000","hPa","0.861","-0.02617","0.00035","0","0","13.56","Humid","35.35","0","78.50","280818.25","SABD0002000014","AAV2.0.0.13","3.0.3.1703","PSt7-10","180509-002","9/13/2019 10:46:52 AM","0000-00","0","no battery","V"
"06/11/2023","11:29:25","9","default","547630319","OXY_CH9","33.458","min","166.186","μmol/L","Humid","23.298","deg","130321","µV","26.683","°C","1016.000","hPa","35.9","pmil","0","55.690","deg","20.000","°C","100.000","%a.s.","22.400","deg","20.000","°C","962.000","hPa","0.861","-0.02617","0.00035","0","0","13.56","Humid","35.35","0","78.50","280822.38","SABD0002000014","AAV2.0.0.13","3.0.3.1703","PSt7-10","180509-002","9/13/2019 10:46:52 AM","0000-00","0","no battery","V"
"06/11/2023","11:29:26","9","default","547630319","OXY_CH9","33.475","min","166.184","μmol/L","Humid","23.296","deg","130326","µV","26.689","°C","1016.000","hPa","35.9","pmil","0","55.690","deg","20.000","°C","100.000","%a.s.","22.400","deg","20.000","°C","962.000","hPa","0.861","-0.02617","0.00035","0","0","13.56","Humid","35.35","0","78.50","280820.27","SABD0002000014","AAV2.0.0.13","3.0.3.1703","PSt7-10","180509-002","9/13/2019 10:46:52 AM","0000-00","0","no battery","V"
"06/11/2023","11:29:27","9","default","547630319","OXY_CH9","33.492","min","166.228","μmol/L","Humid","23.295","deg","130314","µV","26.683","°C","1016.000","hPa","35.9","pmil","0","55.690","deg","20.000","°C","100.000","%a.s.","22.400","deg","20.000","°C","962.000","hPa","0.861","-0.02617","0.00035","0","0","13.56","Humid","35.35","0","78.50","280814.94","SABD0002000014","AAV2.0.0.13","3.0.3.1703","PSt7-10","180509-002","9/13/2019 10:46:52 AM","0000-00","0","no battery","V"
"06/11/2023","11:29:28","9","default","547630319","OXY_CH9","33.508","min","166.253","μmol/L","Humid","23.291","deg","130295","µV","26.689","°C","1016.000","hPa","35.9","pmil","0","55.690","deg","20.000","°C","100.000","%a.s.","22.400","deg","20.000","°C","962.000","hPa","0.861","-0.02617","0.00035","0","0","13.56","Humid","35.35","0","78.50","280819.22","SABD0002000014","AAV2.0.0.13","3.0.3.1703","PSt7-10","180509-002","9/13/2019 10:46:52 AM","0000-00","0","no battery","V"
"06/11/2023","11:29:29","9","default","547630319","OXY_CH9","33.525","min","166.312","μmol/L","Humid","23.289","deg","130294","µV","26.683","°C","1016.000","hPa","35.9","pmil","0","55.690","deg","20.000","°C","100.000","%a.s.","22.400","deg","20.000","°C","962.000","hPa","0.861","-0.02617","0.00035","0","0","13.56","Humid","35.35","0","78.50","280804.76","SABD0002000014","AAV2.0.0.13","3.0.3.1703","PSt7-10","180509-002","9/13/2019 10:46:52 AM","0000-00","0","no battery","V"
"06/11/2023","11:29:30","9","default","547630319","OXY_CH9","33.542","min","166.284","μmol/L","Humid","23.291","deg","130279","µV","26.683","°C","1016.000","hPa","35.9","pmil","0","55.690","deg","20.000","°C","100.000","%a.s.","22.400","deg","20.000","°C","962.000","hPa","0.861","-0.02617","0.00035","0","0","13.56","Humid","35.35","0","78.50","280817.17","SABD0002000014","AAV2.0.0.13","3.0.3.1703","PSt7-10","180509-002","9/13/2019 10:46:52 AM","0000-00","0","no battery","V"
"06/11/2023","11:29:31","9","default","547630319","OXY_CH9","33.558","min","166.281","μmol/L","Humid","23.289","deg","130273","µV","26.689","°C","1016.000","hPa","35.9","pmil","0","55.690","deg","20.000","°C","100.000","%a.s.","22.400","deg","20.000","°C","962.000","hPa","0.861","-0.02617","0.00035","0","0","13.56","Humid","35.35","0","78.50","280815.36","SABD0002000014","AAV2.0.0.13","3.0.3.1703","PSt7-10","180509-002","9/13/2019 10:46:52 AM","0000-00","0","no battery","V"
"06/11/2023","11:29:32","9","default","547630319","OXY_CH9","33.575","min","166.340","μmol/L","Humid","23.287","deg","130267","µV","26.683","°C","1016.000","hPa","35.9","pmil","0","55.690","deg","20.000","°C","100.000","%a.s.","22.400","deg","20.000","°C","962.000","hPa","0.861","-0.02617","0.00035","0","0","13.56","Humid","35.35","0","78.50","280811.37","SABD0002000014","AAV2.0.0.13","3.0.3.1703","PSt7-10","180509-002","9/13/2019 10:46:52 AM","0000-00","0","no battery","V"
"06/11/2023","11:29:33","9","default","547630319","OXY_CH9","33.592","min","166.309","μmol/L","Humid","23.287","deg","130252","µV","26.689","°C","1016.000","hPa","35.9","pmil","0","55.690","deg","20.000","°C","100.000","%a.s.","22.400","deg","20.000","°C","962.000","hPa","0.861","-0.02617","0.00035","0","0","13.56","Humid","35.35","0","78.50","280817.94","SABD0002000014","AAV2.0.0.13","3.0.3.1703","PSt7-10","180509-002","9/13/2019 10:46:52 AM","0000-00","0","no battery","V"
"06/11/2023","11:29:34","9","default","547630319","OXY_CH9","33.608","min","166.309","μmol/L","Humid","23.287","deg","130246","µV","26.689","°C","1016.000","hPa","35.9","pmil","0","55.690","deg","20.000","°C","100.000","%a.s.","22.400","deg","20.000","°C","962.000","hPa","0.861","-0.02617","0.00035","0","0","13.56","Humid","35.35","0","78.50","280814.85","SABD0002000014","AAV2.0.0.13","3.0.3.1703","PSt7-10","180509-002","9/13/2019 10:46:52 AM","0000-00","0","no battery","V"
"06/11/2023","11:29:35","9","default","547630319","OXY_CH9","33.625","min","166.379","μmol/L","Humid","23.282","deg","130238","µV","26.689","°C","1016.000","hPa","35.9","pmil","0","55.690","deg","20.000","°C","100.000","%a.s.","22.400","deg","20.000","°C","962.000","hPa","0.861","-0.02617","0.00035","0","0","13.56","Humid","35.35","0","78.50","280825.02","SABD0002000014","AAV2.0.0.13","3.0.3.1703","PSt7-10","180509-002","9/13/2019 10:46:52 AM","0000-00","0","no battery","V"
"06/11/2023","11:29:36","9","default","547630319","OXY_CH9","33.642","min","166.365","μmol/L","Humid","23.283","deg","130227","µV","26.689","°C","1016.000","hPa","35.9","pmil","0","55.690","deg","20.000","°C","100.000","%a.s.","22.400","deg","20.000","°C","962.000","hPa","0.861","-0.02617","0.00035","0","0","13.56","Humid","35.35","0","78.50","280814.05","SABD0002000014","AAV2.0.0.13","3.0.3.1703","PSt7-10","180509-002","9/13/2019 10:46:52 AM","0000-00","0","no battery","V"
"06/11/2023","11:29:37","9","default","547630319","OXY_CH9","33.658","min","166.349","μmol/L","Humid","23.282","deg","130212","µV","26.695","°C","1016.000","hPa","35.9","pmil","0","55.690","deg","20.000","°C","100.000","%a.s.","22.400","deg","20.000","°C","962.000","hPa","0.861","-0.02617","0.00035","0","0","13.56","Humid","35.35","0","78.50","280803.12","SABD0002000014","AAV2.0.0.13","3.0.3.1703","PSt7-10","180509-002","9/13/2019 10:46:52 AM","0000-00","0","no battery","V"
"06/11/2023","11:29:38","9","default","547630319","OXY_CH9","33.675","min","166.424","μmol/L","Humid","23.281","deg","130197","µV","26.683","°C","1016.000","hPa","35.9","pmil","0","55.690","deg","20.000","°C","100.000","%a.s.","22.400","deg","20.000","°C","962.000","hPa","0.861","-0.02617","0.00035","0","0","13.56","Humid","35.35","0","78.50","280798.89","SABD0002000014","AAV2.0.0.13","3.0.3.1703","PSt7-10","180509-002","9/13/2019 10:46:52 AM","0000-00","0","no battery","V"
"06/11/2023","11:29:39","9","default","547630319","OXY_CH9","33.692","min","166.433","μmol/L","Humid","23.276","deg","130200","µV","26.695","°C","1016.000","hPa","35.9","pmil","0","55.690","deg","20.000","°C","100.000","%a.s.","22.400","deg","20.000","°C","962.000","hPa","0.861","-0.02617","0.00035","0","0","13.56","Humid","35.35","0","78.50","280816.01","SABD0002000014","AAV2.0.0.13","3.0.3.1703","PSt7-10","180509-002","9/13/2019 10:46:52 AM","0000-00","0","no battery","V"
"06/11/2023","11:29:40","9","default","547630319","OXY_CH9","33.709","min","166.505","μmol/L","Humid","23.273","deg","130182","µV","26.689","°C","1016.000","hPa","35.9","pmil","0","55.690","deg","20.000","°C","100.000","%a.s.","22.400","deg","20.000","°C","962.000","hPa","0.861","-0.02617","0.00035","0","0","13.56","Humid","35.35","0","78.50","280810.75","SABD0002000014","AAV2.0.0.13","3.0.3.1703","PSt7-10","180509-002","9/13/2019 10:46:52 AM","0000-00","0","no battery","V"
"06/11/2023","11:29:41","9","default","547630319","OXY_CH9","33.725","min","166.547","μmol/L","Humid","23.270","deg","130178","µV","26.689","°C","1016.000","hPa","35.9","pmil","0","55.690","deg","20.000","°C","100.000","%a.s.","22.400","deg","20.000","°C","962.000","hPa","0.861","-0.02617","0.00035","0","0","13.56","Humid","35.35","0","78.50","280805.27","SABD0002000014","AAV2.0.0.13","3.0.3.1703","PSt7-10","180509-002","9/13/2019 10:46:52 AM","0000-00","0","no battery","V"
"06/11/2023","11:29:42","9","default","547630319","OXY_CH9","33.742","min","166.491","μmol/L","Humid","23.274","deg","130170","µV","26.689","°C","1016.000","hPa","35.9","pmil","0","55.690","deg","20.000","°C","100.000","%a.s.","22.400","deg","20.000","°C","962.000","hPa","0.861","-0.02617","0.00035","0","0","13.56","Humid","35.35","0","78.50","280806.80","SABD0002000014","AAV2.0.0.13","3.0.3.1703","PSt7-10","180509-002","9/13/2019 10:46:52 AM","0000-00","0","no battery","V"
"06/11/2023","11:29:43","9","default","547630319","OXY_CH9","33.758","min","166.505","μmol/L","Humid","23.273","deg","130154","µV","26.689","°C","1016.000","hPa","35.9","pmil","0","55.690","deg","20.000","°C","100.000","%a.s.","22.400","deg","20.000","°C","962.000","hPa","0.861","-0.02617","0.00035","0","0","13.56","Humid","35.35","0","78.50","280796.85","SABD0002000014","AAV2.0.0.13","3.0.3.1703","PSt7-10","180509-002","9/13/2019 10:46:52 AM","0000-00","0","no battery","V"
"06/11/2023","11:29:44","9","default","547630319","OXY_CH9","33.775","min","166.533","μmol/L","Humid","23.271","deg","130143","µV","26.689","°C","1016.000","hPa","35.9","pmil","0","55.690","deg","20.000","°C","100.000","%a.s.","22.400","deg","20.000","°C","962.000","hPa","0.861","-0.02617","0.00035","0","0","13.56","Humid","35.35","0","78.50","280813.10","SABD0002000014","AAV2.0.0.13","3.0.3.1703","PSt7-10","180509-002","9/13/2019 10:46:52 AM","0000-00","0","no battery","V"
"06/11/2023","11:29:45","9","default","547630319","OXY_CH9","33.792","min","166.592","μmol/L","Humid","23.269","deg","130143","µV","26.683","°C","1016.000","hPa","35.9","pmil","0","55.690","deg","20.000","°C","100.000","%a.s.","22.400","deg","20.000","°C","962.000","hPa","0.861","-0.02617","0.00035","0","0","13.56","Humid","35.35","0","78.50","280813.62","SABD0002000014","AAV2.0.0.13","3.0.3.1703","PSt7-10","180509-002","9/13/2019 10:46:52 AM","0000-00","0","no battery","V"
"06/11/2023","11:29:46","9","default","547630319","OXY_CH9","33.808","min","166.561","μmol/L","Humid","23.269","deg","130128","µV","26.689","°C","1016.000","hPa","35.9","pmil","0","55.690","deg","20.000","°C","100.000","%a.s.","22.400","deg","20.000","°C","962.000","hPa","0.861","-0.02617","0.00035","0","0","13.56","Humid","35.35","0","78.50","280803.25","SABD0002000014","AAV2.0.0.13","3.0.3.1703","PSt7-10","180509-002","9/13/2019 10:46:52 AM","0000-00","0","no battery","V"
"06/11/2023","11:29:47","9","default","547630319","OXY_CH9","33.825","min","166.631","μmol/L","Humid","23.264","deg","130120","µV","26.689","°C","1016.000","hPa","35.9","pmil","0","55.690","deg","20.000","°C","100.000","%a.s.","22.400","deg","20.000","°C","962.000","hPa","0.861","-0.02617","0.00035","0","0","13.56","Humid","35.35","0","78.50","280809.98","SABD0002000014","AAV2.0.0.13","3.0.3.1703","PSt7-10","180509-002","9/13/2019 10:46:52 AM","0000-00","0","no battery","V"
"06/11/2023","11:29:48","9","default","547630319","OXY_CH9","33.842","min","166.648","μmol/L","Humid","23.265","deg","130111","µV","26.683","°C","1016.000","hPa","35.9","pmil","0","55.690","deg","20.000","°C","100.000","%a.s.","22.400","deg","20.000","°C","962.000","hPa","0.861","-0.02617","0.00035","0","0","13.56","Humid","35.35","0","78.50","280794.69","SABD0002000014","AAV2.0.0.13","3.0.3.1703","PSt7-10","180509-002","9/13/2019 10:46:52 AM","0000-00","0","no battery","V"
"06/11/2023","11:29:49","9","default","547630319","OXY_CH9","33.859","min","166.648","μmol/L","Humid","23.265","deg","130108","µV","26.683","°C","1016.000","hPa","35.9","pmil","0","55.690","deg","20.000","°C","100.000","%a.s.","22.400","deg","20.000","°C","962.000","hPa","0.861","-0.02617","0.00035","0","0","13.56","Humid","35.35","0","78.50","280802.45","SABD0002000014","AAV2.0.0.13","3.0.3.1703","PSt7-10","180509-002","9/13/2019 10:46:52 AM","0000-00","0","no battery","V"
"06/11/2023","11:29:50","9","default","547630319","OXY_CH9","33.875","min","166.643","μmol/L","Humid","23.261","deg","130094","µV","26.695","°C","1016.000","hPa","35.9","pmil","0","55.690","deg","20.000","°C","100.000","%a.s.","22.400","deg","20.000","°C","962.000","hPa","0.861","-0.02617","0.00035","0","0","13.56","Humid","35.35","0","78.50","280795.63","SABD0002000014","AAV2.0.0.13","3.0.3.1703","PSt7-10","180509-002","9/13/2019 10:46:52 AM","0000-00","0","no battery","V"
"06/11/2023","11:29:51","9","default","547630319","OXY_CH9","33.892","min","166.659","μmol/L","Humid","23.262","deg","130082","µV","26.689","°C","1016.000","hPa","35.9","pmil","0","55.690","deg","20.000","°C","100.000","%a.s.","22.400","deg","20.000","°C","962.000","hPa","0.861","-0.02617","0.00035","0","0","13.56","Humid","35.35","0","78.50","280786.15","SABD0002000014","AAV2.0.0.13","3.0.3.1703","PSt7-10","180509-002","9/13/2019 10:46:52 AM","0000-00","0","no battery","V"
"06/11/2023","11:29:52","9","default","547630319","OXY_CH9","33.909","min","166.718","μmol/L","Humid","23.260","deg","130066","µV","26.683","°C","1016.000","hPa","35.9","pmil","0","55.690","deg","20.000","°C","100.000","%a.s.","22.400","deg","20.000","°C","962.000","hPa","0.861","-0.02617","0.00035","0","0","13.56","Humid","35.35","0","78.50","280794.81","SABD0002000014","AAV2.0.0.13","3.0.3.1703","PSt7-10","180509-002","9/13/2019 10:46:52 AM","0000-00","0","no battery","V"
"06/11/2023","11:29:53","9","default","547630319","OXY_CH9","33.925","min","166.659","μmol/L","Humid","23.262","deg","130054","µV","26.689","°C","1016.000","hPa","35.9","pmil","0","55.690","deg","20.000","°C","100.000","%a.s.","22.400","deg","20.000","°C","962.000","hPa","0.861","-0.02617","0.00035","0","0","13.56","Humid","35.35","0","78.50","280791.90","SABD0002000014","AAV2.0.0.13","3.0.3.1703","PSt7-10","180509-002","9/13/2019 10:46:52 AM","0000-00","0","no battery","V"
"06/11/2023","11:29:54","9","default","547630319","OXY_CH9","33.942","min","166.800","μmol/L","Humid","23.252","deg","130044","µV","26.689","°C","1016.000","hPa","35.9","pmil","0","55.690","deg","20.000","°C","100.000","%a.s.","22.400","deg","20.000","°C","962.000","hPa","0.861","-0.02617","0.00035","0","0","13.56","Humid","35.35","0","78.50","280787.85","SABD0002000014","AAV2.0.0.13","3.0.3.1703","PSt7-10","180509-002","9/13/2019 10:46:52 AM","0000-00","0","no battery","V"
"06/11/2023","11:29:55","9","default","547630319","OXY_CH9","33.959","min","166.741","μmol/L","Humid","23.254","deg","130039","µV","26.695","°C","1016.000","hPa","35.9","pmil","0","55.690","deg","20.000","°C","100.000","%a.s.","22.400","deg","20.000","°C","962.000","hPa","0.861","-0.02617","0.00035","0","0","13.56","Humid","35.35","0","78.50","280783.87","SABD0002000014","AAV2.0.0.13","3.0.3.1703","PSt7-10","180509-002","9/13/2019 10:46:52 AM","0000-00","0","no battery","V"
"06/11/2023","11:29:56","9","default","547630319","OXY_CH9","33.975","min","166.830","μmol/L","Humid","23.252","deg","130028","µV","26.683","°C","1016.000","hPa","35.9","pmil","0","55.690","deg","20.000","°C","100.000","%a.s.","22.400","deg","20.000","°C","962.000","hPa","0.861","-0.02617","0.00035","0","0","13.56","Humid","35.35","0","78.50","280789.04","SABD0002000014","AAV2.0.0.13","3.0.3.1703","PSt7-10","180509-002","9/13/2019 10:46:52 AM","0000-00","0","no battery","V"
"06/11/2023","11:29:57","9","default","547630319","OXY_CH9","33.992","min","166.814","μmol/L","Humid","23.251","deg","130017","µV","26.689","°C","1016.000","hPa","35.9","pmil","0","55.690","deg","20.000","°C","100.000","%a.s.","22.400","deg","20.000","°C","962.000","hPa","0.861","-0.02617","0.00035","0","0","13.56","Humid","35.35","0","78.50","280785.92","SABD0002000014","AAV2.0.0.13","3.0.3.1703","PSt7-10","180509-002","9/13/2019 10:46:52 AM","0000-00","0","no battery","V"
"06/11/2023","11:29:58","9","default","547630319","OXY_CH9","34.009","min","166.830","μmol/L","Humid","23.252","deg","130011","µV","26.683","°C","1016.000","hPa","35.9","pmil","0","55.690","deg","20.000","°C","100.000","%a.s.","22.400","deg","20.000","°C","962.000","hPa","0.861","-0.02617","0.00035","0","0","13.56","Humid","35.35","0","78.50","280775.62","SABD0002000014","AAV2.0.0.13","3.0.3.1703","PSt7-10","180509-002","9/13/2019 10:46:52 AM","0000-00","0","no battery","V"
"06/11/2023","11:29:59","9","default","547630319","OXY_CH9","34.025","min","166.856","μmol/L","Humid","23.248","deg","130003","µV","26.689","°C","1016.000","hPa","35.9","pmil","0","55.690","deg","20.000","°C","100.000","%a.s.","22.400","deg","20.000","°C","962.000","hPa","0.861","-0.02617","0.00035","0","0","13.56","Humid","35.35","0","78.50","280785.78","SABD0002000014","AAV2.0.0.13","3.0.3.1703","PSt7-10","180509-002","9/13/2019 10:46:52 AM","0000-00","0","no battery","V"
"06/11/2023","11:30:00","9","default","547630319","OXY_CH9","34.042","min","166.870","μmol/L","Humid","23.247","deg","129995","µV","26.689","°C","1016.000","hPa","35.9","pmil","0","55.690","deg","20.000","°C","100.000","%a.s.","22.400","deg","20.000","°C","962.000","hPa","0.861","-0.02617","0.00035","0","0","13.56","Humid","35.35","0","78.50","280779.13","SABD0002000014","AAV2.0.0.13","3.0.3.1703","PSt7-10","180509-002","9/13/2019 10:46:52 AM","0000-00","0","no battery","V"
"06/11/2023","11:30:01","9","default","547630319","OXY_CH9","34.059","min","166.928","μmol/L","Humid","23.245","deg","129983","µV","26.683","°C","1016.000","hPa","35.9","pmil","0","55.690","deg","20.000","°C","100.000","%a.s.","22.400","deg","20.000","°C","962.000","hPa","0.861","-0.02617","0.00035","0","0","13.56","Humid","35.35","0","78.50","280789.65","SABD0002000014","AAV2.0.0.13","3.0.3.1703","PSt7-10","180509-002","9/13/2019 10:46:52 AM","0000-00","0","no battery","V"
"06/11/2023","11:30:02","9","default","547630319","OXY_CH9","34.075","min","166.884","μmol/L","Humid","23.246","deg","129976","µV","26.689","°C","1016.000","hPa","35.9","pmil","0","55.690","deg","20.000","°C","100.000","%a.s.","22.400","deg","20.000","°C","962.000","hPa","0.861","-0.02617","0.00035","0","0","13.56","Humid","35.35","0","78.50","280783.86","SABD0002000014","AAV2.0.0.13","3.0.3.1703","PSt7-10","180509-002","9/13/2019 10:46:52 AM","0000-00","0","no battery","V"
"06/11/2023","11:30:03","9","default","547630319","OXY_CH9","34.092","min","166.954","μmol/L","Humid","23.241","deg","129961","µV","26.689","°C","1016.000","hPa","35.9","pmil","0","55.690","deg","20.000","°C","100.000","%a.s.","22.400","deg","20.000","°C","962.000","hPa","0.861","-0.02617","0.00035","0","0","13.56","Humid","35.35","0","78.50","280787.20","SABD0002000014","AAV2.0.0.13","3.0.3.1703","PSt7-10","180509-002","9/13/2019 10:46:52 AM","0000-00","0","no battery","V"
"06/11/2023","11:30:04","9","default","547630319","OXY_CH9","34.109","min","166.954","μmol/L","Humid","23.241","deg","129958","µV","26.689","°C","1016.000","hPa","35.9","pmil","0","55.690","deg","20.000","°C","100.000","%a.s.","22.400","deg","20.000","°C","962.000","hPa","0.861","-0.02617","0.00035","0","0","13.56","Humid","35.35","0","78.50","280791.13","SABD0002000014","AAV2.0.0.13","3.0.3.1703","PSt7-10","180509-002","9/13/2019 10:46:52 AM","0000-00","0","no battery","V"
"06/11/2023","11:30:05","9","default","547630319","OXY_CH9","34.125","min","166.954","μmol/L","Humid","23.241","deg","129940","µV","26.689","°C","1016.000","hPa","35.9","pmil","0","55.690","deg","20.000","°C","100.000","%a.s.","22.400","deg","20.000","°C","962.000","hPa","0.861","-0.02617","0.00035","0","0","13.56","Humid","35.35","0","78.50","280781.81","SABD0002000014","AAV2.0.0.13","3.0.3.1703","PSt7-10","180509-002","9/13/2019 10:46:52 AM","0000-00","0","no battery","V"
"06/11/2023","11:30:06","9","default","547630319","OXY_CH9","34.142","min","167.027","μmol/L","Humid","23.238","deg","129937","µV","26.683","°C","1016.000","hPa","35.9","pmil","0","55.690","deg","20.000","°C","100.000","%a.s.","22.400","deg","20.000","°C","962.000","hPa","0.861","-0.02617","0.00035","0","0","13.56","Humid","35.35","0","78.50","280786.84","SABD0002000014","AAV2.0.0.13","3.0.3.1703","PSt7-10","180509-002","9/13/2019 10:46:52 AM","0000-00","0","no battery","V"
"06/11/2023","11:30:07","9","default","547630319","OXY_CH9","34.159","min","167.041","μmol/L","Humid","23.237","deg","129921","µV","26.683","°C","1016.000","hPa","35.9","pmil","0","55.690","deg","20.000","°C","100.000","%a.s.","22.400","deg","20.000","°C","962.000","hPa","0.861","-0.02617","0.00035","0","0","13.56","Humid","35.35","0","78.50","280779.55","SABD0002000014","AAV2.0.0.13","3.0.3.1703","PSt7-10","180509-002","9/13/2019 10:46:52 AM","0000-00","0","no battery","V"
"06/11/2023","11:30:08","9","default","547630319","OXY_CH9","34.175","min","167.053","μmol/L","Humid","23.234","deg","129914","µV","26.689","°C","1016.000","hPa","35.9","pmil","0","55.690","deg","20.000","°C","100.000","%a.s.","22.400","deg","20.000","°C","962.000","hPa","0.861","-0.02617","0.00035","0","0","13.56","Humid","35.35","0","78.50","280780.68","SABD0002000014","AAV2.0.0.13","3.0.3.1703","PSt7-10","180509-002","9/13/2019 10:46:52 AM","0000-00","0","no battery","V"
"06/11/2023","11:30:09","9","default","547630319","OXY_CH9","34.192","min","167.039","μmol/L","Humid","23.235","deg","129903","µV","26.689","°C","1016.000","hPa","35.9","pmil","0","55.690","deg","20.000","°C","100.000","%a.s.","22.400","deg","20.000","°C","962.000","hPa","0.861","-0.02617","0.00035","0","0","13.56","Humid","35.35","0","78.50","280789.53","SABD0002000014","AAV2.0.0.13","3.0.3.1703","PSt7-10","180509-002","9/13/2019 10:46:52 AM","0000-00","0","no battery","V"
"06/11/2023","11:30:10","9","default","547630319","OXY_CH9","34.208","min","167.111","μmol/L","Humid","23.232","deg","129890","µV","26.683","°C","1016.000","hPa","35.9","pmil","0","55.690","deg","20.000","°C","100.000","%a.s.","22.400","deg","20.000","°C","962.000","hPa","0.861","-0.02617","0.00035","0","0","13.56","Humid","35.35","0","78.50","280787.58","SABD0002000014","AAV2.0.0.13","3.0.3.1703","PSt7-10","180509-002","9/13/2019 10:46:52 AM","0000-00","0","no battery","V"
"06/11/2023","11:30:11","9","default","547630319","OXY_CH9","34.225","min","167.167","μmol/L","Humid","23.228","deg","129873","µV","26.683","°C","1016.000","hPa","35.9","pmil","0","55.690","deg","20.000","°C","100.000","%a.s.","22.400","deg","20.000","°C","962.000","hPa","0.861","-0.02617","0.00035","0","0","13.56","Humid","35.35","0","78.50","280772.45","SABD0002000014","AAV2.0.0.13","3.0.3.1703","PSt7-10","180509-002","9/13/2019 10:46:52 AM","0000-00","0","no battery","V"
"06/11/2023","11:30:12","9","default","547630319","OXY_CH9","34.241","min","167.179","μmol/L","Humid","23.225","deg","129871","µV","26.689","°C","1016.000","hPa","35.9","pmil","0","55.690","deg","20.000","°C","100.000","%a.s.","22.400","deg","20.000","°C","962.000","hPa","0.861","-0.02617","0.00035","0","0","13.56","Humid","35.35","0","78.50","280782.33","SABD0002000014","AAV2.0.0.13","3.0.3.1703","PSt7-10","180509-002","9/13/2019 10:46:52 AM","0000-00","0","no battery","V"
"06/11/2023","11:30:13","9","default","547630319","OXY_CH9","34.258","min","167.193","μmol/L","Humid","23.224","deg","129866","µV","26.689","°C","1016.000","hPa","35.9","pmil","0","55.690","deg","20.000","°C","100.000","%a.s.","22.400","deg","20.000","°C","962.000","hPa","0.861","-0.02617","0.00035","0","0","13.56","Humid","35.35","0","78.50","280779.32","SABD0002000014","AAV2.0.0.13","3.0.3.1703","PSt7-10","180509-002","9/13/2019 10:46:52 AM","0000-00","0","no battery","V"
"06/11/2023","11:30:14","9","default","547630319","OXY_CH9","34.275","min","167.210","μmol/L","Humid","23.225","deg","129849","µV","26.683","°C","1016.000","hPa","35.9","pmil","0","55.690","deg","20.000","°C","100.000","%a.s.","22.400","deg","20.000","°C","962.000","hPa","0.861","-0.02617","0.00035","0","0","13.56","Humid","35.35","0","78.50","280770.83","SABD0002000014","AAV2.0.0.13","3.0.3.1703","PSt7-10","180509-002","9/13/2019 10:46:52 AM","0000-00","0","no battery","V"
"06/11/2023","11:30:15","9","default","547630319","OXY_CH9","34.292","min","167.222","μmol/L","Humid","23.222","deg","129840","µV","26.689","°C","1016.000","hPa","35.9","pmil","0","55.690","deg","20.000","°C","100.000","%a.s.","22.400","deg","20.000","°C","962.000","hPa","0.861","-0.02617","0.00035","0","0","13.56","Humid","35.35","0","78.50","280770.40","SABD0002000014","AAV2.0.0.13","3.0.3.1703","PSt7-10","180509-002","9/13/2019 10:46:52 AM","0000-00","0","no battery","V"
"06/11/2023","11:30:16","9","default","547630319","OXY_CH9","34.308","min","167.224","μmol/L","Humid","23.224","deg","129827","µV","26.683","°C","1016.000","hPa","35.9","pmil","0","55.690","deg","20.000","°C","100.000","%a.s.","22.400","deg","20.000","°C","962.000","hPa","0.861","-0.02617","0.00035","0","0","13.56","Humid","35.35","0","78.50","280759.51","SABD0002000014","AAV2.0.0.13","3.0.3.1703","PSt7-10","180509-002","9/13/2019 10:46:52 AM","0000-00","0","no battery","V"
"06/11/2023","11:30:17","9","default","547630319","OXY_CH9","34.325","min","167.250","μmol/L","Humid","23.220","deg","129830","µV","26.689","°C","1016.000","hPa","35.9","pmil","0","55.690","deg","20.000","°C","100.000","%a.s.","22.400","deg","20.000","°C","962.000","hPa","0.861","-0.02617","0.00035","0","0","13.56","Humid","35.35","0","78.50","280765.31","SABD0002000014","AAV2.0.0.13","3.0.3.1703","PSt7-10","180509-002","9/13/2019 10:46:52 AM","0000-00","0","no battery","V"
"06/11/2023","11:30:18","9","default","547630319","OXY_CH9","34.342","min","167.207","μmol/L","Humid","23.223","deg","129813","µV","26.689","°C","1016.000","hPa","35.9","pmil","0","55.690","deg","20.000","°C","100.000","%a.s.","22.400","deg","20.000","°C","962.000","hPa","0.861","-0.02617","0.00035","0","0","13.56","Humid","35.35","0","78.50","280758.73","SABD0002000014","AAV2.0.0.13","3.0.3.1703","PSt7-10","180509-002","9/13/2019 10:46:52 AM","0000-00","0","no battery","V"
"06/11/2023","11:30:19","9","default","547630319","OXY_CH9","34.358","min","167.250","μmol/L","Humid","23.220","deg","129811","µV","26.689","°C","1016.000","hPa","35.9","pmil","0","55.690","deg","20.000","°C","100.000","%a.s.","22.400","deg","20.000","°C","962.000","hPa","0.861","-0.02617","0.00035","0","0","13.56","Humid","35.35","0","78.50","280769.61","SABD0002000014","AAV2.0.0.13","3.0.3.1703","PSt7-10","180509-002","9/13/2019 10:46:52 AM","0000-00","0","no battery","V"
"06/11/2023","11:30:20","9","default","547630319","OXY_CH9","34.375","min","167.292","μmol/L","Humid","23.217","deg","129798","µV","26.689","°C","1016.000","hPa","35.9","pmil","0","55.690","deg","20.000","°C","100.000","%a.s.","22.400","deg","20.000","°C","962.000","hPa","0.861","-0.02617","0.00035","0","0","13.56","Humid","35.35","0","78.50","280778.23","SABD0002000014","AAV2.0.0.13","3.0.3.1703","PSt7-10","180509-002","9/13/2019 10:46:52 AM","0000-00","0","no battery","V"
"06/11/2023","11:30:21","9","default","547630319","OXY_CH9","34.392","min","167.294","μmol/L","Humid","23.219","deg","129787","µV","26.683","°C","1016.000","hPa","35.9","pmil","0","55.690","deg","20.000","°C","100.000","%a.s.","22.400","deg","20.000","°C","962.000","hPa","0.861","-0.02617","0.00035","0","0","13.56","Humid","35.35","0","78.50","280768.33","SABD0002000014","AAV2.0.0.13","3.0.3.1703","PSt7-10","180509-002","9/13/2019 10:46:52 AM","0000-00","0","no battery","V"
"06/11/2023","11:30:22","9","default","547630319","OXY_CH9","34.408","min","167.362","μmol/L","Humid","23.212","deg","129778","µV","26.689","°C","1016.000","hPa","35.9","pmil","0","55.690","deg","20.000","°C","100.000","%a.s.","22.400","deg","20.000","°C","962.000","hPa","0.861","-0.02617","0.00035","0","0","13.56","Humid","35.35","0","78.50","280769.11","SABD0002000014","AAV2.0.0.13","3.0.3.1703","PSt7-10","180509-002","9/13/2019 10:46:52 AM","0000-00","0","no battery","V"
"06/11/2023","11:30:23","9","default","547630319","OXY_CH9","34.425","min","167.377","μmol/L","Humid","23.211","deg","129770","µV","26.689","°C","1016.000","hPa","35.9","pmil","0","55.690","deg","20.000","°C","100.000","%a.s.","22.400","deg","20.000","°C","962.000","hPa","0.861","-0.02617","0.00035","0","0","13.56","Humid","35.35","0","78.50","280767.78","SABD0002000014","AAV2.0.0.13","3.0.3.1703","PSt7-10","180509-002","9/13/2019 10:46:52 AM","0000-00","0","no battery","V"
"06/11/2023","11:30:24","9","default","547630319","OXY_CH9","34.441","min","167.346","μmol/L","Humid","23.211","deg","129757","µV","26.695","°C","1016.000","hPa","35.9","pmil","0","55.690","deg","20.000","°C","100.000","%a.s.","22.400","deg","20.000","°C","962.000","hPa","0.861","-0.02617","0.00035","0","0","13.56","Humid","35.35","0","78.50","280767.04","SABD0002000014","AAV2.0.0.13","3.0.3.1703","PSt7-10","180509-002","9/13/2019 10:46:52 AM","0000-00","0","no battery","V"
"06/11/2023","11:30:25","9","default","547630319","OXY_CH9","34.458","min","167.435","μmol/L","Humid","23.209","deg","129761","µV","26.683","°C","1016.000","hPa","35.9","pmil","0","55.690","deg","20.000","°C","100.000","%a.s.","22.400","deg","20.000","°C","962.000","hPa","0.861","-0.02617","0.00035","0","0","13.56","Humid","35.35","0","78.50","280768.05","SABD0002000014","AAV2.0.0.13","3.0.3.1703","PSt7-10","180509-002","9/13/2019 10:46:52 AM","0000-00","0","no battery","V"
"06/11/2023","11:30:26","9","default","547630319","OXY_CH9","34.475","min","167.391","μmol/L","Humid","23.210","deg","129747","µV","26.689","°C","1016.000","hPa","35.9","pmil","0","55.690","deg","20.000","°C","100.000","%a.s.","22.400","deg","20.000","°C","962.000","hPa","0.861","-0.02617","0.00035","0","0","13.56","Humid","35.35","0","78.50","280777.76","SABD0002000014","AAV2.0.0.13","3.0.3.1703","PSt7-10","180509-002","9/13/2019 10:46:52 AM","0000-00","0","no battery","V"
"06/11/2023","11:30:27","9","default","547630319","OXY_CH9","34.492","min","167.377","μmol/L","Humid","23.211","deg","129745","µV","26.689","°C","1016.000","hPa","35.9","pmil","0","55.690","deg","20.000","°C","100.000","%a.s.","22.400","deg","20.000","°C","962.000","hPa","0.861","-0.02617","0.00035","0","0","13.56","Humid","35.35","0","78.50","280765.39","SABD0002000014","AAV2.0.0.13","3.0.3.1703","PSt7-10","180509-002","9/13/2019 10:46:52 AM","0000-00","0","no battery","V"
"06/11/2023","11:30:28","9","default","547630319","OXY_CH9","34.509","min","167.433","μmol/L","Humid","23.207","deg","129732","µV","26.689","°C","1016.000","hPa","35.9","pmil","0","55.690","deg","20.000","°C","100.000","%a.s.","22.400","deg","20.000","°C","962.000","hPa","0.861","-0.02617","0.00035","0","0","13.56","Humid","35.35","0","78.50","280777.36","SABD0002000014","AAV2.0.0.13","3.0.3.1703","PSt7-10","180509-002","9/13/2019 10:46:52 AM","0000-00","0","no battery","V"
"06/11/2023","11:30:29","9","default","547630319","OXY_CH9","34.525","min","167.489","μmol/L","Humid","23.203","deg","129725","µV","26.689","°C","1016.000","hPa","35.9","pmil","0","55.690","deg","20.000","°C","100.000","%a.s.","22.400","deg","20.000","°C","962.000","hPa","0.861","-0.02617","0.00035","0","0","13.56","Humid","35.35","0","78.50","280779.17","SABD0002000014","AAV2.0.0.13","3.0.3.1703","PSt7-10","180509-002","9/13/2019 10:46:52 AM","0000-00","0","no battery","V"
"06/11/2023","11:30:30","9","default","547630319","OXY_CH9","34.542","min","167.503","μmol/L","Humid","23.202","deg","129713","µV","26.689","°C","1016.000","hPa","35.9","pmil","0","55.690","deg","20.000","°C","100.000","%a.s.","22.400","deg","20.000","°C","962.000","hPa","0.861","-0.02617","0.00035","0","0","13.56","Humid","35.35","0","78.50","280777.51","SABD0002000014","AAV2.0.0.13","3.0.3.1703","PSt7-10","180509-002","9/13/2019 10:46:52 AM","0000-00","0","no battery","V"
"06/11/2023","11:30:31","9","default","547630319","OXY_CH9","34.559","min","167.475","μmol/L","Humid","23.204","deg","129703","µV","26.689","°C","1016.000","hPa","35.9","pmil","0","55.690","deg","20.000","°C","100.000","%a.s.","22.400","deg","20.000","°C","962.000","hPa","0.861","-0.02617","0.00035","0","0","13.56","Humid","35.35","0","78.50","280770.79","SABD0002000014","AAV2.0.0.13","3.0.3.1703","PSt7-10","180509-002","9/13/2019 10:46:52 AM","0000-00","0","no battery","V"
"06/11/2023","11:30:32","9","default","547630319","OXY_CH9","34.575","min","167.503","μmol/L","Humid","23.202","deg","129692","µV","26.689","°C","1016.000","hPa","35.9","pmil","0","55.690","deg","20.000","°C","100.000","%a.s.","22.400","deg","20.000","°C","962.000","hPa","0.861","-0.02617","0.00035","0","0","13.56","Humid","35.35","0","78.50","280781.63","SABD0002000014","AAV2.0.0.13","3.0.3.1703","PSt7-10","180509-002","9/13/2019 10:46:52 AM","0000-00","0","no battery","V"
"06/11/2023","11:30:33","9","default","547630319","OXY_CH9","34.592","min","167.532","μmol/L","Humid","23.200","deg","129685","µV","26.689","°C","1016.000","hPa","35.9","pmil","0","55.690","deg","20.000","°C","100.000","%a.s.","22.400","deg","20.000","°C","962.000","hPa","0.861","-0.02617","0.00035","0","0","13.56","Humid","35.35","0","78.50","280765.96","SABD0002000014","AAV2.0.0.13","3.0.3.1703","PSt7-10","180509-002","9/13/2019 10:46:52 AM","0000-00","0","no battery","V"
"06/11/2023","11:30:34","9","default","547630319","OXY_CH9","34.608","min","167.501","μmol/L","Humid","23.200","deg","129667","µV","26.695","°C","1016.000","hPa","35.9","pmil","0","55.690","deg","20.000","°C","100.000","%a.s.","22.400","deg","20.000","°C","962.000","hPa","0.861","-0.02617","0.00035","0","0","13.56","Humid","35.35","0","78.50","280762.87","SABD0002000014","AAV2.0.0.13","3.0.3.1703","PSt7-10","180509-002","9/13/2019 10:46:52 AM","0000-00","0","no battery","V"
"06/11/2023","11:30:35","9","default","547630319","OXY_CH9","34.624","min","167.586","μmol/L","Humid","23.194","deg","129662","µV","26.695","°C","1016.000","hPa","35.9","pmil","0","55.690","deg","20.000","°C","100.000","%a.s.","22.400","deg","20.000","°C","962.000","hPa","0.861","-0.02617","0.00035","0","0","13.56","Humid","35.35","0","78.50","280772.22","SABD0002000014","AAV2.0.0.13","3.0.3.1703","PSt7-10","180509-002","9/13/2019 10:46:52 AM","0000-00","0","no battery","V"
"06/11/2023","11:30:36","9","default","547630319","OXY_CH9","34.641","min","167.544","μmol/L","Humid","23.197","deg","129657","µV","26.695","°C","1016.000","hPa","35.9","pmil","0","55.690","deg","20.000","°C","100.000","%a.s.","22.400","deg","20.000","°C","962.000","hPa","0.861","-0.02617","0.00035","0","0","13.56","Humid","35.35","0","78.50","280772.21","SABD0002000014","AAV2.0.0.13","3.0.3.1703","PSt7-10","180509-002","9/13/2019 10:46:52 AM","0000-00","0","no battery","V"
"06/11/2023","11:30:37","9","default","547630319","OXY_CH9","34.658","min","167.645","μmol/L","Humid","23.192","deg","129640","µV","26.689","°C","1016.000","hPa","35.9","pmil","0","55.690","deg","20.000","°C","100.000","%a.s.","22.400","deg","20.000","°C","962.000","hPa","0.861","-0.02617","0.00035","0","0","13.56","Humid","35.35","0","78.50","280762.52","SABD0002000014","AAV2.0.0.13","3.0.3.1703","PSt7-10","180509-002","9/13/2019 10:46:52 AM","0000-00","0","no battery","V"
"06/11/2023","11:30:38","9","default","547630319","OXY_CH9","34.674","min","167.642","μmol/L","Humid","23.190","deg","129625","µV","26.695","°C","1016.000","hPa","35.9","pmil","0","55.690","deg","20.000","°C","100.000","%a.s.","22.400","deg","20.000","°C","962.000","hPa","0.861","-0.02617","0.00035","0","0","13.56","Humid","35.35","0","78.50","280761.64","SABD0002000014","AAV2.0.0.13","3.0.3.1703","PSt7-10","180509-002","9/13/2019 10:46:52 AM","0000-00","0","no battery","V"
"06/11/2023","11:30:39","9","default","547630319","OXY_CH9","34.691","min","167.645","μmol/L","Humid","23.192","deg","129624","µV","26.689","°C","1016.000","hPa","35.9","pmil","0","55.690","deg","20.000","°C","100.000","%a.s.","22.400","deg","20.000","°C","962.000","hPa","0.861","-0.02617","0.00035","0","0","13.56","Humid","35.35","0","78.50","280761.72","SABD0002000014","AAV2.0.0.13","3.0.3.1703","PSt7-10","180509-002","9/13/2019 10:46:52 AM","0000-00","0","no battery","V"
"06/11/2023","11:30:40","9","default","547630319","OXY_CH9","34.708","min","167.659","μmol/L","Humid","23.191","deg","129615","µV","26.689","°C","1016.000","hPa","35.9","pmil","0","55.690","deg","20.000","°C","100.000","%a.s.","22.400","deg","20.000","°C","962.000","hPa","0.861","-0.02617","0.00035","0","0","13.56","Humid","35.35","0","78.50","280765.44","SABD0002000014","AAV2.0.0.13","3.0.3.1703","PSt7-10","180509-002","9/13/2019 10:46:52 AM","0000-00","0","no battery","V"
"06/11/2023","11:30:41","9","default","547630319","OXY_CH9","34.725","min","167.760","μmol/L","Humid","23.186","deg","129604","µV","26.683","°C","1016.000","hPa","35.9","pmil","0","55.690","deg","20.000","°C","100.000","%a.s.","22.400","deg","20.000","°C","962.000","hPa","0.861","-0.02617","0.00035","0","0","13.56","Humid","35.35","0","78.50","280757.32","SABD0002000014","AAV2.0.0.13","3.0.3.1703","PSt7-10","180509-002","9/13/2019 10:46:52 AM","0000-00","0","no battery","V"
"06/11/2023","11:30:42","9","default","547630319","OXY_CH9","34.742","min","167.701","μmol/L","Humid","23.188","deg","129596","µV","26.689","°C","1016.000","hPa","35.9","pmil","0","55.690","deg","20.000","°C","100.000","%a.s.","22.400","deg","20.000","°C","962.000","hPa","0.861","-0.02617","0.00035","0","0","13.56","Humid","35.35","0","78.50","280768.11","SABD0002000014","AAV2.0.0.13","3.0.3.1703","PSt7-10","180509-002","9/13/2019 10:46:52 AM","0000-00","0","no battery","V"
"06/11/2023","11:30:43","9","default","547630319","OXY_CH9","34.758","min","167.746","μmol/L","Humid","23.187","deg","129593","µV","26.683","°C","1016.000","hPa","35.9","pmil","0","55.690","deg","20.000","°C","100.000","%a.s.","22.400","deg","20.000","°C","962.000","hPa","0.861","-0.02617","0.00035","0","0","13.56","Humid","35.35","0","78.50","280757.13","SABD0002000014","AAV2.0.0.13","3.0.3.1703","PSt7-10","180509-002","9/13/2019 10:46:52 AM","0000-00","0","no battery","V"
"06/11/2023","11:30:44","9","default","547630319","OXY_CH9","34.775","min","167.715","μmol/L","Humid","23.187","deg","129586","µV","26.689","°C","1016.000","hPa","35.9","pmil","0","55.690","deg","20.000","°C","100.000","%a.s.","22.400","deg","20.000","°C","962.000","hPa","0.861","-0.02617","0.00035","0","0","13.56","Humid","35.35","0","78.50","280771.52","SABD0002000014","AAV2.0.0.13","3.0.3.1703","PSt7-10","180509-002","9/13/2019 10:46:52 AM","0000-00","0","no battery","V"
"06/11/2023","11:30:45","9","default","547630319","OXY_CH9","34.792","min","167.788","μmol/L","Humid","23.184","deg","129572","µV","26.683","°C","1016.000","hPa","35.9","pmil","0","55.690","deg","20.000","°C","100.000","%a.s.","22.400","deg","20.000","°C","962.000","hPa","0.861","-0.02617","0.00035","0","0","13.56","Humid","35.35","0","78.50","280762.35","SABD0002000014","AAV2.0.0.13","3.0.3.1703","PSt7-10","180509-002","9/13/2019 10:46:52 AM","0000-00","0","no battery","V"
"06/11/2023","11:30:46","9","default","547630319","OXY_CH9","34.808","min","167.755","μmol/L","Humid","23.182","deg","129564","µV","26.695","°C","1016.000","hPa","35.9","pmil","0","55.690","deg","20.000","°C","100.000","%a.s.","22.400","deg","20.000","°C","962.000","hPa","0.861","-0.02617","0.00035","0","0","13.56","Humid","35.35","0","78.50","280769.38","SABD0002000014","AAV2.0.0.13","3.0.3.1703","PSt7-10","180509-002","9/13/2019 10:46:52 AM","0000-00","0","no battery","V"
"06/11/2023","11:30:47","9","default","547630319","OXY_CH9","34.825","min","167.843","μmol/L","Humid","23.178","deg","129552","µV","26.689","°C","1016.000","hPa","35.9","pmil","0","55.690","deg","20.000","°C","100.000","%a.s.","22.400","deg","20.000","°C","962.000","hPa","0.861","-0.02617","0.00035","0","0","13.56","Humid","35.35","0","78.50","280756.87","SABD0002000014","AAV2.0.0.13","3.0.3.1703","PSt7-10","180509-002","9/13/2019 10:46:52 AM","0000-00","0","no battery","V"
"06/11/2023","11:30:48","9","default","547630319","OXY_CH9","34.842","min","167.845","μmol/L","Humid","23.180","deg","129556","µV","26.683","°C","1016.000","hPa","35.9","pmil","0","55.690","deg","20.000","°C","100.000","%a.s.","22.400","deg","20.000","°C","962.000","hPa","0.861","-0.02617","0.00035","0","0","13.56","Humid","35.35","0","78.50","280753.10","SABD0002000014","AAV2.0.0.13","3.0.3.1703","PSt7-10","180509-002","9/13/2019 10:46:52 AM","0000-00","0","no battery","V"
"06/11/2023","11:30:49","9","default","547630319","OXY_CH9","34.858","min","167.854","μmol/L","Humid","23.175","deg","129527","µV","26.695","°C","1016.000","hPa","35.9","pmil","0","55.690","deg","20.000","°C","100.000","%a.s.","22.400","deg","20.000","°C","962.000","hPa","0.861","-0.02617","0.00035","0","0","13.56","Humid","35.35","0","78.50","280753.00","SABD0002000014","AAV2.0.0.13","3.0.3.1703","PSt7-10","180509-002","9/13/2019 10:46:52 AM","0000-00","0","no battery","V"
"06/11/2023","11:30:50","9","default","547630319","OXY_CH9","34.875","min","167.899","μmol/L","Humid","23.174","deg","129528","µV","26.689","°C","1016.000","hPa","35.9","pmil","0","55.690","deg","20.000","°C","100.000","%a.s.","22.400","deg","20.000","°C","962.000","hPa","0.861","-0.02617","0.00035","0","0","13.56","Humid","35.35","0","78.50","280752.62","SABD0002000014","AAV2.0.0.13","3.0.3.1703","PSt7-10","180509-002","9/13/2019 10:46:52 AM","0000-00","0","no battery","V"
"06/11/2023","11:30:51","9","default","547630319","OXY_CH9","34.892","min","167.927","μmol/L","Humid","23.172","deg","129522","µV","26.689","°C","1016.000","hPa","35.9","pmil","0","55.690","deg","20.000","°C","100.000","%a.s.","22.400","deg","20.000","°C","962.000","hPa","0.861","-0.02617","0.00035","0","0","13.56","Humid","35.35","0","78.50","280762.76","SABD0002000014","AAV2.0.0.13","3.0.3.1703","PSt7-10","180509-002","9/13/2019 10:46:52 AM","0000-00","0","no battery","V"
"06/11/2023","11:30:52","9","default","547630319","OXY_CH9","34.908","min","168.000","μmol/L","Humid","23.169","deg","129514","µV","26.683","°C","1016.000","hPa","35.9","pmil","0","55.690","deg","20.000","°C","100.000","%a.s.","22.400","deg","20.000","°C","962.000","hPa","0.861","-0.02617","0.00035","0","0","13.56","Humid","35.35","0","78.50","280766.34","SABD0002000014","AAV2.0.0.13","3.0.3.1703","PSt7-10","180509-002","9/13/2019 10:46:52 AM","0000-00","0","no battery","V"
"06/11/2023","11:30:53","9","default","547630319","OXY_CH9","34.925","min","167.956","μmol/L","Humid","23.170","deg","129500","µV","26.689","°C","1016.000","hPa","35.9","pmil","0","55.690","deg","20.000","°C","100.000","%a.s.","22.400","deg","20.000","°C","962.000","hPa","0.861","-0.02617","0.00035","0","0","13.56","Humid","35.35","0","78.50","280764.98","SABD0002000014","AAV2.0.0.13","3.0.3.1703","PSt7-10","180509-002","9/13/2019 10:46:52 AM","0000-00","0","no battery","V"
"06/11/2023","11:30:54","9","default","547630319","OXY_CH9","34.942","min","167.942","μmol/L","Humid","23.171","deg","129487","µV","26.689","°C","1016.000","hPa","35.9","pmil","0","55.690","deg","20.000","°C","100.000","%a.s.","22.400","deg","20.000","°C","962.000","hPa","0.861","-0.02617","0.00035","0","0","13.56","Humid","35.35","0","78.50","280764.33","SABD0002000014","AAV2.0.0.13","3.0.3.1703","PSt7-10","180509-002","9/13/2019 10:46:52 AM","0000-00","0","no battery","V"
"06/11/2023","11:30:55","9","default","547630319","OXY_CH9","34.959","min","168.029","μmol/L","Humid","23.167","deg","129482","µV","26.683","°C","1016.000","hPa","35.9","pmil","0","55.690","deg","20.000","°C","100.000","%a.s.","22.400","deg","20.000","°C","962.000","hPa","0.861","-0.02617","0.00035","0","0","13.56","Humid","35.35","0","78.50","280761.00","SABD0002000014","AAV2.0.0.13","3.0.3.1703","PSt7-10","180509-002","9/13/2019 10:46:52 AM","0000-00","0","no battery","V"
"06/11/2023","11:30:56","9","default","547630319","OXY_CH9","34.975","min","167.939","μmol/L","Humid","23.169","deg","129461","µV","26.695","°C","1016.000","hPa","35.9","pmil","0","55.690","deg","20.000","°C","100.000","%a.s.","22.400","deg","20.000","°C","962.000","hPa","0.861","-0.02617","0.00035","0","0","13.56","Humid","35.35","0","78.50","280753.83","SABD0002000014","AAV2.0.0.13","3.0.3.1703","PSt7-10","180509-002","9/13/2019 10:46:52 AM","0000-00","0","no battery","V"
"06/11/2023","11:30:57","9","default","547630319","OXY_CH9","34.992","min","168.055","μmol/L","Humid","23.163","deg","129455","µV","26.689","°C","1016.000","hPa","35.9","pmil","0","55.690","deg","20.000","°C","100.000","%a.s.","22.400","deg","20.000","°C","962.000","hPa","0.861","-0.02617","0.00035","0","0","13.56","Humid","35.35","0","78.50","280764.49","SABD0002000014","AAV2.0.0.13","3.0.3.1703","PSt7-10","180509-002","9/13/2019 10:46:52 AM","0000-00","0","no battery","V"
"06/11/2023","11:30:58","9","default","547630319","OXY_CH9","35.008","min","168.055","μmol/L","Humid","23.163","deg","129436","µV","26.689","°C","1016.000","hPa","35.9","pmil","0","55.690","deg","20.000","°C","100.000","%a.s.","22.400","deg","20.000","°C","962.000","hPa","0.861","-0.02617","0.00035","0","0","13.56","Humid","35.35","0","78.50","280750.31","SABD0002000014","AAV2.0.0.13","3.0.3.1703","PSt7-10","180509-002","9/13/2019 10:46:52 AM","0000-00","0","no battery","V"
"06/11/2023","11:30:59","9","default","547630319","OXY_CH9","35.025","min","168.010","μmol/L","Humid","23.164","deg","129436","µV","26.695","°C","1016.000","hPa","35.9","pmil","0","55.690","deg","20.000","°C","100.000","%a.s.","22.400","deg","20.000","°C","962.000","hPa","0.861","-0.02617","0.00035","0","0","13.56","Humid","35.35","0","78.50","280750.44","SABD0002000014","AAV2.0.0.13","3.0.3.1703","PSt7-10","180509-002","9/13/2019 10:46:52 AM","0000-00","0","no battery","V"
"06/11/2023","11:31:00","9","default","547630319","OXY_CH9","35.042","min","168.142","μmol/L","Humid","23.159","deg","129432","µV","26.683","°C","1016.000","hPa","35.9","pmil","0","55.690","deg","20.000","°C","100.000","%a.s.","22.400","deg","20.000","°C","962.000","hPa","0.861","-0.02617","0.00035","0","0","13.56","Humid","35.35","0","78.50","280752.52","SABD0002000014","AAV2.0.0.13","3.0.3.1703","PSt7-10","180509-002","9/13/2019 10:46:52 AM","0000-00","0","no battery","V"
"06/11/2023","11:31:01","9","default","547630319","OXY_CH9","35.058","min","168.081","μmol/L","Humid","23.159","deg","129409","µV","26.695","°C","1016.000","hPa","35.9","pmil","0","55.690","deg","20.000","°C","100.000","%a.s.","22.400","deg","20.000","°C","962.000","hPa","0.861","-0.02617","0.00035","0","0","13.56","Humid","35.35","0","78.50","280747.59","SABD0002000014","AAV2.0.0.13","3.0.3.1703","PSt7-10","180509-002","9/13/2019 10:46:52 AM","0000-00","0","no battery","V"
"06/11/2023","11:31:02","9","default","547630319","OXY_CH9","35.075","min","168.097","μmol/L","Humid","23.160","deg","129408","µV","26.689","°C","1016.000","hPa","35.9","pmil","0","55.690","deg","20.000","°C","100.000","%a.s.","22.400","deg","20.000","°C","962.000","hPa","0.861","-0.02617","0.00035","0","0","13.56","Humid","35.35","0","78.50","280750.93","SABD0002000014","AAV2.0.0.13","3.0.3.1703","PSt7-10","180509-002","9/13/2019 10:46:52 AM","0000-00","0","no battery","V"
"06/11/2023","11:31:03","9","default","547630319","OXY_CH9","35.092","min","168.199","μmol/L","Humid","23.155","deg","129389","µV","26.683","°C","1016.000","hPa","35.9","pmil","0","55.690","deg","20.000","°C","100.000","%a.s.","22.400","deg","20.000","°C","962.000","hPa","0.861","-0.02617","0.00035","0","0","13.56","Humid","35.35","0","78.50","280752.51","SABD0002000014","AAV2.0.0.13","3.0.3.1703","PSt7-10","180509-002","9/13/2019 10:46:52 AM","0000-00","0","no battery","V"
"06/11/2023","11:31:04","9","default","547630319","OXY_CH9","35.108","min","168.168","μmol/L","Humid","23.155","deg","129380","µV","26.689","°C","1016.000","hPa","35.9","pmil","0","55.690","deg","20.000","°C","100.000","%a.s.","22.400","deg","20.000","°C","962.000","hPa","0.861","-0.02617","0.00035","0","0","13.56","Humid","35.35","0","78.50","280745.61","SABD0002000014","AAV2.0.0.13","3.0.3.1703","PSt7-10","180509-002","9/13/2019 10:46:52 AM","0000-00","0","no battery","V"
"06/11/2023","11:31:05","9","default","547630319","OXY_CH9","35.125","min","168.197","μmol/L","Humid","23.153","deg","129382","µV","26.689","°C","1016.000","hPa","35.9","pmil","0","55.690","deg","20.000","°C","100.000","%a.s.","22.400","deg","20.000","°C","962.000","hPa","0.861","-0.02617","0.00035","0","0","13.56","Humid","35.35","0","78.50","280750.12","SABD0002000014","AAV2.0.0.13","3.0.3.1703","PSt7-10","180509-002","9/13/2019 10:46:52 AM","0000-00","0","no battery","V"
"06/11/2023","11:31:06","9","default","547630319","OXY_CH9","35.142","min","168.239","μmol/L","Humid","23.150","deg","129368","µV","26.689","°C","1016.000","hPa","35.9","pmil","0","55.690","deg","20.000","°C","100.000","%a.s.","22.400","deg","20.000","°C","962.000","hPa","0.861","-0.02617","0.00035","0","0","13.56","Humid","35.35","0","78.50","280756.57","SABD0002000014","AAV2.0.0.13","3.0.3.1703","PSt7-10","180509-002","9/13/2019 10:46:52 AM","0000-00","0","no battery","V"
"06/11/2023","11:31:07","9","default","547630319","OXY_CH9","35.158","min","168.237","μmol/L","Humid","23.148","deg","129355","µV","26.695","°C","1016.000","hPa","35.9","pmil","0","55.690","deg","20.000","°C","100.000","%a.s.","22.400","deg","20.000","°C","962.000","hPa","0.861","-0.02617","0.00035","0","0","13.56","Humid","35.35","0","78.50","280752.49","SABD0002000014","AAV2.0.0.13","3.0.3.1703","PSt7-10","180509-002","9/13/2019 10:46:52 AM","0000-00","0","no battery","V"
"06/11/2023","11:31:08","9","default","547630319","OXY_CH9","35.175","min","168.268","μmol/L","Humid","23.148","deg","129350","µV","26.689","°C","1016.000","hPa","35.9","pmil","0","55.690","deg","20.000","°C","100.000","%a.s.","22.400","deg","20.000","°C","962.000","hPa","0.861","-0.02617","0.00035","0","0","13.56","Humid","35.35","0","78.50","280753.15","SABD0002000014","AAV2.0.0.13","3.0.3.1703","PSt7-10","180509-002","9/13/2019 10:46:52 AM","0000-00","0","no battery","V"
"06/11/2023","11:31:09","9","default","547630319","OXY_CH9","35.192","min","168.324","μmol/L","Humid","23.144","deg","129341","µV","26.689","°C","1016.000","hPa","35.9","pmil","0","55.690","deg","20.000","°C","100.000","%a.s.","22.400","deg","20.000","°C","962.000","hPa","0.861","-0.02617","0.00035","0","0","13.56","Humid","35.35","0","78.50","280747.82","SABD0002000014","AAV2.0.0.13","3.0.3.1703","PSt7-10","180509-002","9/13/2019 10:46:52 AM","0000-00","0","no battery","V"
"06/11/2023","11:31:10","9","default","547630319","OXY_CH9","35.208","min","168.296","μmol/L","Humid","23.146","deg","129331","µV","26.689","°C","1016.000","hPa","35.9","pmil","0","55.690","deg","20.000","°C","100.000","%a.s.","22.400","deg","20.000","°C","962.000","hPa","0.861","-0.02617","0.00035","0","0","13.56","Humid","35.35","0","78.50","280741.96","SABD0002000014","AAV2.0.0.13","3.0.3.1703","PSt7-10","180509-002","9/13/2019 10:46:52 AM","0000-00","0","no battery","V"
"06/11/2023","11:31:11","9","default","547630319","OXY_CH9","35.225","min","168.310","μmol/L","Humid","23.145","deg","129321","µV","26.689","°C","1016.000","hPa","35.9","pmil","0","55.690","deg","20.000","°C","100.000","%a.s.","22.400","deg","20.000","°C","962.000","hPa","0.861","-0.02617","0.00035","0","0","13.56","Humid","35.35","0","78.50","280730.71","SABD0002000014","AAV2.0.0.13","3.0.3.1703","PSt7-10","180509-002","9/13/2019 10:46:52 AM","0000-00","0","no battery","V"
"06/11/2023","11:31:12","9","default","547630319","OXY_CH9","35.242","min","168.322","μmol/L","Humid","23.142","deg","129313","µV","26.695","°C","1016.000","hPa","35.9","pmil","0","55.690","deg","20.000","°C","100.000","%a.s.","22.400","deg","20.000","°C","962.000","hPa","0.861","-0.02617","0.00035","0","0","13.56","Humid","35.35","0","78.50","280740.92","SABD0002000014","AAV2.0.0.13","3.0.3.1703","PSt7-10","180509-002","9/13/2019 10:46:52 AM","0000-00","0","no battery","V"
"06/11/2023","11:31:13","9","default","547630319","OXY_CH9","35.258","min","168.367","μmol/L","Humid","23.141","deg","129306","µV","26.689","°C","1016.000","hPa","35.9","pmil","0","55.690","deg","20.000","°C","100.000","%a.s.","22.400","deg","20.000","°C","962.000","hPa","0.861","-0.02617","0.00035","0","0","13.56","Humid","35.35","0","78.50","280741.37","SABD0002000014","AAV2.0.0.13","3.0.3.1703","PSt7-10","180509-002","9/13/2019 10:46:52 AM","0000-00","0","no battery","V"
"06/11/2023","11:31:14","9","default","547630319","OXY_CH9","35.275","min","168.381","μmol/L","Humid","23.140","deg","129295","µV","26.689","°C","1016.000","hPa","35.9","pmil","0","55.690","deg","20.000","°C","100.000","%a.s.","22.400","deg","20.000","°C","962.000","hPa","0.861","-0.02617","0.00035","0","0","13.56","Humid","35.35","0","78.50","280750.69","SABD0002000014","AAV2.0.0.13","3.0.3.1703","PSt7-10","180509-002","9/13/2019 10:46:52 AM","0000-00","0","no battery","V"
"06/11/2023","11:31:15","9","default","547630319","OXY_CH9","35.291","min","168.367","μmol/L","Humid","23.141","deg","129287","µV","26.689","°C","1016.000","hPa","35.9","pmil","0","55.690","deg","20.000","°C","100.000","%a.s.","22.400","deg","20.000","°C","962.000","hPa","0.861","-0.02617","0.00035","0","0","13.56","Humid","35.35","0","78.50","280750.12","SABD0002000014","AAV2.0.0.13","3.0.3.1703","PSt7-10","180509-002","9/13/2019 10:46:52 AM","0000-00","0","no battery","V"
"06/11/2023","11:31:16","9","default","547630319","OXY_CH9","35.308","min","168.410","μmol/L","Humid","23.138","deg","129273","µV","26.689","°C","1016.000","hPa","35.9","pmil","0","55.690","deg","20.000","°C","100.000","%a.s.","22.400","deg","20.000","°C","962.000","hPa","0.861","-0.02617","0.00035","0","0","13.56","Humid","35.35","0","78.50","280735.20","SABD0002000014","AAV2.0.0.13","3.0.3.1703","PSt7-10","180509-002","9/13/2019 10:46:52 AM","0000-00","0","no battery","V"
"06/11/2023","11:31:17","9","default","547630319","OXY_CH9","35.324","min","168.511","μmol/L","Humid","23.133","deg","129269","µV","26.683","°C","1016.000","hPa","35.9","pmil","0","55.690","deg","20.000","°C","100.000","%a.s.","22.400","deg","20.000","°C","962.000","hPa","0.861","-0.02617","0.00035","0","0","13.56","Humid","35.35","0","78.50","280742.93","SABD0002000014","AAV2.0.0.13","3.0.3.1703","PSt7-10","180509-002","9/13/2019 10:46:52 AM","0000-00","0","no battery","V"
"06/11/2023","11:31:18","9","default","547630319","OXY_CH9","35.341","min","168.452","μmol/L","Humid","23.135","deg","129256","µV","26.689","°C","1016.000","hPa","35.9","pmil","0","55.690","deg","20.000","°C","100.000","%a.s.","22.400","deg","20.000","°C","962.000","hPa","0.861","-0.02617","0.00035","0","0","13.56","Humid","35.35","0","78.50","280742.04","SABD0002000014","AAV2.0.0.13","3.0.3.1703","PSt7-10","180509-002","9/13/2019 10:46:52 AM","0000-00","0","no battery","V"
"06/11/2023","11:31:19","9","default","547630319","OXY_CH9","35.358","min","168.393","μmol/L","Humid","23.137","deg","129241","µV","26.695","°C","1016.000","hPa","35.9","pmil","0","55.690","deg","20.000","°C","100.000","%a.s.","22.400","deg","20.000","°C","962.000","hPa","0.861","-0.02617","0.00035","0","0","13.56","Humid","35.35","0","78.50","280743.01","SABD0002000014","AAV2.0.0.13","3.0.3.1703","PSt7-10","180509-002","9/13/2019 10:46:52 AM","0000-00","0","no battery","V"
"06/11/2023","11:31:20","9","default","547630319","OXY_CH9","35.375","min","168.450","μmol/L","Humid","23.133","deg","129229","µV","26.695","°C","1016.000","hPa","35.9","pmil","0","55.690","deg","20.000","°C","100.000","%a.s.","22.400","deg","20.000","°C","962.000","hPa","0.861","-0.02617","0.00035","0","0","13.56","Humid","35.35","0","78.50","280742.34","SABD0002000014","AAV2.0.0.13","3.0.3.1703","PSt7-10","180509-002","9/13/2019 10:46:52 AM","0000-00","0","no battery","V"
"06/11/2023","11:31:21","9","default","547630319","OXY_CH9","35.391","min","168.523","μmol/L","Humid","23.130","deg","129225","µV","26.689","°C","1016.000","hPa","35.9","pmil","0","55.690","deg","20.000","°C","100.000","%a.s.","22.400","deg","20.000","°C","962.000","hPa","0.861","-0.02617","0.00035","0","0","13.56","Humid","35.35","0","78.50","280729.35","SABD0002000014","AAV2.0.0.13","3.0.3.1703","PSt7-10","180509-002","9/13/2019 10:46:52 AM","0000-00","0","no battery","V"
"06/11/2023","11:31:22","9","default","547630319","OXY_CH9","35.409","min","168.507","μmol/L","Humid","23.129","deg","129224","µV","26.695","°C","1016.000","hPa","35.9","pmil","0","55.690","deg","20.000","°C","100.000","%a.s.","22.400","deg","20.000","°C","962.000","hPa","0.861","-0.02617","0.00035","0","0","13.56","Humid","35.35","0","78.50","280745.77","SABD0002000014","AAV2.0.0.13","3.0.3.1703","PSt7-10","180509-002","9/13/2019 10:46:52 AM","0000-00","0","no battery","V"
"06/11/2023","11:31:23","9","default","547630319","OXY_CH9","35.425","min","168.566","μmol/L","Humid","23.127","deg","129203","µV","26.689","°C","1016.000","hPa","35.9","pmil","0","55.690","deg","20.000","°C","100.000","%a.s.","22.400","deg","20.000","°C","962.000","hPa","0.861","-0.02617","0.00035","0","0","13.56","Humid","35.35","0","78.50","280725.19","SABD0002000014","AAV2.0.0.13","3.0.3.1703","PSt7-10","180509-002","9/13/2019 10:46:52 AM","0000-00","0","no battery","V"
"06/11/2023","11:31:24","9","default","547630319","OXY_CH9","35.442","min","168.552","μmol/L","Humid","23.128","deg","129208","µV","26.689","°C","1016.000","hPa","35.9","pmil","0","55.690","deg","20.000","°C","100.000","%a.s.","22.400","deg","20.000","°C","962.000","hPa","0.861","-0.02617","0.00035","0","0","13.56","Humid","35.35","0","78.50","280742.66","SABD0002000014","AAV2.0.0.13","3.0.3.1703","PSt7-10","180509-002","9/13/2019 10:46:52 AM","0000-00","0","no battery","V"
"06/11/2023","11:31:25","9","default","547630319","OXY_CH9","35.459","min","168.566","μmol/L","Humid","23.127","deg","129192","µV","26.689","°C","1016.000","hPa","35.9","pmil","0","55.690","deg","20.000","°C","100.000","%a.s.","22.400","deg","20.000","°C","962.000","hPa","0.861","-0.02617","0.00035","0","0","13.56","Humid","35.35","0","78.50","280744.93","SABD0002000014","AAV2.0.0.13","3.0.3.1703","PSt7-10","180509-002","9/13/2019 10:46:52 AM","0000-00","0","no battery","V"
"06/11/2023","11:31:26","9","default","547630319","OXY_CH9","35.475","min","168.609","μmol/L","Humid","23.124","deg","129189","µV","26.689","°C","1016.000","hPa","35.9","pmil","0","55.690","deg","20.000","°C","100.000","%a.s.","22.400","deg","20.000","°C","962.000","hPa","0.861","-0.02617","0.00035","0","0","13.56","Humid","35.35","0","78.50","280736.48","SABD0002000014","AAV2.0.0.13","3.0.3.1703","PSt7-10","180509-002","9/13/2019 10:46:52 AM","0000-00","0","no battery","V"
"06/11/2023","11:31:27","9","default","547630319","OXY_CH9","35.492","min","168.680","μmol/L","Humid","23.119","deg","129170","µV","26.689","°C","1016.000","hPa","35.9","pmil","0","55.690","deg","20.000","°C","100.000","%a.s.","22.400","deg","20.000","°C","962.000","hPa","0.861","-0.02617","0.00035","0","0","13.56","Humid","35.35","0","78.50","280734.14","SABD0002000014","AAV2.0.0.13","3.0.3.1703","PSt7-10","180509-002","9/13/2019 10:46:52 AM","0000-00","0","no battery","V"
"06/11/2023","11:31:28","9","default","547630319","OXY_CH9","35.508","min","168.651","μmol/L","Humid","23.121","deg","129164","µV","26.689","°C","1016.000","hPa","35.9","pmil","0","55.690","deg","20.000","°C","100.000","%a.s.","22.400","deg","20.000","°C","962.000","hPa","0.861","-0.02617","0.00035","0","0","13.56","Humid","35.35","0","78.50","280737.62","SABD0002000014","AAV2.0.0.13","3.0.3.1703","PSt7-10","180509-002","9/13/2019 10:46:52 AM","0000-00","0","no battery","V"
"06/11/2023","11:31:29","9","default","547630319","OXY_CH9","35.525","min","168.651","μmol/L","Humid","23.121","deg","129152","µV","26.689","°C","1016.000","hPa","35.9","pmil","0","55.690","deg","20.000","°C","100.000","%a.s.","22.400","deg","20.000","°C","962.000","hPa","0.861","-0.02617","0.00035","0","0","13.56","Humid","35.35","0","78.50","280737.53","SABD0002000014","AAV2.0.0.13","3.0.3.1703","PSt7-10","180509-002","9/13/2019 10:46:52 AM","0000-00","0","no battery","V"
"06/11/2023","11:31:30","9","default","547630319","OXY_CH9","35.542","min","168.710","μmol/L","Humid","23.119","deg","129150","µV","26.683","°C","1016.000","hPa","35.9","pmil","0","55.690","deg","20.000","°C","100.000","%a.s.","22.400","deg","20.000","°C","962.000","hPa","0.861","-0.02617","0.00035","0","0","13.56","Humid","35.35","0","78.50","280728.84","SABD0002000014","AAV2.0.0.13","3.0.3.1703","PSt7-10","180509-002","9/13/2019 10:46:52 AM","0000-00","0","no battery","V"
"06/11/2023","11:31:31","9","default","547630319","OXY_CH9","35.559","min","168.678","μmol/L","Humid","23.117","deg","129138","µV","26.695","°C","1016.000","hPa","35.9","pmil","0","55.690","deg","20.000","°C","100.000","%a.s.","22.400","deg","20.000","°C","962.000","hPa","0.861","-0.02617","0.00035","0","0","13.56","Humid","35.35","0","78.50","280723.40","SABD0002000014","AAV2.0.0.13","3.0.3.1703","PSt7-10","180509-002","9/13/2019 10:46:52 AM","0000-00","0","no battery","V"
"06/11/2023","11:31:32","9","default","547630319","OXY_CH9","35.575","min","168.722","μmol/L","Humid","23.116","deg","129126","µV","26.689","°C","1016.000","hPa","35.9","pmil","0","55.690","deg","20.000","°C","100.000","%a.s.","22.400","deg","20.000","°C","962.000","hPa","0.861","-0.02617","0.00035","0","0","13.56","Humid","35.35","0","78.50","280728.34","SABD0002000014","AAV2.0.0.13","3.0.3.1703","PSt7-10","180509-002","9/13/2019 10:46:52 AM","0000-00","0","no battery","V"
"06/11/2023","11:31:33","9","default","547630319","OXY_CH9","35.592","min","168.781","μmol/L","Humid","23.114","deg","129120","µV","26.683","°C","1016.000","hPa","35.9","pmil","0","55.690","deg","20.000","°C","100.000","%a.s.","22.400","deg","20.000","°C","962.000","hPa","0.861","-0.02617","0.00035","0","0","13.56","Humid","35.35","0","78.50","280745.79","SABD0002000014","AAV2.0.0.13","3.0.3.1703","PSt7-10","180509-002","9/13/2019 10:46:52 AM","0000-00","0","no battery","V"
"06/11/2023","11:31:34","9","default","547630319","OXY_CH9","35.608","min","168.720","μmol/L","Humid","23.114","deg","129106","µV","26.695","°C","1016.000","hPa","35.9","pmil","0","55.690","deg","20.000","°C","100.000","%a.s.","22.400","deg","20.000","°C","962.000","hPa","0.861","-0.02617","0.00035","0","0","13.56","Humid","35.35","0","78.50","280730.14","SABD0002000014","AAV2.0.0.13","3.0.3.1703","PSt7-10","180509-002","9/13/2019 10:46:52 AM","0000-00","0","no battery","V"
"06/11/2023","11:31:35","9","default","547630319","OXY_CH9","35.625","min","168.796","μmol/L","Humid","23.113","deg","129107","µV","26.683","°C","1016.000","hPa","35.9","pmil","0","55.690","deg","20.000","°C","100.000","%a.s.","22.400","deg","20.000","°C","962.000","hPa","0.861","-0.02617","0.00035","0","0","13.56","Humid","35.35","0","78.50","280732.98","SABD0002000014","AAV2.0.0.13","3.0.3.1703","PSt7-10","180509-002","9/13/2019 10:46:52 AM","0000-00","0","no battery","V"
"06/11/2023","11:31:36","9","default","547630319","OXY_CH9","35.642","min","168.865","μmol/L","Humid","23.106","deg","129093","µV","26.689","°C","1016.000","hPa","35.9","pmil","0","55.690","deg","20.000","°C","100.000","%a.s.","22.400","deg","20.000","°C","962.000","hPa","0.861","-0.02617","0.00035","0","0","13.56","Humid","35.35","0","78.50","280728.05","SABD0002000014","AAV2.0.0.13","3.0.3.1703","PSt7-10","180509-002","9/13/2019 10:46:52 AM","0000-00","0","no battery","V"
"06/11/2023","11:31:37","9","default","547630319","OXY_CH9","35.658","min","168.808","μmol/L","Humid","23.110","deg","129085","µV","26.689","°C","1016.000","hPa","35.9","pmil","0","55.690","deg","20.000","°C","100.000","%a.s.","22.400","deg","20.000","°C","962.000","hPa","0.861","-0.02617","0.00035","0","0","13.56","Humid","35.35","0","78.50","280731.13","SABD0002000014","AAV2.0.0.13","3.0.3.1703","PSt7-10","180509-002","9/13/2019 10:46:52 AM","0000-00","0","no battery","V"
"06/11/2023","11:31:38","9","default","547630319","OXY_CH9","35.675","min","168.822","μmol/L","Humid","23.109","deg","129073","µV","26.689","°C","1016.000","hPa","35.9","pmil","0","55.690","deg","20.000","°C","100.000","%a.s.","22.400","deg","20.000","°C","962.000","hPa","0.861","-0.02617","0.00035","0","0","13.56","Humid","35.35","0","78.50","280736.50","SABD0002000014","AAV2.0.0.13","3.0.3.1703","PSt7-10","180509-002","9/13/2019 10:46:52 AM","0000-00","0","no battery","V"
"06/11/2023","11:31:39","9","default","547630319","OXY_CH9","35.692","min","168.865","μmol/L","Humid","23.106","deg","129066","µV","26.689","°C","1016.000","hPa","35.9","pmil","0","55.690","deg","20.000","°C","100.000","%a.s.","22.400","deg","20.000","°C","962.000","hPa","0.861","-0.02617","0.00035","0","0","13.56","Humid","35.35","0","78.50","280725.74","SABD0002000014","AAV2.0.0.13","3.0.3.1703","PSt7-10","180509-002","9/13/2019 10:46:52 AM","0000-00","0","no battery","V"
"06/11/2023","11:31:40","9","default","547630319","OXY_CH9","35.708","min","168.908","μmol/L","Humid","23.103","deg","129055","µV","26.689","°C","1016.000","hPa","35.9","pmil","0","55.690","deg","20.000","°C","100.000","%a.s.","22.400","deg","20.000","°C","962.000","hPa","0.861","-0.02617","0.00035","0","0","13.56","Humid","35.35","0","78.50","280730.99","SABD0002000014","AAV2.0.0.13","3.0.3.1703","PSt7-10","180509-002","9/13/2019 10:46:52 AM","0000-00","0","no battery","V"
"06/11/2023","11:31:41","9","default","547630319","OXY_CH9","35.725","min","168.891","μmol/L","Humid","23.102","deg","129046","µV","26.695","°C","1016.000","hPa","35.9","pmil","0","55.690","deg","20.000","°C","100.000","%a.s.","22.400","deg","20.000","°C","962.000","hPa","0.861","-0.02617","0.00035","0","0","13.56","Humid","35.35","0","78.50","280734.49","SABD0002000014","AAV2.0.0.13","3.0.3.1703","PSt7-10","180509-002","9/13/2019 10:46:52 AM","0000-00","0","no battery","V"
"06/11/2023","11:31:42","9","default","547630319","OXY_CH9","35.742","min","168.905","μmol/L","Humid","23.101","deg","129045","µV","26.695","°C","1016.000","hPa","35.9","pmil","0","55.690","deg","20.000","°C","100.000","%a.s.","22.400","deg","20.000","°C","962.000","hPa","0.861","-0.02617","0.00035","0","0","13.56","Humid","35.35","0","78.50","280736.24","SABD0002000014","AAV2.0.0.13","3.0.3.1703","PSt7-10","180509-002","9/13/2019 10:46:52 AM","0000-00","0","no battery","V"
"06/11/2023","11:31:43","9","default","547630319","OXY_CH9","35.758","min","168.993","μmol/L","Humid","23.097","deg","129025","µV","26.689","°C","1016.000","hPa","35.9","pmil","0","55.690","deg","20.000","°C","100.000","%a.s.","22.400","deg","20.000","°C","962.000","hPa","0.861","-0.02617","0.00035","0","0","13.56","Humid","35.35","0","78.50","280724.56","SABD0002000014","AAV2.0.0.13","3.0.3.1703","PSt7-10","180509-002","9/13/2019 10:46:52 AM","0000-00","0","no battery","V"
"06/11/2023","11:31:44","9","default","547630319","OXY_CH9","35.775","min","168.948","μmol/L","Humid","23.098","deg","129014","µV","26.695","°C","1016.000","hPa","35.9","pmil","0","55.690","deg","20.000","°C","100.000","%a.s.","22.400","deg","20.000","°C","962.000","hPa","0.861","-0.02617","0.00035","0","0","13.56","Humid","35.35","0","78.50","280736.80","SABD0002000014","AAV2.0.0.13","3.0.3.1703","PSt7-10","180509-002","9/13/2019 10:46:52 AM","0000-00","0","no battery","V"
"06/11/2023","11:31:45","9","default","547630319","OXY_CH9","35.791","min","169.024","μmol/L","Humid","23.097","deg","129000","µV","26.683","°C","1016.000","hPa","35.9","pmil","0","55.690","deg","20.000","°C","100.000","%a.s.","22.400","deg","20.000","°C","962.000","hPa","0.861","-0.02617","0.00035","0","0","13.56","Humid","35.35","0","78.50","280736.24","SABD0002000014","AAV2.0.0.13","3.0.3.1703","PSt7-10","180509-002","9/13/2019 10:46:52 AM","0000-00","0","no battery","V"
"06/11/2023","11:31:46","9","default","547630319","OXY_CH9","35.808","min","169.007","μmol/L","Humid","23.096","deg","128998","µV","26.689","°C","1016.000","hPa","35.9","pmil","0","55.690","deg","20.000","°C","100.000","%a.s.","22.400","deg","20.000","°C","962.000","hPa","0.861","-0.02617","0.00035","0","0","13.56","Humid","35.35","0","78.50","280735.23","SABD0002000014","AAV2.0.0.13","3.0.3.1703","PSt7-10","180509-002","9/13/2019 10:46:52 AM","0000-00","0","no battery","V"
"06/11/2023","11:31:47","9","default","547630319","OXY_CH9","35.825","min","169.064","μmol/L","Humid","23.092","deg","128990","µV","26.689","°C","1016.000","hPa","35.9","pmil","0","55.690","deg","20.000","°C","100.000","%a.s.","22.400","deg","20.000","°C","962.000","hPa","0.861","-0.02617","0.00035","0","0","13.56","Humid","35.35","0","78.50","280743.54","SABD0002000014","AAV2.0.0.13","3.0.3.1703","PSt7-10","180509-002","9/13/2019 10:46:52 AM","0000-00","0","no battery","V"
"06/11/2023","11:31:48","9","default","547630319","OXY_CH9","35.841","min","169.034","μmol/L","Humid","23.092","deg","128968","µV","26.695","°C","1016.000","hPa","35.9","pmil","0","55.690","deg","20.000","°C","100.000","%a.s.","22.400","deg","20.000","°C","962.000","hPa","0.861","-0.02617","0.00035","0","0","13.56","Humid","35.35","0","78.50","280720.16","SABD0002000014","AAV2.0.0.13","3.0.3.1703","PSt7-10","180509-002","9/13/2019 10:46:52 AM","0000-00","0","no battery","V"
"06/11/2023","11:31:49","9","default","547630319","OXY_CH9","35.858","min","169.020","μmol/L","Humid","23.093","deg","128976","µV","26.695","°C","1016.000","hPa","35.9","pmil","0","55.690","deg","20.000","°C","100.000","%a.s.","22.400","deg","20.000","°C","962.000","hPa","0.861","-0.02617","0.00035","0","0","13.56","Humid","35.35","0","78.50","280730.09","SABD0002000014","AAV2.0.0.13","3.0.3.1703","PSt7-10","180509-002","9/13/2019 10:46:52 AM","0000-00","0","no battery","V"
"06/11/2023","11:31:50","9","default","547630319","OXY_CH9","35.875","min","169.079","μmol/L","Humid","23.091","deg","128957","µV","26.689","°C","1016.000","hPa","35.9","pmil","0","55.690","deg","20.000","°C","100.000","%a.s.","22.400","deg","20.000","°C","962.000","hPa","0.861","-0.02617","0.00035","0","0","13.56","Humid","35.35","0","78.50","280719.36","SABD0002000014","AAV2.0.0.13","3.0.3.1703","PSt7-10","180509-002","9/13/2019 10:46:52 AM","0000-00","0","no battery","V"
"06/11/2023","11:31:51","9","default","547630319","OXY_CH9","35.891","min","169.105","μmol/L","Humid","23.087","deg","128948","µV","26.695","°C","1016.000","hPa","35.9","pmil","0","55.690","deg","20.000","°C","100.000","%a.s.","22.400","deg","20.000","°C","962.000","hPa","0.861","-0.02617","0.00035","0","0","13.56","Humid","35.35","0","78.50","280722.09","SABD0002000014","AAV2.0.0.13","3.0.3.1703","PSt7-10","180509-002","9/13/2019 10:46:52 AM","0000-00","0","no battery","V"
"06/11/2023","11:31:52","9","default","547630319","OXY_CH9","35.908","min","169.181","μmol/L","Humid","23.086","deg","128930","µV","26.683","°C","1016.000","hPa","35.9","pmil","0","55.690","deg","20.000","°C","100.000","%a.s.","22.400","deg","20.000","°C","962.000","hPa","0.861","-0.02617","0.00035","0","0","13.56","Humid","35.35","0","78.50","280718.02","SABD0002000014","AAV2.0.0.13","3.0.3.1703","PSt7-10","180509-002","9/13/2019 10:46:52 AM","0000-00","0","no battery","V"
"06/11/2023","11:31:53","9","default","547630319","OXY_CH9","35.924","min","169.150","μmol/L","Humid","23.086","deg","128924","µV","26.689","°C","1016.000","hPa","35.9","pmil","0","55.690","deg","20.000","°C","100.000","%a.s.","22.400","deg","20.000","°C","962.000","hPa","0.861","-0.02617","0.00035","0","0","13.56","Humid","35.35","0","78.50","280724.68","SABD0002000014","AAV2.0.0.13","3.0.3.1703","PSt7-10","180509-002","9/13/2019 10:46:52 AM","0000-00","0","no battery","V"
"06/11/2023","11:31:54","9","default","547630319","OXY_CH9","35.941","min","169.134","μmol/L","Humid","23.085","deg","128923","µV","26.695","°C","1016.000","hPa","35.9","pmil","0","55.690","deg","20.000","°C","100.000","%a.s.","22.400","deg","20.000","°C","962.000","hPa","0.861","-0.02617","0.00035","0","0","13.56","Humid","35.35","0","78.50","280729.68","SABD0002000014","AAV2.0.0.13","3.0.3.1703","PSt7-10","180509-002","9/13/2019 10:46:52 AM","0000-00","0","no battery","V"
"06/11/2023","11:31:55","9","default","547630319","OXY_CH9","35.958","min","169.191","μmol/L","Humid","23.081","deg","128916","µV","26.695","°C","1016.000","hPa","35.9","pmil","0","55.690","deg","20.000","°C","100.000","%a.s.","22.400","deg","20.000","°C","962.000","hPa","0.861","-0.02617","0.00035","0","0","13.56","Humid","35.35","0","78.50","280729.77","SABD0002000014","AAV2.0.0.13","3.0.3.1703","PSt7-10","180509-002","9/13/2019 10:46:52 AM","0000-00","0","no battery","V"
"06/11/2023","11:31:56","9","default","547630319","OXY_CH9","35.975","min","169.222","μmol/L","Humid","23.081","deg","128904","µV","26.689","°C","1016.000","hPa","35.9","pmil","0","55.690","deg","20.000","°C","100.000","%a.s.","22.400","deg","20.000","°C","962.000","hPa","0.861","-0.02617","0.00035","0","0","13.56","Humid","35.35","0","78.50","280712.90","SABD0002000014","AAV2.0.0.13","3.0.3.1703","PSt7-10","180509-002","9/13/2019 10:46:52 AM","0000-00","0","no battery","V"
"06/11/2023","11:31:57","9","default","547630319","OXY_CH9","35.991","min","169.236","μmol/L","Humid","23.080","deg","128891","µV","26.689","°C","1016.000","hPa","35.9","pmil","0","55.690","deg","20.000","°C","100.000","%a.s.","22.400","deg","20.000","°C","962.000","hPa","0.861","-0.02617","0.00035","0","0","13.56","Humid","35.35","0","78.50","280716.32","SABD0002000014","AAV2.0.0.13","3.0.3.1703","PSt7-10","180509-002","9/13/2019 10:46:52 AM","0000-00","0","no battery","V"
"06/11/2023","11:31:58","9","default","547630319","OXY_CH9","36.008","min","169.236","μmol/L","Humid","23.080","deg","128885","µV","26.689","°C","1016.000","hPa","35.9","pmil","0","55.690","deg","20.000","°C","100.000","%a.s.","22.400","deg","20.000","°C","962.000","hPa","0.861","-0.02617","0.00035","0","0","13.56","Humid","35.35","0","78.50","280720.99","SABD0002000014","AAV2.0.0.13","3.0.3.1703","PSt7-10","180509-002","9/13/2019 10:46:52 AM","0000-00","0","no battery","V"
"06/11/2023","11:31:59","9","default","547630319","OXY_CH9","36.025","min","169.279","μmol/L","Humid","23.077","deg","128874","µV","26.689","°C","1016.000","hPa","35.9","pmil","0","55.690","deg","20.000","°C","100.000","%a.s.","22.400","deg","20.000","°C","962.000","hPa","0.861","-0.02617","0.00035","0","0","13.56","Humid","35.35","0","78.50","280725.47","SABD0002000014","AAV2.0.0.13","3.0.3.1703","PSt7-10","180509-002","9/13/2019 10:46:52 AM","0000-00","0","no battery","V"
"06/11/2023","11:32:00","9","default","547630319","OXY_CH9","36.041","min","169.307","μmol/L","Humid","23.075","deg","128863","µV","26.689","°C","1016.000","hPa","35.9","pmil","0","55.690","deg","20.000","°C","100.000","%a.s.","22.400","deg","20.000","°C","962.000","hPa","0.861","-0.02617","0.00035","0","0","13.56","Humid","35.35","0","78.50","280725.12","SABD0002000014","AAV2.0.0.13","3.0.3.1703","PSt7-10","180509-002","9/13/2019 10:46:52 AM","0000-00","0","no battery","V"
"06/11/2023","11:32:01","9","default","547630319","OXY_CH9","36.058","min","169.336","μmol/L","Humid","23.073","deg","128849","µV","26.689","°C","1016.000","hPa","35.9","pmil","0","55.690","deg","20.000","°C","100.000","%a.s.","22.400","deg","20.000","°C","962.000","hPa","0.861","-0.02617","0.00035","0","0","13.56","Humid","35.35","0","78.50","280724.77","SABD0002000014","AAV2.0.0.13","3.0.3.1703","PSt7-10","180509-002","9/13/2019 10:46:52 AM","0000-00","0","no battery","V"
"06/11/2023","11:32:02","9","default","547630319","OXY_CH9","36.075","min","169.424","μmol/L","Humid","23.069","deg","128845","µV","26.683","°C","1016.000","hPa","35.9","pmil","0","55.690","deg","20.000","°C","100.000","%a.s.","22.400","deg","20.000","°C","962.000","hPa","0.861","-0.02617","0.00035","0","0","13.56","Humid","35.35","0","78.50","280724.94","SABD0002000014","AAV2.0.0.13","3.0.3.1703","PSt7-10","180509-002","9/13/2019 10:46:52 AM","0000-00","0","no battery","V"
"06/11/2023","11:32:03","9","default","547630319","OXY_CH9","36.091","min","169.381","μmol/L","Humid","23.072","deg","128832","µV","26.683","°C","1016.000","hPa","35.9","pmil","0","55.690","deg","20.000","°C","100.000","%a.s.","22.400","deg","20.000","°C","962.000","hPa","0.861","-0.02617","0.00035","0","0","13.56","Humid","35.35","0","78.50","280712.89","SABD0002000014","AAV2.0.0.13","3.0.3.1703","PSt7-10","180509-002","9/13/2019 10:46:52 AM","0000-00","0","no battery","V"
"06/11/2023","11:32:04","9","default","547630319","OXY_CH9","36.109","min","169.422","μmol/L","Humid","23.067","deg","128826","µV","26.689","°C","1016.000","hPa","35.9","pmil","0","55.690","deg","20.000","°C","100.000","%a.s.","22.400","deg","20.000","°C","962.000","hPa","0.861","-0.02617","0.00035","0","0","13.56","Humid","35.35","0","78.50","280718.81","SABD0002000014","AAV2.0.0.13","3.0.3.1703","PSt7-10","180509-002","9/13/2019 10:46:52 AM","0000-00","0","no battery","V"
"06/11/2023","11:32:05","9","default","547630319","OXY_CH9","36.125","min","169.379","μmol/L","Humid","23.070","deg","128810","µV","26.689","°C","1016.000","hPa","35.9","pmil","0","55.690","deg","20.000","°C","100.000","%a.s.","22.400","deg","20.000","°C","962.000","hPa","0.861","-0.02617","0.00035","0","0","13.56","Humid","35.35","0","78.50","280711.45","SABD0002000014","AAV2.0.0.13","3.0.3.1703","PSt7-10","180509-002","9/13/2019 10:46:52 AM","0000-00","0","no battery","V"
"06/11/2023","11:32:06","9","default","547630319","OXY_CH9","36.142","min","169.465","μmol/L","Humid","23.064","deg","128810","µV","26.689","°C","1016.000","hPa","35.9","pmil","0","55.690","deg","20.000","°C","100.000","%a.s.","22.400","deg","20.000","°C","962.000","hPa","0.861","-0.02617","0.00035","0","0","13.56","Humid","35.35","0","78.50","280724.09","SABD0002000014","AAV2.0.0.13","3.0.3.1703","PSt7-10","180509-002","9/13/2019 10:46:52 AM","0000-00","0","no battery","V"
"06/11/2023","11:32:07","9","default","547630319","OXY_CH9","36.158","min","169.465","μmol/L","Humid","23.064","deg","128792","µV","26.689","°C","1016.000","hPa","35.9","pmil","0","55.690","deg","20.000","°C","100.000","%a.s.","22.400","deg","20.000","°C","962.000","hPa","0.861","-0.02617","0.00035","0","0","13.56","Humid","35.35","0","78.50","280705.23","SABD0002000014","AAV2.0.0.13","3.0.3.1703","PSt7-10","180509-002","9/13/2019 10:46:52 AM","0000-00","0","no battery","V"
"06/11/2023","11:32:08","9","default","547630319","OXY_CH9","36.175","min","169.479","μmol/L","Humid","23.063","deg","128786","µV","26.689","°C","1016.000","hPa","35.9","pmil","0","55.690","deg","20.000","°C","100.000","%a.s.","22.400","deg","20.000","°C","962.000","hPa","0.861","-0.02617","0.00035","0","0","13.56","Humid","35.35","0","78.50","280715.90","SABD0002000014","AAV2.0.0.13","3.0.3.1703","PSt7-10","180509-002","9/13/2019 10:46:52 AM","0000-00","0","no battery","V"
"06/11/2023","11:32:09","9","default","547630319","OXY_CH9","36.192","min","169.450","μmol/L","Humid","23.065","deg","128789","µV","26.689","°C","1016.000","hPa","35.9","pmil","0","55.690","deg","20.000","°C","100.000","%a.s.","22.400","deg","20.000","°C","962.000","hPa","0.861","-0.02617","0.00035","0","0","13.56","Humid","35.35","0","78.50","280723.81","SABD0002000014","AAV2.0.0.13","3.0.3.1703","PSt7-10","180509-002","9/13/2019 10:46:52 AM","0000-00","0","no battery","V"
"06/11/2023","11:32:10","9","default","547630319","OXY_CH9","36.208","min","169.551","μmol/L","Humid","23.058","deg","128769","µV","26.689","°C","1016.000","hPa","35.9","pmil","0","55.690","deg","20.000","°C","100.000","%a.s.","22.400","deg","20.000","°C","962.000","hPa","0.861","-0.02617","0.00035","0","0","13.56","Humid","35.35","0","78.50","280709.19","SABD0002000014","AAV2.0.0.13","3.0.3.1703","PSt7-10","180509-002","9/13/2019 10:46:52 AM","0000-00","0","no battery","V"
"06/11/2023","11:32:11","9","default","547630319","OXY_CH9","36.225","min","169.477","μmol/L","Humid","23.061","deg","128758","µV","26.695","°C","1016.000","hPa","35.9","pmil","0","55.690","deg","20.000","°C","100.000","%a.s.","22.400","deg","20.000","°C","962.000","hPa","0.861","-0.02617","0.00035","0","0","13.56","Humid","35.35","0","78.50","280706.77","SABD0002000014","AAV2.0.0.13","3.0.3.1703","PSt7-10","180509-002","9/13/2019 10:46:52 AM","0000-00","0","no battery","V"
"06/11/2023","11:32:12","9","default","547630319","OXY_CH9","36.242","min","169.520","μmol/L","Humid","23.058","deg","128758","µV","26.695","°C","1016.000","hPa","35.9","pmil","0","55.690","deg","20.000","°C","100.000","%a.s.","22.400","deg","20.000","°C","962.000","hPa","0.861","-0.02617","0.00035","0","0","13.56","Humid","35.35","0","78.50","280716.05","SABD0002000014","AAV2.0.0.13","3.0.3.1703","PSt7-10","180509-002","9/13/2019 10:46:52 AM","0000-00","0","no battery","V"
"06/11/2023","11:32:13","9","default","547630319","OXY_CH9","36.259","min","169.610","μmol/L","Humid","23.056","deg","128745","µV","26.683","°C","1016.000","hPa","35.9","pmil","0","55.690","deg","20.000","°C","100.000","%a.s.","22.400","deg","20.000","°C","962.000","hPa","0.861","-0.02617","0.00035","0","0","13.56","Humid","35.35","0","78.50","280714.96","SABD0002000014","AAV2.0.0.13","3.0.3.1703","PSt7-10","180509-002","9/13/2019 10:46:52 AM","0000-00","0","no battery","V"
"06/11/2023","11:32:14","9","default","547630319","OXY_CH9","36.275","min","169.610","μmol/L","Humid","23.056","deg","128724","µV","26.683","°C","1016.000","hPa","35.9","pmil","0","55.690","deg","20.000","°C","100.000","%a.s.","22.400","deg","20.000","°C","962.000","hPa","0.861","-0.02617","0.00035","0","0","13.56","Humid","35.35","0","78.50","280706.65","SABD0002000014","AAV2.0.0.13","3.0.3.1703","PSt7-10","180509-002","9/13/2019 10:46:52 AM","0000-00","0","no battery","V"
"06/11/2023","11:32:15","9","default","547630319","OXY_CH9","36.291","min","169.563","μmol/L","Humid","23.055","deg","128720","µV","26.695","°C","1016.000","hPa","35.9","pmil","0","55.690","deg","20.000","°C","100.000","%a.s.","22.400","deg","20.000","°C","962.000","hPa","0.861","-0.02617","0.00035","0","0","13.56","Humid","35.35","0","78.50","280710.32","SABD0002000014","AAV2.0.0.13","3.0.3.1703","PSt7-10","180509-002","9/13/2019 10:46:52 AM","0000-00","0","no battery","V"
"06/11/2023","11:32:16","9","default","547630319","OXY_CH9","36.309","min","169.622","μmol/L","Humid","23.053","deg","128714","µV","26.689","°C","1016.000","hPa","35.9","pmil","0","55.690","deg","20.000","°C","100.000","%a.s.","22.400","deg","20.000","°C","962.000","hPa","0.861","-0.02617","0.00035","0","0","13.56","Humid","35.35","0","78.50","280712.31","SABD0002000014","AAV2.0.0.13","3.0.3.1703","PSt7-10","180509-002","9/13/2019 10:46:52 AM","0000-00","0","no battery","V"
"06/11/2023","11:32:17","9","default","547630319","OXY_CH9","36.325","min","169.606","μmol/L","Humid","23.052","deg","128698","µV","26.695","°C","1016.000","hPa","35.9","pmil","0","55.690","deg","20.000","°C","100.000","%a.s.","22.400","deg","20.000","°C","962.000","hPa","0.861","-0.02617","0.00035","0","0","13.56","Humid","35.35","0","78.50","280714.49","SABD0002000014","AAV2.0.0.13","3.0.3.1703","PSt7-10","180509-002","9/13/2019 10:46:52 AM","0000-00","0","no battery","V"
"06/11/2023","11:32:18","9","default","547630319","OXY_CH9","36.342","min","169.651","μmol/L","Humid","23.051","deg","128696","µV","26.689","°C","1016.000","hPa","35.9","pmil","0","55.690","deg","20.000","°C","100.000","%a.s.","22.400","deg","20.000","°C","962.000","hPa","0.861","-0.02617","0.00035","0","0","13.56","Humid","35.35","0","78.50","280712.45","SABD0002000014","AAV2.0.0.13","3.0.3.1703","PSt7-10","180509-002","9/13/2019 10:46:52 AM","0000-00","0","no battery","V"
"06/11/2023","11:32:19","9","default","547630319","OXY_CH9","36.359","min","169.694","μmol/L","Humid","23.048","deg","128686","µV","26.689","°C","1016.000","hPa","35.9","pmil","0","55.690","deg","20.000","°C","100.000","%a.s.","22.400","deg","20.000","°C","962.000","hPa","0.861","-0.02617","0.00035","0","0","13.56","Humid","35.35","0","78.50","280703.87","SABD0002000014","AAV2.0.0.13","3.0.3.1703","PSt7-10","180509-002","9/13/2019 10:46:52 AM","0000-00","0","no battery","V"
"06/11/2023","11:32:20","9","default","547630319","OXY_CH9","36.375","min","169.665","μmol/L","Humid","23.050","deg","128679","µV","26.689","°C","1016.000","hPa","35.9","pmil","0","55.690","deg","20.000","°C","100.000","%a.s.","22.400","deg","20.000","°C","962.000","hPa","0.861","-0.02617","0.00035","0","0","13.56","Humid","35.35","0","78.50","280703.81","SABD0002000014","AAV2.0.0.13","3.0.3.1703","PSt7-10","180509-002","9/13/2019 10:46:52 AM","0000-00","0","no battery","V"
"06/11/2023","11:32:21","9","default","547630319","OXY_CH9","36.392","min","169.782","μmol/L","Humid","23.044","deg","128665","µV","26.683","°C","1016.000","hPa","35.9","pmil","0","55.690","deg","20.000","°C","100.000","%a.s.","22.400","deg","20.000","°C","962.000","hPa","0.861","-0.02617","0.00035","0","0","13.56","Humid","35.35","0","78.50","280711.34","SABD0002000014","AAV2.0.0.13","3.0.3.1703","PSt7-10","180509-002","9/13/2019 10:46:52 AM","0000-00","0","no battery","V"
"06/11/2023","11:32:22","9","default","547630319","OXY_CH9","36.408","min","169.794","μmol/L","Humid","23.041","deg","128652","µV","26.689","°C","1016.000","hPa","35.9","pmil","0","55.690","deg","20.000","°C","100.000","%a.s.","22.400","deg","20.000","°C","962.000","hPa","0.861","-0.02617","0.00035","0","0","13.56","Humid","35.35","0","78.50","280707.43","SABD0002000014","AAV2.0.0.13","3.0.3.1703","PSt7-10","180509-002","9/13/2019 10:46:52 AM","0000-00","0","no battery","V"
"06/11/2023","11:32:23","9","default","547630319","OXY_CH9","36.425","min","169.823","μmol/L","Humid","23.039","deg","128642","µV","26.689","°C","1016.000","hPa","35.9","pmil","0","55.690","deg","20.000","°C","100.000","%a.s.","22.400","deg","20.000","°C","962.000","hPa","0.861","-0.02617","0.00035","0","0","13.56","Humid","35.35","0","78.50","280693.56","SABD0002000014","AAV2.0.0.13","3.0.3.1703","PSt7-10","180509-002","9/13/2019 10:46:52 AM","0000-00","0","no battery","V"
"06/11/2023","11:32:24","9","default","547630319","OXY_CH9","36.441","min","169.796","μmol/L","Humid","23.043","deg","128634","µV","26.683","°C","1016.000","hPa","35.9","pmil","0","55.690","deg","20.000","°C","100.000","%a.s.","22.400","deg","20.000","°C","962.000","hPa","0.861","-0.02617","0.00035","0","0","13.56","Humid","35.35","0","78.50","280702.29","SABD0002000014","AAV2.0.0.13","3.0.3.1703","PSt7-10","180509-002","9/13/2019 10:46:52 AM","0000-00","0","no battery","V"
"06/11/2023","11:32:25","9","default","547630319","OXY_CH9","36.458","min","169.811","μmol/L","Humid","23.042","deg","128628","µV","26.683","°C","1016.000","hPa","35.9","pmil","0","55.690","deg","20.000","°C","100.000","%a.s.","22.400","deg","20.000","°C","962.000","hPa","0.861","-0.02617","0.00035","0","0","13.56","Humid","35.35","0","78.50","280701.23","SABD0002000014","AAV2.0.0.13","3.0.3.1703","PSt7-10","180509-002","9/13/2019 10:46:52 AM","0000-00","0","no battery","V"
"06/11/2023","11:32:26","9","default","547630319","OXY_CH9","36.475","min","169.852","μmol/L","Humid","23.037","deg","128614","µV","26.689","°C","1016.000","hPa","35.9","pmil","0","55.690","deg","20.000","°C","100.000","%a.s.","22.400","deg","20.000","°C","962.000","hPa","0.861","-0.02617","0.00035","0","0","13.56","Humid","35.35","0","78.50","280688.76","SABD0002000014","AAV2.0.0.13","3.0.3.1703","PSt7-10","180509-002","9/13/2019 10:46:52 AM","0000-00","0","no battery","V"
"06/11/2023","11:32:27","9","default","547630319","OXY_CH9","36.492","min","169.852","μmol/L","Humid","23.037","deg","128603","µV","26.689","°C","1016.000","hPa","35.9","pmil","0","55.690","deg","20.000","°C","100.000","%a.s.","22.400","deg","20.000","°C","962.000","hPa","0.861","-0.02617","0.00035","0","0","13.56","Humid","35.35","0","78.50","280699.51","SABD0002000014","AAV2.0.0.13","3.0.3.1703","PSt7-10","180509-002","9/13/2019 10:46:52 AM","0000-00","0","no battery","V"
"06/11/2023","11:32:28","9","default","547630319","OXY_CH9","36.509","min","169.926","μmol/L","Humid","23.034","deg","128603","µV","26.683","°C","1016.000","hPa","35.9","pmil","0","55.690","deg","20.000","°C","100.000","%a.s.","22.400","deg","20.000","°C","962.000","hPa","0.861","-0.02617","0.00035","0","0","13.56","Humid","35.35","0","78.50","280697.87","SABD0002000014","AAV2.0.0.13","3.0.3.1703","PSt7-10","180509-002","9/13/2019 10:46:52 AM","0000-00","0","no battery","V"
"06/11/2023","11:32:29","9","default","547630319","OXY_CH9","36.525","min","169.926","μmol/L","Humid","23.034","deg","128587","µV","26.683","°C","1016.000","hPa","35.9","pmil","0","55.690","deg","20.000","°C","100.000","%a.s.","22.400","deg","20.000","°C","962.000","hPa","0.861","-0.02617","0.00035","0","0","13.56","Humid","35.35","0","78.50","280693.75","SABD0002000014","AAV2.0.0.13","3.0.3.1703","PSt7-10","180509-002","9/13/2019 10:46:52 AM","0000-00","0","no battery","V"
"06/11/2023","11:32:30","9","default","547630319","OXY_CH9","36.542","min","169.936","μmol/L","Humid","23.029","deg","128581","µV","26.695","°C","1016.000","hPa","35.9","pmil","0","55.690","deg","20.000","°C","100.000","%a.s.","22.400","deg","20.000","°C","962.000","hPa","0.861","-0.02617","0.00035","0","0","13.56","Humid","35.35","0","78.50","280711.13","SABD0002000014","AAV2.0.0.13","3.0.3.1703","PSt7-10","180509-002","9/13/2019 10:46:52 AM","0000-00","0","no battery","V"
"06/11/2023","11:32:31","9","default","547630319","OXY_CH9","36.558","min","169.952","μmol/L","Humid","23.030","deg","128571","µV","26.689","°C","1016.000","hPa","35.9","pmil","0","55.690","deg","20.000","°C","100.000","%a.s.","22.400","deg","20.000","°C","962.000","hPa","0.861","-0.02617","0.00035","0","0","13.56","Humid","35.35","0","78.50","280707.05","SABD0002000014","AAV2.0.0.13","3.0.3.1703","PSt7-10","180509-002","9/13/2019 10:46:52 AM","0000-00","0","no battery","V"
"06/11/2023","11:32:32","9","default","547630319","OXY_CH9","36.575","min","169.938","μmol/L","Humid","23.031","deg","128556","µV","26.689","°C","1016.000","hPa","35.9","pmil","0","55.690","deg","20.000","°C","100.000","%a.s.","22.400","deg","20.000","°C","962.000","hPa","0.861","-0.02617","0.00035","0","0","13.56","Humid","35.35","0","78.50","280702.27","SABD0002000014","AAV2.0.0.13","3.0.3.1703","PSt7-10","180509-002","9/13/2019 10:46:52 AM","0000-00","0","no battery","V"
"06/11/2023","11:32:33","9","default","547630319","OXY_CH9","36.592","min","170.026","μmol/L","Humid","23.027","deg","128556","µV","26.683","°C","1016.000","hPa","35.9","pmil","0","55.690","deg","20.000","°C","100.000","%a.s.","22.400","deg","20.000","°C","962.000","hPa","0.861","-0.02617","0.00035","0","0","13.56","Humid","35.35","0","78.50","280705.46","SABD0002000014","AAV2.0.0.13","3.0.3.1703","PSt7-10","180509-002","9/13/2019 10:46:52 AM","0000-00","0","no battery","V"
"06/11/2023","11:32:34","9","default","547630319","OXY_CH9","36.608","min","169.952","μmol/L","Humid","23.030","deg","128541","µV","26.689","°C","1016.000","hPa","35.9","pmil","0","55.690","deg","20.000","°C","100.000","%a.s.","22.400","deg","20.000","°C","962.000","hPa","0.861","-0.02617","0.00035","0","0","13.56","Humid","35.35","0","78.50","280702.66","SABD0002000014","AAV2.0.0.13","3.0.3.1703","PSt7-10","180509-002","9/13/2019 10:46:52 AM","0000-00","0","no battery","V"
"06/11/2023","11:32:35","9","default","547630319","OXY_CH9","36.625","min","169.993","μmol/L","Humid","23.025","deg","128535","µV","26.695","°C","1016.000","hPa","35.9","pmil","0","55.690","deg","20.000","°C","100.000","%a.s.","22.400","deg","20.000","°C","962.000","hPa","0.861","-0.02617","0.00035","0","0","13.56","Humid","35.35","0","78.50","280697.09","SABD0002000014","AAV2.0.0.13","3.0.3.1703","PSt7-10","180509-002","9/13/2019 10:46:52 AM","0000-00","0","no battery","V"
"06/11/2023","11:32:36","9","default","547630319","OXY_CH9","36.642","min","169.993","μmol/L","Humid","23.025","deg","128523","µV","26.695","°C","1016.000","hPa","35.9","pmil","0","55.690","deg","20.000","°C","100.000","%a.s.","22.400","deg","20.000","°C","962.000","hPa","0.861","-0.02617","0.00035","0","0","13.56","Humid","35.35","0","78.50","280698.40","SABD0002000014","AAV2.0.0.13","3.0.3.1703","PSt7-10","180509-002","9/13/2019 10:46:52 AM","0000-00","0","no battery","V"
"06/11/2023","11:32:37","9","default","547630319","OXY_CH9","36.658","min","170.053","μmol/L","Humid","23.023","deg","128514","µV","26.689","°C","1016.000","hPa","35.9","pmil","0","55.690","deg","20.000","°C","100.000","%a.s.","22.400","deg","20.000","°C","962.000","hPa","0.861","-0.02617","0.00035","0","0","13.56","Humid","35.35","0","78.50","280692.20","SABD0002000014","AAV2.0.0.13","3.0.3.1703","PSt7-10","180509-002","9/13/2019 10:46:52 AM","0000-00","0","no battery","V"
"06/11/2023","11:32:38","9","default","547630319","OXY_CH9","36.675","min","170.082","μmol/L","Humid","23.021","deg","128509","µV","26.689","°C","1016.000","hPa","35.9","pmil","0","55.690","deg","20.000","°C","100.000","%a.s.","22.400","deg","20.000","°C","962.000","hPa","0.861","-0.02617","0.00035","0","0","13.56","Humid","35.35","0","78.50","280700.87","SABD0002000014","AAV2.0.0.13","3.0.3.1703","PSt7-10","180509-002","9/13/2019 10:46:52 AM","0000-00","0","no battery","V"
"06/11/2023","11:32:39","9","default","547630319","OXY_CH9","36.692","min","170.125","μmol/L","Humid","23.018","deg","128491","µV","26.689","°C","1016.000","hPa","35.9","pmil","0","55.690","deg","20.000","°C","100.000","%a.s.","22.400","deg","20.000","°C","962.000","hPa","0.861","-0.02617","0.00035","0","0","13.56","Humid","35.35","0","78.50","280694.73","SABD0002000014","AAV2.0.0.13","3.0.3.1703","PSt7-10","180509-002","9/13/2019 10:46:52 AM","0000-00","0","no battery","V"
"06/11/2023","11:32:40","9","default","547630319","OXY_CH9","36.708","min","170.098","μmol/L","Humid","23.022","deg","128492","µV","26.683","°C","1016.000","hPa","35.9","pmil","0","55.690","deg","20.000","°C","100.000","%a.s.","22.400","deg","20.000","°C","962.000","hPa","0.861","-0.02617","0.00035","0","0","13.56","Humid","35.35","0","78.50","280690.93","SABD0002000014","AAV2.0.0.13","3.0.3.1703","PSt7-10","180509-002","9/13/2019 10:46:52 AM","0000-00","0","no battery","V"
"06/11/2023","11:32:41","9","default","547630319","OXY_CH9","36.725","min","170.154","μmol/L","Humid","23.016","deg","128478","µV","26.689","°C","1016.000","hPa","35.9","pmil","0","55.690","deg","20.000","°C","100.000","%a.s.","22.400","deg","20.000","°C","962.000","hPa","0.861","-0.02617","0.00035","0","0","13.56","Humid","35.35","0","78.50","280696.61","SABD0002000014","AAV2.0.0.13","3.0.3.1703","PSt7-10","180509-002","9/13/2019 10:46:52 AM","0000-00","0","no battery","V"
"06/11/2023","11:32:42","9","default","547630319","OXY_CH9","36.742","min","170.182","μmol/L","Humid","23.014","deg","128476","µV","26.689","°C","1016.000","hPa","35.9","pmil","0","55.690","deg","20.000","°C","100.000","%a.s.","22.400","deg","20.000","°C","962.000","hPa","0.861","-0.02617","0.00035","0","0","13.56","Humid","35.35","0","78.50","280682.97","SABD0002000014","AAV2.0.0.13","3.0.3.1703","PSt7-10","180509-002","9/13/2019 10:46:52 AM","0000-00","0","no battery","V"
"06/11/2023","11:32:43","9","default","547630319","OXY_CH9","36.758","min","170.209","μmol/L","Humid","23.010","deg","128462","µV","26.695","°C","1016.000","hPa","35.9","pmil","0","55.690","deg","20.000","°C","100.000","%a.s.","22.400","deg","20.000","°C","962.000","hPa","0.861","-0.02617","0.00035","0","0","13.56","Humid","35.35","0","78.50","280693.57","SABD0002000014","AAV2.0.0.13","3.0.3.1703","PSt7-10","180509-002","9/13/2019 10:46:52 AM","0000-00","0","no battery","V"
"06/11/2023","11:32:44","9","default","547630319","OXY_CH9","36.775","min","170.213","μmol/L","Humid","23.014","deg","128462","µV","26.683","°C","1016.000","hPa","35.9","pmil","0","55.690","deg","20.000","°C","100.000","%a.s.","22.400","deg","20.000","°C","962.000","hPa","0.861","-0.02617","0.00035","0","0","13.56","Humid","35.35","0","78.50","280690.97","SABD0002000014","AAV2.0.0.13","3.0.3.1703","PSt7-10","180509-002","9/13/2019 10:46:52 AM","0000-00","0","no battery","V"
"06/11/2023","11:32:45","9","default","547630319","OXY_CH9","36.791","min","170.240","μmol/L","Humid","23.010","deg","128452","µV","26.689","°C","1016.000","hPa","35.9","pmil","0","55.690","deg","20.000","°C","100.000","%a.s.","22.400","deg","20.000","°C","962.000","hPa","0.861","-0.02617","0.00035","0","0","13.56","Humid","35.35","0","78.50","280704.93","SABD0002000014","AAV2.0.0.13","3.0.3.1703","PSt7-10","180509-002","9/13/2019 10:46:52 AM","0000-00","0","no battery","V"
"06/11/2023","11:32:46","9","default","547630319","OXY_CH9","36.808","min","170.180","μmol/L","Humid","23.012","deg","128436","µV","26.695","°C","1016.000","hPa","35.9","pmil","0","55.690","deg","20.000","°C","100.000","%a.s.","22.400","deg","20.000","°C","962.000","hPa","0.861","-0.02617","0.00035","0","0","13.56","Humid","35.35","0","78.50","280695.71","SABD0002000014","AAV2.0.0.13","3.0.3.1703","PSt7-10","180509-002","9/13/2019 10:46:52 AM","0000-00","0","no battery","V"
"06/11/2023","11:32:47","9","default","547630319","OXY_CH9","36.825","min","170.252","μmol/L","Humid","23.007","deg","128433","µV","26.695","°C","1016.000","hPa","35.9","pmil","0","55.690","deg","20.000","°C","100.000","%a.s.","22.400","deg","20.000","°C","962.000","hPa","0.861","-0.02617","0.00035","0","0","13.56","Humid","35.35","0","78.50","280697.64","SABD0002000014","AAV2.0.0.13","3.0.3.1703","PSt7-10","180509-002","9/13/2019 10:46:52 AM","0000-00","0","no battery","V"
"06/11/2023","11:32:48","9","default","547630319","OXY_CH9","36.841","min","170.269","μmol/L","Humid","23.008","deg","128427","µV","26.689","°C","1016.000","hPa","35.9","pmil","0","55.690","deg","20.000","°C","100.000","%a.s.","22.400","deg","20.000","°C","962.000","hPa","0.861","-0.02617","0.00035","0","0","13.56","Humid","35.35","0","78.50","280681.99","SABD0002000014","AAV2.0.0.13","3.0.3.1703","PSt7-10","180509-002","9/13/2019 10:46:52 AM","0000-00","0","no battery","V"
"06/11/2023","11:32:49","9","default","547630319","OXY_CH9","36.859","min","170.343","μmol/L","Humid","23.005","deg","128409","µV","26.683","°C","1016.000","hPa","35.9","pmil","0","55.690","deg","20.000","°C","100.000","%a.s.","22.400","deg","20.000","°C","962.000","hPa","0.861","-0.02617","0.00035","0","0","13.56","Humid","35.35","0","78.50","280685.89","SABD0002000014","AAV2.0.0.13","3.0.3.1703","PSt7-10","180509-002","9/13/2019 10:46:52 AM","0000-00","0","no battery","V"
"06/11/2023","11:32:50","9","default","547630319","OXY_CH9","36.875","min","170.343","μmol/L","Humid","23.005","deg","128399","µV","26.683","°C","1016.000","hPa","35.9","pmil","0","55.690","deg","20.000","°C","100.000","%a.s.","22.400","deg","20.000","°C","962.000","hPa","0.861","-0.02617","0.00035","0","0","13.56","Humid","35.35","0","78.50","280685.35","SABD0002000014","AAV2.0.0.13","3.0.3.1703","PSt7-10","180509-002","9/13/2019 10:46:52 AM","0000-00","0","no battery","V"
"06/11/2023","11:32:51","9","default","547630319","OXY_CH9","36.892","min","170.384","μmol/L","Humid","23.000","deg","128394","µV","26.689","°C","1016.000","hPa","35.9","pmil","0","55.690","deg","20.000","°C","100.000","%a.s.","22.400","deg","20.000","°C","962.000","hPa","0.861","-0.02617","0.00035","0","0","13.56","Humid","35.35","0","78.50","280691.86","SABD0002000014","AAV2.0.0.13","3.0.3.1703","PSt7-10","180509-002","9/13/2019 10:46:52 AM","0000-00","0","no battery","V"
"06/11/2023","11:32:52","9","default","547630319","OXY_CH9","36.909","min","170.326","μmol/L","Humid","23.004","deg","128385","µV","26.689","°C","1016.000","hPa","35.9","pmil","0","55.690","deg","20.000","°C","100.000","%a.s.","22.400","deg","20.000","°C","962.000","hPa","0.861","-0.02617","0.00035","0","0","13.56","Humid","35.35","0","78.50","280678.32","SABD0002000014","AAV2.0.0.13","3.0.3.1703","PSt7-10","180509-002","9/13/2019 10:46:52 AM","0000-00","0","no battery","V"
"06/11/2023","11:32:53","9","default","547630319","OXY_CH9","36.925","min","170.442","μmol/L","Humid","22.996","deg","128375","µV","26.689","°C","1016.000","hPa","35.9","pmil","0","55.690","deg","20.000","°C","100.000","%a.s.","22.400","deg","20.000","°C","962.000","hPa","0.861","-0.02617","0.00035","0","0","13.56","Humid","35.35","0","78.50","280673.12","SABD0002000014","AAV2.0.0.13","3.0.3.1703","PSt7-10","180509-002","9/13/2019 10:46:52 AM","0000-00","0","no battery","V"
"06/11/2023","11:32:54","9","default","547630319","OXY_CH9","36.942","min","170.442","μmol/L","Humid","22.996","deg","128362","µV","26.689","°C","1016.000","hPa","35.9","pmil","0","55.690","deg","20.000","°C","100.000","%a.s.","22.400","deg","20.000","°C","962.000","hPa","0.861","-0.02617","0.00035","0","0","13.56","Humid","35.35","0","78.50","280689.63","SABD0002000014","AAV2.0.0.13","3.0.3.1703","PSt7-10","180509-002","9/13/2019 10:46:52 AM","0000-00","0","no battery","V"
"06/11/2023","11:32:55","9","default","547630319","OXY_CH9","36.958","min","170.367","μmol/L","Humid","22.999","deg","128356","µV","26.695","°C","1016.000","hPa","35.9","pmil","0","55.690","deg","20.000","°C","100.000","%a.s.","22.400","deg","20.000","°C","962.000","hPa","0.861","-0.02617","0.00035","0","0","13.56","Humid","35.35","0","78.50","280689.88","SABD0002000014","AAV2.0.0.13","3.0.3.1703","PSt7-10","180509-002","9/13/2019 10:46:52 AM","0000-00","0","no battery","V"
"06/11/2023","11:32:56","9","default","547630319","OXY_CH9","36.975","min","170.485","μmol/L","Humid","22.993","deg","128349","µV","26.689","°C","1016.000","hPa","35.9","pmil","0","55.690","deg","20.000","°C","100.000","%a.s.","22.400","deg","20.000","°C","962.000","hPa","0.861","-0.02617","0.00035","0","0","13.56","Humid","35.35","0","78.50","280678.07","SABD0002000014","AAV2.0.0.13","3.0.3.1703","PSt7-10","180509-002","9/13/2019 10:46:52 AM","0000-00","0","no battery","V"
"06/11/2023","11:32:57","9","default","547630319","OXY_CH9","36.991","min","170.456","μmol/L","Humid","22.995","deg","128342","µV","26.689","°C","1016.000","hPa","35.9","pmil","0","55.690","deg","20.000","°C","100.000","%a.s.","22.400","deg","20.000","°C","962.000","hPa","0.861","-0.02617","0.00035","0","0","13.56","Humid","35.35","0","78.50","280686.44","SABD0002000014","AAV2.0.0.13","3.0.3.1703","PSt7-10","180509-002","9/13/2019 10:46:52 AM","0000-00","0","no battery","V"
"06/11/2023","11:32:58","9","default","547630319","OXY_CH9","37.008","min","170.487","μmol/L","Humid","22.995","deg","128327","µV","26.683","°C","1016.000","hPa","35.9","pmil","0","55.690","deg","20.000","°C","100.000","%a.s.","22.400","deg","20.000","°C","962.000","hPa","0.861","-0.02617","0.00035","0","0","13.56","Humid","35.35","0","78.50","280693.82","SABD0002000014","AAV2.0.0.13","3.0.3.1703","PSt7-10","180509-002","9/13/2019 10:46:52 AM","0000-00","0","no battery","V"
"06/11/2023","11:32:59","9","default","547630319","OXY_CH9","37.025","min","170.483","μmol/L","Humid","22.991","deg","128323","µV","26.695","°C","1016.000","hPa","35.9","pmil","0","55.690","deg","20.000","°C","100.000","%a.s.","22.400","deg","20.000","°C","962.000","hPa","0.861","-0.02617","0.00035","0","0","13.56","Humid","35.35","0","78.50","280687.68","SABD0002000014","AAV2.0.0.13","3.0.3.1703","PSt7-10","180509-002","9/13/2019 10:46:52 AM","0000-00","0","no battery","V"
"06/11/2023","11:33:00","9","default","547630319","OXY_CH9","37.041","min","170.497","μmol/L","Humid","22.990","deg","128304","µV","26.695","°C","1016.000","hPa","35.9","pmil","0","55.690","deg","20.000","°C","100.000","%a.s.","22.400","deg","20.000","°C","962.000","hPa","0.861","-0.02617","0.00035","0","0","13.56","Humid","35.35","0","78.50","280690.84","SABD0002000014","AAV2.0.0.13","3.0.3.1703","PSt7-10","180509-002","9/13/2019 10:46:52 AM","0000-00","0","no battery","V"
"06/11/2023","11:33:01","9","default","547630319","OXY_CH9","37.058","min","170.557","μmol/L","Humid","22.988","deg","128299","µV","26.689","°C","1016.000","hPa","35.9","pmil","0","55.690","deg","20.000","°C","100.000","%a.s.","22.400","deg","20.000","°C","962.000","hPa","0.861","-0.02617","0.00035","0","0","13.56","Humid","35.35","0","78.50","280702.52","SABD0002000014","AAV2.0.0.13","3.0.3.1703","PSt7-10","180509-002","9/13/2019 10:46:52 AM","0000-00","0","no battery","V"
"06/11/2023","11:33:02","9","default","547630319","OXY_CH9","37.075","min","170.602","μmol/L","Humid","22.987","deg","128287","µV","26.683","°C","1016.000","hPa","35.9","pmil","0","55.690","deg","20.000","°C","100.000","%a.s.","22.400","deg","20.000","°C","962.000","hPa","0.861","-0.02617","0.00035","0","0","13.56","Humid","35.35","0","78.50","280685.35","SABD0002000014","AAV2.0.0.13","3.0.3.1703","PSt7-10","180509-002","9/13/2019 10:46:52 AM","0000-00","0","no battery","V"
"06/11/2023","11:33:03","9","default","547630319","OXY_CH9","37.092","min","170.571","μmol/L","Humid","22.987","deg","128286","µV","26.689","°C","1016.000","hPa","35.9","pmil","0","55.690","deg","20.000","°C","100.000","%a.s.","22.400","deg","20.000","°C","962.000","hPa","0.861","-0.02617","0.00035","0","0","13.56","Humid","35.35","0","78.50","280686.28","SABD0002000014","AAV2.0.0.13","3.0.3.1703","PSt7-10","180509-002","9/13/2019 10:46:52 AM","0000-00","0","no battery","V"
"06/11/2023","11:33:04","9","default","547630319","OXY_CH9","37.108","min","170.617","μmol/L","Humid","22.986","deg","128269","µV","26.683","°C","1016.000","hPa","35.9","pmil","0","55.690","deg","20.000","°C","100.000","%a.s.","22.400","deg","20.000","°C","962.000","hPa","0.861","-0.02617","0.00035","0","0","13.56","Humid","35.35","0","78.50","280679.92","SABD0002000014","AAV2.0.0.13","3.0.3.1703","PSt7-10","180509-002","9/13/2019 10:46:52 AM","0000-00","0","no battery","V"
"06/11/2023","11:33:05","9","default","547630319","OXY_CH9","37.125","min","170.672","μmol/L","Humid","22.980","deg","128263","µV","26.689","°C","1016.000","hPa","35.9","pmil","0","55.690","deg","20.000","°C","100.000","%a.s.","22.400","deg","20.000","°C","962.000","hPa","0.861","-0.02617","0.00035","0","0","13.56","Humid","35.35","0","78.50","280675.02","SABD0002000014","AAV2.0.0.13","3.0.3.1703","PSt7-10","180509-002","9/13/2019 10:46:52 AM","0000-00","0","no battery","V"
"06/11/2023","11:33:06","9","default","547630319","OXY_CH9","37.142","min","170.569","μmol/L","Humid","22.985","deg","128260","µV","26.695","°C","1016.000","hPa","35.9","pmil","0","55.690","deg","20.000","°C","100.000","%a.s.","22.400","deg","20.000","°C","962.000","hPa","0.861","-0.02617","0.00035","0","0","13.56","Humid","35.35","0","78.50","280681.74","SABD0002000014","AAV2.0.0.13","3.0.3.1703","PSt7-10","180509-002","9/13/2019 10:46:52 AM","0000-00","0","no battery","V"
"06/11/2023","11:33:07","9","default","547630319","OXY_CH9","37.158","min","170.613","μmol/L","Humid","22.982","deg","128237","µV","26.695","°C","1016.000","hPa","35.9","pmil","0","55.690","deg","20.000","°C","100.000","%a.s.","22.400","deg","20.000","°C","962.000","hPa","0.861","-0.02617","0.00035","0","0","13.56","Humid","35.35","0","78.50","280677.12","SABD0002000014","AAV2.0.0.13","3.0.3.1703","PSt7-10","180509-002","9/13/2019 10:46:52 AM","0000-00","0","no battery","V"
"06/11/2023","11:33:08","9","default","547630319","OXY_CH9","37.175","min","170.627","μmol/L","Humid","22.981","deg","128237","µV","26.695","°C","1016.000","hPa","35.9","pmil","0","55.690","deg","20.000","°C","100.000","%a.s.","22.400","deg","20.000","°C","962.000","hPa","0.861","-0.02617","0.00035","0","0","13.56","Humid","35.35","0","78.50","280674.38","SABD0002000014","AAV2.0.0.13","3.0.3.1703","PSt7-10","180509-002","9/13/2019 10:46:52 AM","0000-00","0","no battery","V"
"06/11/2023","11:33:09","9","default","547630319","OXY_CH9","37.192","min","170.745","μmol/L","Humid","22.975","deg","128230","µV","26.689","°C","1016.000","hPa","35.9","pmil","0","55.690","deg","20.000","°C","100.000","%a.s.","22.400","deg","20.000","°C","962.000","hPa","0.861","-0.02617","0.00035","0","0","13.56","Humid","35.35","0","78.50","280679.98","SABD0002000014","AAV2.0.0.13","3.0.3.1703","PSt7-10","180509-002","9/13/2019 10:46:52 AM","0000-00","0","no battery","V"
"06/11/2023","11:33:10","9","default","547630319","OXY_CH9","37.208","min","170.759","μmol/L","Humid","22.974","deg","128213","µV","26.689","°C","1016.000","hPa","35.9","pmil","0","55.690","deg","20.000","°C","100.000","%a.s.","22.400","deg","20.000","°C","962.000","hPa","0.861","-0.02617","0.00035","0","0","13.56","Humid","35.35","0","78.50","280678.23","SABD0002000014","AAV2.0.0.13","3.0.3.1703","PSt7-10","180509-002","9/13/2019 10:46:52 AM","0000-00","0","no battery","V"
"06/11/2023","11:33:11","9","default","547630319","OXY_CH9","37.225","min","170.759","μmol/L","Humid","22.974","deg","128205","µV","26.689","°C","1016.000","hPa","35.9","pmil","0","55.690","deg","20.000","°C","100.000","%a.s.","22.400","deg","20.000","°C","962.000","hPa","0.861","-0.02617","0.00035","0","0","13.56","Humid","35.35","0","78.50","280675.66","SABD0002000014","AAV2.0.0.13","3.0.3.1703","PSt7-10","180509-002","9/13/2019 10:46:52 AM","0000-00","0","no battery","V"
"06/11/2023","11:33:12","9","default","547630319","OXY_CH9","37.242","min","170.757","μmol/L","Humid","22.972","deg","128205","µV","26.695","°C","1016.000","hPa","35.9","pmil","0","55.690","deg","20.000","°C","100.000","%a.s.","22.400","deg","20.000","°C","962.000","hPa","0.861","-0.02617","0.00035","0","0","13.56","Humid","35.35","0","78.50","280682.75","SABD0002000014","AAV2.0.0.13","3.0.3.1703","PSt7-10","180509-002","9/13/2019 10:46:52 AM","0000-00","0","no battery","V"
"06/11/2023","11:33:13","9","default","547630319","OXY_CH9","37.258","min","170.757","μmol/L","Humid","22.972","deg","128193","µV","26.695","°C","1016.000","hPa","35.9","pmil","0","55.690","deg","20.000","°C","100.000","%a.s.","22.400","deg","20.000","°C","962.000","hPa","0.861","-0.02617","0.00035","0","0","13.56","Humid","35.35","0","78.50","280669.28","SABD0002000014","AAV2.0.0.13","3.0.3.1703","PSt7-10","180509-002","9/13/2019 10:46:52 AM","0000-00","0","no battery","V"
"06/11/2023","11:33:14","9","default","547630319","OXY_CH9","37.275","min","170.786","μmol/L","Humid","22.970","deg","128185","µV","26.695","°C","1016.000","hPa","35.9","pmil","0","55.690","deg","20.000","°C","100.000","%a.s.","22.400","deg","20.000","°C","962.000","hPa","0.861","-0.02617","0.00035","0","0","13.56","Humid","35.35","0","78.50","280676.91","SABD0002000014","AAV2.0.0.13","3.0.3.1703","PSt7-10","180509-002","9/13/2019 10:46:52 AM","0000-00","0","no battery","V"
"06/11/2023","11:33:15","9","default","547630319","OXY_CH9","37.292","min","170.774","μmol/L","Humid","22.973","deg","128181","µV","26.689","°C","1016.000","hPa","35.9","pmil","0","55.690","deg","20.000","°C","100.000","%a.s.","22.400","deg","20.000","°C","962.000","hPa","0.861","-0.02617","0.00035","0","0","13.56","Humid","35.35","0","78.50","280681.05","SABD0002000014","AAV2.0.0.13","3.0.3.1703","PSt7-10","180509-002","9/13/2019 10:46:52 AM","0000-00","0","no battery","V"
"06/11/2023","11:33:16","9","default","547630319","OXY_CH9","37.308","min","170.786","μmol/L","Humid","22.970","deg","128168","µV","26.695","°C","1016.000","hPa","35.9","pmil","0","55.690","deg","20.000","°C","100.000","%a.s.","22.400","deg","20.000","°C","962.000","hPa","0.861","-0.02617","0.00035","0","0","13.56","Humid","35.35","0","78.50","280680.64","SABD0002000014","AAV2.0.0.13","3.0.3.1703","PSt7-10","180509-002","9/13/2019 10:46:52 AM","0000-00","0","no battery","V"
"06/11/2023","11:33:17","9","default","547630319","OXY_CH9","37.325","min","170.862","μmol/L","Humid","22.969","deg","128154","µV","26.683","°C","1016.000","hPa","35.9","pmil","0","55.690","deg","20.000","°C","100.000","%a.s.","22.400","deg","20.000","°C","962.000","hPa","0.861","-0.02617","0.00035","0","0","13.56","Humid","35.35","0","78.50","280676.37","SABD0002000014","AAV2.0.0.13","3.0.3.1703","PSt7-10","180509-002","9/13/2019 10:46:52 AM","0000-00","0","no battery","V"
"06/11/2023","11:33:18","9","default","547630319","OXY_CH9","37.341","min","170.875","μmol/L","Humid","22.966","deg","128150","µV","26.689","°C","1016.000","hPa","35.9","pmil","0","55.690","deg","20.000","°C","100.000","%a.s.","22.400","deg","20.000","°C","962.000","hPa","0.861","-0.02617","0.00035","0","0","13.56","Humid","35.35","0","78.50","280673.16","SABD0002000014","AAV2.0.0.13","3.0.3.1703","PSt7-10","180509-002","9/13/2019 10:46:52 AM","0000-00","0","no battery","V"
"06/11/2023","11:33:19","9","default","547630319","OXY_CH9","37.358","min","170.889","μmol/L","Humid","22.965","deg","128139","µV","26.689","°C","1016.000","hPa","35.9","pmil","0","55.690","deg","20.000","°C","100.000","%a.s.","22.400","deg","20.000","°C","962.000","hPa","0.861","-0.02617","0.00035","0","0","13.56","Humid","35.35","0","78.50","280684.40","SABD0002000014","AAV2.0.0.13","3.0.3.1703","PSt7-10","180509-002","9/13/2019 10:46:52 AM","0000-00","0","no battery","V"
"06/11/2023","11:33:20","9","default","547630319","OXY_CH9","37.375","min","170.858","μmol/L","Humid","22.965","deg","128131","µV","26.695","°C","1016.000","hPa","35.9","pmil","0","55.690","deg","20.000","°C","100.000","%a.s.","22.400","deg","20.000","°C","962.000","hPa","0.861","-0.02617","0.00035","0","0","13.56","Humid","35.35","0","78.50","280680.46","SABD0002000014","AAV2.0.0.13","3.0.3.1703","PSt7-10","180509-002","9/13/2019 10:46:52 AM","0000-00","0","no battery","V"
"06/11/2023","11:33:21","9","default","547630319","OXY_CH9","37.391","min","170.916","μmol/L","Humid","22.961","deg","128117","µV","26.695","°C","1016.000","hPa","35.9","pmil","0","55.690","deg","20.000","°C","100.000","%a.s.","22.400","deg","20.000","°C","962.000","hPa","0.861","-0.02617","0.00035","0","0","13.56","Humid","35.35","0","78.50","280677.80","SABD0002000014","AAV2.0.0.13","3.0.3.1703","PSt7-10","180509-002","9/13/2019 10:46:52 AM","0000-00","0","no battery","V"
"06/11/2023","11:33:22","9","default","547630319","OXY_CH9","37.408","min","170.943","μmol/L","Humid","22.957","deg","128123","µV","26.701","°C","1016.000","hPa","35.9","pmil","0","55.690","deg","20.000","°C","100.000","%a.s.","22.400","deg","20.000","°C","962.000","hPa","0.861","-0.02617","0.00035","0","0","13.56","Humid","35.35","0","78.50","280684.68","SABD0002000014","AAV2.0.0.13","3.0.3.1703","PSt7-10","180509-002","9/13/2019 10:46:52 AM","0000-00","0","no battery","V"
"06/11/2023","11:33:23","9","default","547630319","OXY_CH9","37.425","min","171.019","μmol/L","Humid","22.956","deg","128109","µV","26.689","°C","1016.000","hPa","35.9","pmil","0","55.690","deg","20.000","°C","100.000","%a.s.","22.400","deg","20.000","°C","962.000","hPa","0.861","-0.02617","0.00035","0","0","13.56","Humid","35.35","0","78.50","280678.66","SABD0002000014","AAV2.0.0.13","3.0.3.1703","PSt7-10","180509-002","9/13/2019 10:46:52 AM","0000-00","0","no battery","V"
"06/11/2023","11:33:24","9","default","547630319","OXY_CH9","37.442","min","170.991","μmol/L","Humid","22.958","deg","128096","µV","26.689","°C","1016.000","hPa","35.9","pmil","0","55.690","deg","20.000","°C","100.000","%a.s.","22.400","deg","20.000","°C","962.000","hPa","0.861","-0.02617","0.00035","0","0","13.56","Humid","35.35","0","78.50","280681.83","SABD0002000014","AAV2.0.0.13","3.0.3.1703","PSt7-10","180509-002","9/13/2019 10:46:52 AM","0000-00","0","no battery","V"
"06/11/2023","11:33:25","9","default","547630319","OXY_CH9","37.458","min","171.019","μmol/L","Humid","22.956","deg","128094","µV","26.689","°C","1016.000","hPa","35.9","pmil","0","55.690","deg","20.000","°C","100.000","%a.s.","22.400","deg","20.000","°C","962.000","hPa","0.861","-0.02617","0.00035","0","0","13.56","Humid","35.35","0","78.50","280673.32","SABD0002000014","AAV2.0.0.13","3.0.3.1703","PSt7-10","180509-002","9/13/2019 10:46:52 AM","0000-00","0","no battery","V"
"06/11/2023","11:33:26","9","default","547630319","OXY_CH9","37.475","min","171.019","μmol/L","Humid","22.956","deg","128084","µV","26.689","°C","1016.000","hPa","35.9","pmil","0","55.690","deg","20.000","°C","100.000","%a.s.","22.400","deg","20.000","°C","962.000","hPa","0.861","-0.02617","0.00035","0","0","13.56","Humid","35.35","0","78.50","280677.13","SABD0002000014","AAV2.0.0.13","3.0.3.1703","PSt7-10","180509-002","9/13/2019 10:46:52 AM","0000-00","0","no battery","V"
"06/11/2023","11:33:27","9","default","547630319","OXY_CH9","37.492","min","171.032","μmol/L","Humid","22.953","deg","128075","µV","26.695","°C","1016.000","hPa","35.9","pmil","0","55.690","deg","20.000","°C","100.000","%a.s.","22.400","deg","20.000","°C","962.000","hPa","0.861","-0.02617","0.00035","0","0","13.56","Humid","35.35","0","78.50","280680.81","SABD0002000014","AAV2.0.0.13","3.0.3.1703","PSt7-10","180509-002","9/13/2019 10:46:52 AM","0000-00","0","no battery","V"
"06/11/2023","11:33:28","9","default","547630319","OXY_CH9","37.508","min","171.077","μmol/L","Humid","22.952","deg","128070","µV","26.689","°C","1016.000","hPa","35.9","pmil","0","55.690","deg","20.000","°C","100.000","%a.s.","22.400","deg","20.000","°C","962.000","hPa","0.861","-0.02617","0.00035","0","0","13.56","Humid","35.35","0","78.50","280681.84","SABD0002000014","AAV2.0.0.13","3.0.3.1703","PSt7-10","180509-002","9/13/2019 10:46:52 AM","0000-00","0","no battery","V"
"06/11/2023","11:33:29","9","default","547630319","OXY_CH9","37.525","min","171.106","μmol/L","Humid","22.950","deg","128066","µV","26.689","°C","1016.000","hPa","35.9","pmil","0","55.690","deg","20.000","°C","100.000","%a.s.","22.400","deg","20.000","°C","962.000","hPa","0.861","-0.02617","0.00035","0","0","13.56","Humid","35.35","0","78.50","280682.09","SABD0002000014","AAV2.0.0.13","3.0.3.1703","PSt7-10","180509-002","9/13/2019 10:46:52 AM","0000-00","0","no battery","V"
"06/11/2023","11:33:30","9","default","547630319","OXY_CH9","37.542","min","171.063","μmol/L","Humid","22.953","deg","128054","µV","26.689","°C","1016.000","hPa","35.9","pmil","0","55.690","deg","20.000","°C","100.000","%a.s.","22.400","deg","20.000","°C","962.000","hPa","0.861","-0.02617","0.00035","0","0","13.56","Humid","35.35","0","78.50","280680.90","SABD0002000014","AAV2.0.0.13","3.0.3.1703","PSt7-10","180509-002","9/13/2019 10:46:52 AM","0000-00","0","no battery","V"
"06/11/2023","11:33:31","9","default","547630319","OXY_CH9","37.558","min","171.090","μmol/L","Humid","22.949","deg","128036","µV","26.695","°C","1016.000","hPa","35.9","pmil","0","55.690","deg","20.000","°C","100.000","%a.s.","22.400","deg","20.000","°C","962.000","hPa","0.861","-0.02617","0.00035","0","0","13.56","Humid","35.35","0","78.50","280681.81","SABD0002000014","AAV2.0.0.13","3.0.3.1703","PSt7-10","180509-002","9/13/2019 10:46:52 AM","0000-00","0","no battery","V"
"06/11/2023","11:33:32","9","default","547630319","OXY_CH9","37.575","min","171.137","μmol/L","Humid","22.950","deg","128038","µV","26.683","°C","1016.000","hPa","35.9","pmil","0","55.690","deg","20.000","°C","100.000","%a.s.","22.400","deg","20.000","°C","962.000","hPa","0.861","-0.02617","0.00035","0","0","13.56","Humid","35.35","0","78.50","280670.83","SABD0002000014","AAV2.0.0.13","3.0.3.1703","PSt7-10","180509-002","9/13/2019 10:46:52 AM","0000-00","0","no battery","V"
"06/11/2023","11:33:33","9","default","547630319","OXY_CH9","37.592","min","171.090","μmol/L","Humid","22.949","deg","128023","µV","26.695","°C","1016.000","hPa","35.9","pmil","0","55.690","deg","20.000","°C","100.000","%a.s.","22.400","deg","20.000","°C","962.000","hPa","0.861","-0.02617","0.00035","0","0","13.56","Humid","35.35","0","78.50","280680.02","SABD0002000014","AAV2.0.0.13","3.0.3.1703","PSt7-10","180509-002","9/13/2019 10:46:52 AM","0000-00","0","no battery","V"
"06/11/2023","11:33:34","9","default","547630319","OXY_CH9","37.608","min","171.148","μmol/L","Humid","22.945","deg","128018","µV","26.695","°C","1016.000","hPa","35.9","pmil","0","55.690","deg","20.000","°C","100.000","%a.s.","22.400","deg","20.000","°C","962.000","hPa","0.861","-0.02617","0.00035","0","0","13.56","Humid","35.35","0","78.50","280689.35","SABD0002000014","AAV2.0.0.13","3.0.3.1703","PSt7-10","180509-002","9/13/2019 10:46:52 AM","0000-00","0","no battery","V"
"06/11/2023","11:33:35","9","default","547630319","OXY_CH9","37.625","min","171.220","μmol/L","Humid","22.940","deg","128000","µV","26.695","°C","1016.000","hPa","35.9","pmil","0","55.690","deg","20.000","°C","100.000","%a.s.","22.400","deg","20.000","°C","962.000","hPa","0.861","-0.02617","0.00035","0","0","13.56","Humid","35.35","0","78.50","280664.92","SABD0002000014","AAV2.0.0.13","3.0.3.1703","PSt7-10","180509-002","9/13/2019 10:46:52 AM","0000-00","0","no battery","V"
"06/11/2023","11:33:36","9","default","547630319","OXY_CH9","37.642","min","171.177","μmol/L","Humid","22.943","deg","127992","µV","26.695","°C","1016.000","hPa","35.9","pmil","0","55.690","deg","20.000","°C","100.000","%a.s.","22.400","deg","20.000","°C","962.000","hPa","0.861","-0.02617","0.00035","0","0","13.56","Humid","35.35","0","78.50","280669.37","SABD0002000014","AAV2.0.0.13","3.0.3.1703","PSt7-10","180509-002","9/13/2019 10:46:52 AM","0000-00","0","no battery","V"
"06/11/2023","11:33:37","9","default","547630319","OXY_CH9","37.658","min","171.193","μmol/L","Humid","22.944","deg","127985","µV","26.689","°C","1016.000","hPa","35.9","pmil","0","55.690","deg","20.000","°C","100.000","%a.s.","22.400","deg","20.000","°C","962.000","hPa","0.861","-0.02617","0.00035","0","0","13.56","Humid","35.35","0","78.50","280661.54","SABD0002000014","AAV2.0.0.13","3.0.3.1703","PSt7-10","180509-002","9/13/2019 10:46:52 AM","0000-00","0","no battery","V"
"06/11/2023","11:33:38","9","default","547630319","OXY_CH9","37.675","min","171.280","μmol/L","Humid","22.938","deg","127976","µV","26.689","°C","1016.000","hPa","35.9","pmil","0","55.690","deg","20.000","°C","100.000","%a.s.","22.400","deg","20.000","°C","962.000","hPa","0.861","-0.02617","0.00035","0","0","13.56","Humid","35.35","0","78.50","280659.90","SABD0002000014","AAV2.0.0.13","3.0.3.1703","PSt7-10","180509-002","9/13/2019 10:46:52 AM","0000-00","0","no battery","V"
"06/11/2023","11:33:39","9","default","547630319","OXY_CH9","37.692","min","171.293","μmol/L","Humid","22.935","deg","127969","µV","26.695","°C","1016.000","hPa","35.9","pmil","0","55.690","deg","20.000","°C","100.000","%a.s.","22.400","deg","20.000","°C","962.000","hPa","0.861","-0.02617","0.00035","0","0","13.56","Humid","35.35","0","78.50","280665.10","SABD0002000014","AAV2.0.0.13","3.0.3.1703","PSt7-10","180509-002","9/13/2019 10:46:52 AM","0000-00","0","no battery","V"
"06/11/2023","11:33:40","9","default","547630319","OXY_CH9","37.709","min","171.278","μmol/L","Humid","22.936","deg","127964","µV","26.695","°C","1016.000","hPa","35.9","pmil","0","55.690","deg","20.000","°C","100.000","%a.s.","22.400","deg","20.000","°C","962.000","hPa","0.861","-0.02617","0.00035","0","0","13.56","Humid","35.35","0","78.50","280679.42","SABD0002000014","AAV2.0.0.13","3.0.3.1703","PSt7-10","180509-002","9/13/2019 10:46:52 AM","0000-00","0","no battery","V"
"06/11/2023","11:33:41","9","default","547630319","OXY_CH9","37.725","min","171.309","μmol/L","Humid","22.936","deg","127949","µV","26.689","°C","1016.000","hPa","35.9","pmil","0","55.690","deg","20.000","°C","100.000","%a.s.","22.400","deg","20.000","°C","962.000","hPa","0.861","-0.02617","0.00035","0","0","13.56","Humid","35.35","0","78.50","280665.70","SABD0002000014","AAV2.0.0.13","3.0.3.1703","PSt7-10","180509-002","9/13/2019 10:46:52 AM","0000-00","0","no battery","V"
"06/11/2023","11:33:42","9","default","547630319","OXY_CH9","37.742","min","171.322","μmol/L","Humid","22.933","deg","127941","µV","26.695","°C","1016.000","hPa","35.9","pmil","0","55.690","deg","20.000","°C","100.000","%a.s.","22.400","deg","20.000","°C","962.000","hPa","0.861","-0.02617","0.00035","0","0","13.56","Humid","35.35","0","78.50","280677.01","SABD0002000014","AAV2.0.0.13","3.0.3.1703","PSt7-10","180509-002","9/13/2019 10:46:52 AM","0000-00","0","no battery","V"
"06/11/2023","11:33:43","9","default","547630319","OXY_CH9","37.758","min","171.324","μmol/L","Humid","22.935","deg","127933","µV","26.689","°C","1016.000","hPa","35.9","pmil","0","55.690","deg","20.000","°C","100.000","%a.s.","22.400","deg","20.000","°C","962.000","hPa","0.861","-0.02617","0.00035","0","0","13.56","Humid","35.35","0","78.50","280675.22","SABD0002000014","AAV2.0.0.13","3.0.3.1703","PSt7-10","180509-002","9/13/2019 10:46:52 AM","0000-00","0","no battery","V"
"06/11/2023","11:33:44","9","default","547630319","OXY_CH9","37.775","min","171.396","μmol/L","Humid","22.930","deg","127924","µV","26.689","°C","1016.000","hPa","35.9","pmil","0","55.690","deg","20.000","°C","100.000","%a.s.","22.400","deg","20.000","°C","962.000","hPa","0.861","-0.02617","0.00035","0","0","13.56","Humid","35.35","0","78.50","280678.30","SABD0002000014","AAV2.0.0.13","3.0.3.1703","PSt7-10","180509-002","9/13/2019 10:46:52 AM","0000-00","0","no battery","V"
"06/11/2023","11:33:45","9","default","547630319","OXY_CH9","37.792","min","171.380","μmol/L","Humid","22.929","deg","127910","µV","26.695","°C","1016.000","hPa","35.9","pmil","0","55.690","deg","20.000","°C","100.000","%a.s.","22.400","deg","20.000","°C","962.000","hPa","0.861","-0.02617","0.00035","0","0","13.56","Humid","35.35","0","78.50","280666.21","SABD0002000014","AAV2.0.0.13","3.0.3.1703","PSt7-10","180509-002","9/13/2019 10:46:52 AM","0000-00","0","no battery","V"
"06/11/2023","11:33:46","9","default","547630319","OXY_CH9","37.808","min","171.440","μmol/L","Humid","22.927","deg","127894","µV","26.689","°C","1016.000","hPa","35.9","pmil","0","55.690","deg","20.000","°C","100.000","%a.s.","22.400","deg","20.000","°C","962.000","hPa","0.861","-0.02617","0.00035","0","0","13.56","Humid","35.35","0","78.50","280664.89","SABD0002000014","AAV2.0.0.13","3.0.3.1703","PSt7-10","180509-002","9/13/2019 10:46:52 AM","0000-00","0","no battery","V"
"06/11/2023","11:33:47","9","default","547630319","OXY_CH9","37.825","min","171.440","μmol/L","Humid","22.927","deg","127896","µV","26.689","°C","1016.000","hPa","35.9","pmil","0","55.690","deg","20.000","°C","100.000","%a.s.","22.400","deg","20.000","°C","962.000","hPa","0.861","-0.02617","0.00035","0","0","13.56","Humid","35.35","0","78.50","280675.81","SABD0002000014","AAV2.0.0.13","3.0.3.1703","PSt7-10","180509-002","9/13/2019 10:46:52 AM","0000-00","0","no battery","V"
"06/11/2023","11:33:48","9","default","547630319","OXY_CH9","37.842","min","171.423","μmol/L","Humid","22.926","deg","127887","µV","26.695","°C","1016.000","hPa","35.9","pmil","0","55.690","deg","20.000","°C","100.000","%a.s.","22.400","deg","20.000","°C","962.000","hPa","0.861","-0.02617","0.00035","0","0","13.56","Humid","35.35","0","78.50","280680.11","SABD0002000014","AAV2.0.0.13","3.0.3.1703","PSt7-10","180509-002","9/13/2019 10:46:52 AM","0000-00","0","no battery","V"
"06/11/2023","11:33:49","9","default","547630319","OXY_CH9","37.858","min","171.469","μmol/L","Humid","22.925","deg","127867","µV","26.689","°C","1016.000","hPa","35.9","pmil","0","55.690","deg","20.000","°C","100.000","%a.s.","22.400","deg","20.000","°C","962.000","hPa","0.861","-0.02617","0.00035","0","0","13.56","Humid","35.35","0","78.50","280667.35","SABD0002000014","AAV2.0.0.13","3.0.3.1703","PSt7-10","180509-002","9/13/2019 10:46:52 AM","0000-00","0","no battery","V"
"06/11/2023","11:33:50","9","default","547630319","OXY_CH9","37.875","min","171.484","μmol/L","Humid","22.924","deg","127873","µV","26.689","°C","1016.000","hPa","35.9","pmil","0","55.690","deg","20.000","°C","100.000","%a.s.","22.400","deg","20.000","°C","962.000","hPa","0.861","-0.02617","0.00035","0","0","13.56","Humid","35.35","0","78.50","280669.62","SABD0002000014","AAV2.0.0.13","3.0.3.1703","PSt7-10","180509-002","9/13/2019 10:46:52 AM","0000-00","0","no battery","V"
"06/11/2023","11:33:51","9","default","547630319","OXY_CH9","37.891","min","171.571","μmol/L","Humid","22.918","deg","127848","µV","26.689","°C","1016.000","hPa","35.9","pmil","0","55.690","deg","20.000","°C","100.000","%a.s.","22.400","deg","20.000","°C","962.000","hPa","0.861","-0.02617","0.00035","0","0","13.56","Humid","35.35","0","78.50","280670.44","SABD0002000014","AAV2.0.0.13","3.0.3.1703","PSt7-10","180509-002","9/13/2019 10:46:52 AM","0000-00","0","no battery","V"
"06/11/2023","11:33:52","9","default","547630319","OXY_CH9","37.908","min","171.558","μmol/L","Humid","22.921","deg","127846","µV","26.683","°C","1016.000","hPa","35.9","pmil","0","55.690","deg","20.000","°C","100.000","%a.s.","22.400","deg","20.000","°C","962.000","hPa","0.861","-0.02617","0.00035","0","0","13.56","Humid","35.35","0","78.50","280661.12","SABD0002000014","AAV2.0.0.13","3.0.3.1703","PSt7-10","180509-002","9/13/2019 10:46:52 AM","0000-00","0","no battery","V"
"06/11/2023","11:33:53","9","default","547630319","OXY_CH9","37.925","min","171.525","μmol/L","Humid","22.919","deg","127828","µV","26.695","°C","1016.000","hPa","35.9","pmil","0","55.690","deg","20.000","°C","100.000","%a.s.","22.400","deg","20.000","°C","962.000","hPa","0.861","-0.02617","0.00035","0","0","13.56","Humid","35.35","0","78.50","280667.71","SABD0002000014","AAV2.0.0.13","3.0.3.1703","PSt7-10","180509-002","9/13/2019 10:46:52 AM","0000-00","0","no battery","V"
"06/11/2023","11:33:54","9","default","547630319","OXY_CH9","37.941","min","171.614","μmol/L","Humid","22.915","deg","127816","µV","26.689","°C","1016.000","hPa","35.9","pmil","0","55.690","deg","20.000","°C","100.000","%a.s.","22.400","deg","20.000","°C","962.000","hPa","0.861","-0.02617","0.00035","0","0","13.56","Humid","35.35","0","78.50","280650.27","SABD0002000014","AAV2.0.0.13","3.0.3.1703","PSt7-10","180509-002","9/13/2019 10:46:52 AM","0000-00","0","no battery","V"
"06/11/2023","11:33:55","9","default","547630319","OXY_CH9","37.958","min","171.583","μmol/L","Humid","22.915","deg","127810","µV","26.695","°C","1016.000","hPa","35.9","pmil","0","55.690","deg","20.000","°C","100.000","%a.s.","22.400","deg","20.000","°C","962.000","hPa","0.861","-0.02617","0.00035","0","0","13.56","Humid","35.35","0","78.50","280654.04","SABD0002000014","AAV2.0.0.13","3.0.3.1703","PSt7-10","180509-002","9/13/2019 10:46:52 AM","0000-00","0","no battery","V"
"06/11/2023","11:33:56","9","default","547630319","OXY_CH9","37.975","min","171.643","μmol/L","Humid","22.913","deg","127797","µV","26.689","°C","1016.000","hPa","35.9","pmil","0","55.690","deg","20.000","°C","100.000","%a.s.","22.400","deg","20.000","°C","962.000","hPa","0.861","-0.02617","0.00035","0","0","13.56","Humid","35.35","0","78.50","280659.09","SABD0002000014","AAV2.0.0.13","3.0.3.1703","PSt7-10","180509-002","9/13/2019 10:46:52 AM","0000-00","0","no battery","V"
"06/11/2023","11:33:57","9","default","547630319","OXY_CH9","37.992","min","171.627","μmol/L","Humid","22.912","deg","127789","µV","26.695","°C","1016.000","hPa","35.9","pmil","0","55.690","deg","20.000","°C","100.000","%a.s.","22.400","deg","20.000","°C","962.000","hPa","0.861","-0.02617","0.00035","0","0","13.56","Humid","35.35","0","78.50","280664.35","SABD0002000014","AAV2.0.0.13","3.0.3.1703","PSt7-10","180509-002","9/13/2019 10:46:52 AM","0000-00","0","no battery","V"
"06/11/2023","11:33:58","9","default","547630319","OXY_CH9","38.009","min","171.612","μmol/L","Humid","22.913","deg","127777","µV","26.695","°C","1016.000","hPa","35.9","pmil","0","55.690","deg","20.000","°C","100.000","%a.s.","22.400","deg","20.000","°C","962.000","hPa","0.861","-0.02617","0.00035","0","0","13.56","Humid","35.35","0","78.50","280656.35","SABD0002000014","AAV2.0.0.13","3.0.3.1703","PSt7-10","180509-002","9/13/2019 10:46:52 AM","0000-00","0","no battery","V"
"06/11/2023","11:33:59","9","default","547630319","OXY_CH9","38.025","min","171.670","μmol/L","Humid","22.909","deg","127775","µV","26.695","°C","1016.000","hPa","35.9","pmil","0","55.690","deg","20.000","°C","100.000","%a.s.","22.400","deg","20.000","°C","962.000","hPa","0.861","-0.02617","0.00035","0","0","13.56","Humid","35.35","0","78.50","280671.99","SABD0002000014","AAV2.0.0.13","3.0.3.1703","PSt7-10","180509-002","9/13/2019 10:46:52 AM","0000-00","0","no battery","V"
"06/11/2023","11:34:00","9","default","547630319","OXY_CH9","38.042","min","171.673","μmol/L","Humid","22.911","deg","127770","µV","26.689","°C","1016.000","hPa","35.9","pmil","0","55.690","deg","20.000","°C","100.000","%a.s.","22.400","deg","20.000","°C","962.000","hPa","0.861","-0.02617","0.00035","0","0","13.56","Humid","35.35","0","78.50","280669.07","SABD0002000014","AAV2.0.0.13","3.0.3.1703","PSt7-10","180509-002","9/13/2019 10:46:52 AM","0000-00","0","no battery","V"
"06/11/2023","11:34:01","9","default","547630319","OXY_CH9","38.058","min","171.745","μmol/L","Humid","22.906","deg","127758","µV","26.689","°C","1016.000","hPa","35.9","pmil","0","55.690","deg","20.000","°C","100.000","%a.s.","22.400","deg","20.000","°C","962.000","hPa","0.861","-0.02617","0.00035","0","0","13.56","Humid","35.35","0","78.50","280667.71","SABD0002000014","AAV2.0.0.13","3.0.3.1703","PSt7-10","180509-002","9/13/2019 10:46:52 AM","0000-00","0","no battery","V"
"06/11/2023","11:34:02","9","default","547630319","OXY_CH9","38.075","min","171.729","μmol/L","Humid","22.905","deg","127756","µV","26.695","°C","1016.000","hPa","35.9","pmil","0","55.690","deg","20.000","°C","100.000","%a.s.","22.400","deg","20.000","°C","962.000","hPa","0.861","-0.02617","0.00035","0","0","13.56","Humid","35.35","0","78.50","280668.77","SABD0002000014","AAV2.0.0.13","3.0.3.1703","PSt7-10","180509-002","9/13/2019 10:46:52 AM","0000-00","0","no battery","V"
"06/11/2023","11:34:03","9","default","547630319","OXY_CH9","38.091","min","171.758","μmol/L","Humid","22.903","deg","127743","µV","26.695","°C","1016.000","hPa","35.9","pmil","0","55.690","deg","20.000","°C","100.000","%a.s.","22.400","deg","20.000","°C","962.000","hPa","0.861","-0.02617","0.00035","0","0","13.56","Humid","35.35","0","78.50","280663.59","SABD0002000014","AAV2.0.0.13","3.0.3.1703","PSt7-10","180509-002","9/13/2019 10:46:52 AM","0000-00","0","no battery","V"
"06/11/2023","11:34:04","9","default","547630319","OXY_CH9","38.108","min","171.787","μmol/L","Humid","22.901","deg","127732","µV","26.695","°C","1016.000","hPa","35.9","pmil","0","55.690","deg","20.000","°C","100.000","%a.s.","22.400","deg","20.000","°C","962.000","hPa","0.861","-0.02617","0.00035","0","0","13.56","Humid","35.35","0","78.50","280653.30","SABD0002000014","AAV2.0.0.13","3.0.3.1703","PSt7-10","180509-002","9/13/2019 10:46:52 AM","0000-00","0","no battery","V"
"06/11/2023","11:34:05","9","default","547630319","OXY_CH9","38.125","min","171.816","μmol/L","Humid","22.899","deg","127720","µV","26.695","°C","1016.000","hPa","35.9","pmil","0","55.690","deg","20.000","°C","100.000","%a.s.","22.400","deg","20.000","°C","962.000","hPa","0.861","-0.02617","0.00035","0","0","13.56","Humid","35.35","0","78.50","280661.25","SABD0002000014","AAV2.0.0.13","3.0.3.1703","PSt7-10","180509-002","9/13/2019 10:46:52 AM","0000-00","0","no battery","V"
"06/11/2023","11:34:06","9","default","547630319","OXY_CH9","38.141","min","171.772","μmol/L","Humid","22.902","deg","127716","µV","26.695","°C","1016.000","hPa","35.9","pmil","0","55.690","deg","20.000","°C","100.000","%a.s.","22.400","deg","20.000","°C","962.000","hPa","0.861","-0.02617","0.00035","0","0","13.56","Humid","35.35","0","78.50","280660.17","SABD0002000014","AAV2.0.0.13","3.0.3.1703","PSt7-10","180509-002","9/13/2019 10:46:52 AM","0000-00","0","no battery","V"
"06/11/2023","11:34:07","9","default","547630319","OXY_CH9","38.158","min","171.845","μmol/L","Humid","22.897","deg","127701","µV","26.695","°C","1016.000","hPa","35.9","pmil","0","55.690","deg","20.000","°C","100.000","%a.s.","22.400","deg","20.000","°C","962.000","hPa","0.861","-0.02617","0.00035","0","0","13.56","Humid","35.35","0","78.50","280662.35","SABD0002000014","AAV2.0.0.13","3.0.3.1703","PSt7-10","180509-002","9/13/2019 10:46:52 AM","0000-00","0","no battery","V"
"06/11/2023","11:34:08","9","default","547630319","OXY_CH9","38.175","min","171.937","μmol/L","Humid","22.895","deg","127700","µV","26.683","°C","1016.000","hPa","35.9","pmil","0","55.690","deg","20.000","°C","100.000","%a.s.","22.400","deg","20.000","°C","962.000","hPa","0.861","-0.02617","0.00035","0","0","13.56","Humid","35.35","0","78.50","280658.58","SABD0002000014","AAV2.0.0.13","3.0.3.1703","PSt7-10","180509-002","9/13/2019 10:46:52 AM","0000-00","0","no battery","V"
"06/11/2023","11:34:09","9","default","547630319","OXY_CH9","38.192","min","171.829","μmol/L","Humid","22.896","deg","127686","µV","26.701","°C","1016.000","hPa","35.9","pmil","0","55.690","deg","20.000","°C","100.000","%a.s.","22.400","deg","20.000","°C","962.000","hPa","0.861","-0.02617","0.00035","0","0","13.56","Humid","35.35","0","78.50","280653.95","SABD0002000014","AAV2.0.0.13","3.0.3.1703","PSt7-10","180509-002","9/13/2019 10:46:52 AM","0000-00","0","no battery","V"
"06/11/2023","11:34:10","9","default","547630319","OXY_CH9","38.208","min","171.935","μmol/L","Humid","22.893","deg","127676","µV","26.689","°C","1016.000","hPa","35.9","pmil","0","55.690","deg","20.000","°C","100.000","%a.s.","22.400","deg","20.000","°C","962.000","hPa","0.861","-0.02617","0.00035","0","0","13.56","Humid","35.35","0","78.50","280662.45","SABD0002000014","AAV2.0.0.13","3.0.3.1703","PSt7-10","180509-002","9/13/2019 10:46:52 AM","0000-00","0","no battery","V"
"06/11/2023","11:34:11","9","default","547630319","OXY_CH9","38.225","min","171.978","μmol/L","Humid","22.890","deg","127676","µV","26.689","°C","1016.000","hPa","35.9","pmil","0","55.690","deg","20.000","°C","100.000","%a.s.","22.400","deg","20.000","°C","962.000","hPa","0.861","-0.02617","0.00035","0","0","13.56","Humid","35.35","0","78.50","280665.18","SABD0002000014","AAV2.0.0.13","3.0.3.1703","PSt7-10","180509-002","9/13/2019 10:46:52 AM","0000-00","0","no battery","V"
"06/11/2023","11:34:12","9","default","547630319","OXY_CH9","38.242","min","171.935","μmol/L","Humid","22.893","deg","127668","µV","26.689","°C","1016.000","hPa","35.9","pmil","0","55.690","deg","20.000","°C","100.000","%a.s.","22.400","deg","20.000","°C","962.000","hPa","0.861","-0.02617","0.00035","0","0","13.56","Humid","35.35","0","78.50","280666.66","SABD0002000014","AAV2.0.0.13","3.0.3.1703","PSt7-10","180509-002","9/13/2019 10:46:52 AM","0000-00","0","no battery","V"
"06/11/2023","11:34:13","9","default","547630319","OXY_CH9","38.258","min","171.991","μmol/L","Humid","22.887","deg","127655","µV","26.695","°C","1016.000","hPa","35.9","pmil","0","55.690","deg","20.000","°C","100.000","%a.s.","22.400","deg","20.000","°C","962.000","hPa","0.861","-0.02617","0.00035","0","0","13.56","Humid","35.35","0","78.50","280660.10","SABD0002000014","AAV2.0.0.13","3.0.3.1703","PSt7-10","180509-002","9/13/2019 10:46:52 AM","0000-00","0","no battery","V"
"06/11/2023","11:34:14","9","default","547630319","OXY_CH9","38.275","min","171.947","μmol/L","Humid","22.890","deg","127644","µV","26.695","°C","1016.000","hPa","35.9","pmil","0","55.690","deg","20.000","°C","100.000","%a.s.","22.400","deg","20.000","°C","962.000","hPa","0.861","-0.02617","0.00035","0","0","13.56","Humid","35.35","0","78.50","280658.27","SABD0002000014","AAV2.0.0.13","3.0.3.1703","PSt7-10","180509-002","9/13/2019 10:46:52 AM","0000-00","0","no battery","V"
"06/11/2023","11:34:15","9","default","547630319","OXY_CH9","38.291","min","171.962","μmol/L","Humid","22.889","deg","127635","µV","26.695","°C","1016.000","hPa","35.9","pmil","0","55.690","deg","20.000","°C","100.000","%a.s.","22.400","deg","20.000","°C","962.000","hPa","0.861","-0.02617","0.00035","0","0","13.56","Humid","35.35","0","78.50","280665.14","SABD0002000014","AAV2.0.0.13","3.0.3.1703","PSt7-10","180509-002","9/13/2019 10:46:52 AM","0000-00","0","no battery","V"
"06/11/2023","11:34:16","9","default","547630319","OXY_CH9","38.308","min","171.993","μmol/L","Humid","22.889","deg","127639","µV","26.689","°C","1016.000","hPa","35.9","pmil","0","55.690","deg","20.000","°C","100.000","%a.s.","22.400","deg","20.000","°C","962.000","hPa","0.861","-0.02617","0.00035","0","0","13.56","Humid","35.35","0","78.50","280663.90","SABD0002000014","AAV2.0.0.13","3.0.3.1703","PSt7-10","180509-002","9/13/2019 10:46:52 AM","0000-00","0","no battery","V"
"06/11/2023","11:34:17","9","default","547630319","OXY_CH9","38.325","min","172.068","μmol/L","Humid","22.886","deg","127628","µV","26.683","°C","1016.000","hPa","35.9","pmil","0","55.690","deg","20.000","°C","100.000","%a.s.","22.400","deg","20.000","°C","962.000","hPa","0.861","-0.02617","0.00035","0","0","13.56","Humid","35.35","0","78.50","280664.51","SABD0002000014","AAV2.0.0.13","3.0.3.1703","PSt7-10","180509-002","9/13/2019 10:46:52 AM","0000-00","0","no battery","V"
"06/11/2023","11:34:18","9","default","547630319","OXY_CH9","38.341","min","172.049","μmol/L","Humid","22.883","deg","127614","µV","26.695","°C","1016.000","hPa","35.9","pmil","0","55.690","deg","20.000","°C","100.000","%a.s.","22.400","deg","20.000","°C","962.000","hPa","0.861","-0.02617","0.00035","0","0","13.56","Humid","35.35","0","78.50","280657.51","SABD0002000014","AAV2.0.0.13","3.0.3.1703","PSt7-10","180509-002","9/13/2019 10:46:52 AM","0000-00","0","no battery","V"
"06/11/2023","11:34:19","9","default","547630319","OXY_CH9","38.358","min","172.093","μmol/L","Humid","22.880","deg","127603","µV","26.695","°C","1016.000","hPa","35.9","pmil","0","55.690","deg","20.000","°C","100.000","%a.s.","22.400","deg","20.000","°C","962.000","hPa","0.861","-0.02617","0.00035","0","0","13.56","Humid","35.35","0","78.50","280663.92","SABD0002000014","AAV2.0.0.13","3.0.3.1703","PSt7-10","180509-002","9/13/2019 10:46:52 AM","0000-00","0","no battery","V"
"06/11/2023","11:34:20","9","default","547630319","OXY_CH9","38.375","min","172.139","μmol/L","Humid","22.879","deg","127593","µV","26.689","°C","1016.000","hPa","35.9","pmil","0","55.690","deg","20.000","°C","100.000","%a.s.","22.400","deg","20.000","°C","962.000","hPa","0.861","-0.02617","0.00035","0","0","13.56","Humid","35.35","0","78.50","280666.02","SABD0002000014","AAV2.0.0.13","3.0.3.1703","PSt7-10","180509-002","9/13/2019 10:46:52 AM","0000-00","0","no battery","V"
"06/11/2023","11:34:21","9","default","547630319","OXY_CH9","38.391","min","172.153","μmol/L","Humid","22.878","deg","127591","µV","26.689","°C","1016.000","hPa","35.9","pmil","0","55.690","deg","20.000","°C","100.000","%a.s.","22.400","deg","20.000","°C","962.000","hPa","0.861","-0.02617","0.00035","0","0","13.56","Humid","35.35","0","78.50","280654.83","SABD0002000014","AAV2.0.0.13","3.0.3.1703","PSt7-10","180509-002","9/13/2019 10:46:52 AM","0000-00","0","no battery","V"
"06/11/2023","11:34:22","9","default","547630319","OXY_CH9","38.408","min","172.110","μmol/L","Humid","22.881","deg","127578","µV","26.689","°C","1016.000","hPa","35.9","pmil","0","55.690","deg","20.000","°C","100.000","%a.s.","22.400","deg","20.000","°C","962.000","hPa","0.861","-0.02617","0.00035","0","0","13.56","Humid","35.35","0","78.50","280657.55","SABD0002000014","AAV2.0.0.13","3.0.3.1703","PSt7-10","180509-002","9/13/2019 10:46:52 AM","0000-00","0","no battery","V"
"06/11/2023","11:34:23","9","default","547630319","OXY_CH9","38.425","min","172.122","μmol/L","Humid","22.878","deg","127563","µV","26.695","°C","1016.000","hPa","35.9","pmil","0","55.690","deg","20.000","°C","100.000","%a.s.","22.400","deg","20.000","°C","962.000","hPa","0.861","-0.02617","0.00035","0","0","13.56","Humid","35.35","0","78.50","280656.44","SABD0002000014","AAV2.0.0.13","3.0.3.1703","PSt7-10","180509-002","9/13/2019 10:46:52 AM","0000-00","0","no battery","V"
"06/11/2023","11:34:24","9","default","547630319","OXY_CH9","38.441","min","172.195","μmol/L","Humid","22.873","deg","127555","µV","26.695","°C","1016.000","hPa","35.9","pmil","0","55.690","deg","20.000","°C","100.000","%a.s.","22.400","deg","20.000","°C","962.000","hPa","0.861","-0.02617","0.00035","0","0","13.56","Humid","35.35","0","78.50","280648.46","SABD0002000014","AAV2.0.0.13","3.0.3.1703","PSt7-10","180509-002","9/13/2019 10:46:52 AM","0000-00","0","no battery","V"
"06/11/2023","11:34:25","9","default","547630319","OXY_CH9","38.458","min","172.210","μmol/L","Humid","22.872","deg","127538","µV","26.695","°C","1016.000","hPa","35.9","pmil","0","55.690","deg","20.000","°C","100.000","%a.s.","22.400","deg","20.000","°C","962.000","hPa","0.861","-0.02617","0.00035","0","0","13.56","Humid","35.35","0","78.50","280648.32","SABD0002000014","AAV2.0.0.13","3.0.3.1703","PSt7-10","180509-002","9/13/2019 10:46:52 AM","0000-00","0","no battery","V"
"06/11/2023","11:34:26","9","default","547630319","OXY_CH9","38.475","min","172.224","μmol/L","Humid","22.871","deg","127538","µV","26.695","°C","1016.000","hPa","35.9","pmil","0","55.690","deg","20.000","°C","100.000","%a.s.","22.400","deg","20.000","°C","962.000","hPa","0.861","-0.02617","0.00035","0","0","13.56","Humid","35.35","0","78.50","280650.76","SABD0002000014","AAV2.0.0.13","3.0.3.1703","PSt7-10","180509-002","9/13/2019 10:46:52 AM","0000-00","0","no battery","V"
"06/11/2023","11:34:27","9","default","547630319","OXY_CH9","38.491","min","172.256","μmol/L","Humid","22.871","deg","127536","µV","26.689","°C","1016.000","hPa","35.9","pmil","0","55.690","deg","20.000","°C","100.000","%a.s.","22.400","deg","20.000","°C","962.000","hPa","0.861","-0.02617","0.00035","0","0","13.56","Humid","35.35","0","78.50","280659.25","SABD0002000014","AAV2.0.0.13","3.0.3.1703","PSt7-10","180509-002","9/13/2019 10:46:52 AM","0000-00","0","no battery","V"
"06/11/2023","11:34:28","9","default","547630319","OXY_CH9","38.509","min","172.256","μmol/L","Humid","22.871","deg","127519","µV","26.689","°C","1016.000","hPa","35.9","pmil","0","55.690","deg","20.000","°C","100.000","%a.s.","22.400","deg","20.000","°C","962.000","hPa","0.861","-0.02617","0.00035","0","0","13.56","Humid","35.35","0","78.50","280647.39","SABD0002000014","AAV2.0.0.13","3.0.3.1703","PSt7-10","180509-002","9/13/2019 10:46:52 AM","0000-00","0","no battery","V"
"06/11/2023","11:34:29","9","default","547630319","OXY_CH9","38.525","min","172.297","μmol/L","Humid","22.866","deg","127515","µV","26.695","°C","1016.000","hPa","35.9","pmil","0","55.690","deg","20.000","°C","100.000","%a.s.","22.400","deg","20.000","°C","962.000","hPa","0.861","-0.02617","0.00035","0","0","13.56","Humid","35.35","0","78.50","280646.45","SABD0002000014","AAV2.0.0.13","3.0.3.1703","PSt7-10","180509-002","9/13/2019 10:46:52 AM","0000-00","0","no battery","V"
"06/11/2023","11:34:30","9","default","547630319","OXY_CH9","38.542","min","172.268","μmol/L","Humid","22.868","deg","127501","µV","26.695","°C","1016.000","hPa","35.9","pmil","0","55.690","deg","20.000","°C","100.000","%a.s.","22.400","deg","20.000","°C","962.000","hPa","0.861","-0.02617","0.00035","0","0","13.56","Humid","35.35","0","78.50","280649.72","SABD0002000014","AAV2.0.0.13","3.0.3.1703","PSt7-10","180509-002","9/13/2019 10:46:52 AM","0000-00","0","no battery","V"
"06/11/2023","11:34:31","9","default","547630319","OXY_CH9","38.558","min","172.299","μmol/L","Humid","22.868","deg","127499","µV","26.689","°C","1016.000","hPa","35.9","pmil","0","55.690","deg","20.000","°C","100.000","%a.s.","22.400","deg","20.000","°C","962.000","hPa","0.861","-0.02617","0.00035","0","0","13.56","Humid","35.35","0","78.50","280655.02","SABD0002000014","AAV2.0.0.13","3.0.3.1703","PSt7-10","180509-002","9/13/2019 10:46:52 AM","0000-00","0","no battery","V"
"06/11/2023","11:34:32","9","default","547630319","OXY_CH9","38.575","min","172.283","μmol/L","Humid","22.867","deg","127488","µV","26.695","°C","1016.000","hPa","35.9","pmil","0","55.690","deg","20.000","°C","100.000","%a.s.","22.400","deg","20.000","°C","962.000","hPa","0.861","-0.02617","0.00035","0","0","13.56","Humid","35.35","0","78.50","280649.14","SABD0002000014","AAV2.0.0.13","3.0.3.1703","PSt7-10","180509-002","9/13/2019 10:46:52 AM","0000-00","0","no battery","V"
"06/11/2023","11:34:33","9","default","547630319","OXY_CH9","38.592","min","172.373","μmol/L","Humid","22.863","deg","127477","µV","26.689","°C","1016.000","hPa","35.9","pmil","0","55.690","deg","20.000","°C","100.000","%a.s.","22.400","deg","20.000","°C","962.000","hPa","0.861","-0.02617","0.00035","0","0","13.56","Humid","35.35","0","78.50","280659.13","SABD0002000014","AAV2.0.0.13","3.0.3.1703","PSt7-10","180509-002","9/13/2019 10:46:52 AM","0000-00","0","no battery","V"
"06/11/2023","11:34:34","9","default","547630319","OXY_CH9","38.608","min","172.310","μmol/L","Humid","22.863","deg","127460","µV","26.701","°C","1016.000","hPa","35.9","pmil","0","55.690","deg","20.000","°C","100.000","%a.s.","22.400","deg","20.000","°C","962.000","hPa","0.861","-0.02617","0.00035","0","0","13.56","Humid","35.35","0","78.50","280652.75","SABD0002000014","AAV2.0.0.13","3.0.3.1703","PSt7-10","180509-002","9/13/2019 10:46:52 AM","0000-00","0","no battery","V"
"06/11/2023","11:34:35","9","default","547630319","OXY_CH9","38.625","min","172.385","μmol/L","Humid","22.860","deg","127458","µV","26.695","°C","1016.000","hPa","35.9","pmil","0","55.690","deg","20.000","°C","100.000","%a.s.","22.400","deg","20.000","°C","962.000","hPa","0.861","-0.02617","0.00035","0","0","13.56","Humid","35.35","0","78.50","280643.64","SABD0002000014","AAV2.0.0.13","3.0.3.1703","PSt7-10","180509-002","9/13/2019 10:46:52 AM","0000-00","0","no battery","V"
"06/11/2023","11:34:36","9","default","547630319","OXY_CH9","38.641","min","172.431","μmol/L","Humid","22.859","deg","127453","µV","26.689","°C","1016.000","hPa","35.9","pmil","0","55.690","deg","20.000","°C","100.000","%a.s.","22.400","deg","20.000","°C","962.000","hPa","0.861","-0.02617","0.00035","0","0","13.56","Humid","35.35","0","78.50","280648.93","SABD0002000014","AAV2.0.0.13","3.0.3.1703","PSt7-10","180509-002","9/13/2019 10:46:52 AM","0000-00","0","no battery","V"
"06/11/2023","11:34:37","9","default","547630319","OXY_CH9","38.658","min","172.383","μmol/L","Humid","22.858","deg","127442","µV","26.701","°C","1016.000","hPa","35.9","pmil","0","55.690","deg","20.000","°C","100.000","%a.s.","22.400","deg","20.000","°C","962.000","hPa","0.861","-0.02617","0.00035","0","0","13.56","Humid","35.35","0","78.50","280660.95","SABD0002000014","AAV2.0.0.13","3.0.3.1703","PSt7-10","180509-002","9/13/2019 10:46:52 AM","0000-00","0","no battery","V"
"06/11/2023","11:34:38","9","default","547630319","OXY_CH9","38.675","min","172.458","μmol/L","Humid","22.855","deg","127435","µV","26.695","°C","1016.000","hPa","35.9","pmil","0","55.690","deg","20.000","°C","100.000","%a.s.","22.400","deg","20.000","°C","962.000","hPa","0.861","-0.02617","0.00035","0","0","13.56","Humid","35.35","0","78.50","280655.28","SABD0002000014","AAV2.0.0.13","3.0.3.1703","PSt7-10","180509-002","9/13/2019 10:46:52 AM","0000-00","0","no battery","V"
"06/11/2023","11:34:39","9","default","547630319","OXY_CH9","38.691","min","172.456","μmol/L","Humid","22.853","deg","127414","µV","26.701","°C","1016.000","hPa","35.9","pmil","0","55.690","deg","20.000","°C","100.000","%a.s.","22.400","deg","20.000","°C","962.000","hPa","0.861","-0.02617","0.00035","0","0","13.56","Humid","35.35","0","78.50","280650.59","SABD0002000014","AAV2.0.0.13","3.0.3.1703","PSt7-10","180509-002","9/13/2019 10:46:52 AM","0000-00","0","no battery","V"
"06/11/2023","11:34:40","9","default","547630319","OXY_CH9","38.708","min","172.548","μmol/L","Humid","22.851","deg","127411","µV","26.689","°C","1016.000","hPa","35.9","pmil","0","55.690","deg","20.000","°C","100.000","%a.s.","22.400","deg","20.000","°C","962.000","hPa","0.861","-0.02617","0.00035","0","0","13.56","Humid","35.35","0","78.50","280644.54","SABD0002000014","AAV2.0.0.13","3.0.3.1703","PSt7-10","180509-002","9/13/2019 10:46:52 AM","0000-00","0","no battery","V"
"06/11/2023","11:34:41","9","default","547630319","OXY_CH9","38.725","min","172.502","μmol/L","Humid","22.852","deg","127402","µV","26.695","°C","1016.000","hPa","35.9","pmil","0","55.690","deg","20.000","°C","100.000","%a.s.","22.400","deg","20.000","°C","962.000","hPa","0.861","-0.02617","0.00035","0","0","13.56","Humid","35.35","0","78.50","280651.33","SABD0002000014","AAV2.0.0.13","3.0.3.1703","PSt7-10","180509-002","9/13/2019 10:46:52 AM","0000-00","0","no battery","V"
"06/11/2023","11:34:42","9","default","547630319","OXY_CH9","38.741","min","172.515","μmol/L","Humid","22.849","deg","127403","µV","26.701","°C","1016.000","hPa","35.9","pmil","0","55.690","deg","20.000","°C","100.000","%a.s.","22.400","deg","20.000","°C","962.000","hPa","0.861","-0.02617","0.00035","0","0","13.56","Humid","35.35","0","78.50","280638.35","SABD0002000014","AAV2.0.0.13","3.0.3.1703","PSt7-10","180509-002","9/13/2019 10:46:52 AM","0000-00","0","no battery","V"
"06/11/2023","11:34:43","9","default","547630319","OXY_CH9","38.758","min","172.529","μmol/L","Humid","22.848","deg","127388","µV","26.701","°C","1016.000","hPa","35.9","pmil","0","55.690","deg","20.000","°C","100.000","%a.s.","22.400","deg","20.000","°C","962.000","hPa","0.861","-0.02617","0.00035","0","0","13.56","Humid","35.35","0","78.50","280649.45","SABD0002000014","AAV2.0.0.13","3.0.3.1703","PSt7-10","180509-002","9/13/2019 10:46:52 AM","0000-00","0","no battery","V"
"06/11/2023","11:34:44","9","default","547630319","OXY_CH9","38.775","min","172.577","μmol/L","Humid","22.849","deg","127372","µV","26.689","°C","1016.000","hPa","35.9","pmil","0","55.690","deg","20.000","°C","100.000","%a.s.","22.400","deg","20.000","°C","962.000","hPa","0.861","-0.02617","0.00035","0","0","13.56","Humid","35.35","0","78.50","280651.79","SABD0002000014","AAV2.0.0.13","3.0.3.1703","PSt7-10","180509-002","9/13/2019 10:46:52 AM","0000-00","0","no battery","V"
"06/11/2023","11:34:45","9","default","547630319","OXY_CH9","38.792","min","172.561","μmol/L","Humid","22.848","deg","127368","µV","26.695","°C","1016.000","hPa","35.9","pmil","0","55.690","deg","20.000","°C","100.000","%a.s.","22.400","deg","20.000","°C","962.000","hPa","0.861","-0.02617","0.00035","0","0","13.56","Humid","35.35","0","78.50","280635.76","SABD0002000014","AAV2.0.0.13","3.0.3.1703","PSt7-10","180509-002","9/13/2019 10:46:52 AM","0000-00","0","no battery","V"
"06/11/2023","11:34:46","9","default","547630319","OXY_CH9","38.808","min","172.588","μmol/L","Humid","22.844","deg","127359","µV","26.701","°C","1016.000","hPa","35.9","pmil","0","55.690","deg","20.000","°C","100.000","%a.s.","22.400","deg","20.000","°C","962.000","hPa","0.861","-0.02617","0.00035","0","0","13.56","Humid","35.35","0","78.50","280642.41","SABD0002000014","AAV2.0.0.13","3.0.3.1703","PSt7-10","180509-002","9/13/2019 10:46:52 AM","0000-00","0","no battery","V"
"06/11/2023","11:34:47","9","default","547630319","OXY_CH9","38.825","min","172.621","μmol/L","Humid","22.846","deg","127348","µV","26.689","°C","1016.000","hPa","35.9","pmil","0","55.690","deg","20.000","°C","100.000","%a.s.","22.400","deg","20.000","°C","962.000","hPa","0.861","-0.02617","0.00035","0","0","13.56","Humid","35.35","0","78.50","280639.75","SABD0002000014","AAV2.0.0.13","3.0.3.1703","PSt7-10","180509-002","9/13/2019 10:46:52 AM","0000-00","0","no battery","V"
"06/11/2023","11:34:48","9","default","547630319","OXY_CH9","38.842","min","172.632","μmol/L","Humid","22.841","deg","127345","µV","26.701","°C","1016.000","hPa","35.9","pmil","0","55.690","deg","20.000","°C","100.000","%a.s.","22.400","deg","20.000","°C","962.000","hPa","0.861","-0.02617","0.00035","0","0","13.56","Humid","35.35","0","78.50","280642.72","SABD0002000014","AAV2.0.0.13","3.0.3.1703","PSt7-10","180509-002","9/13/2019 10:46:52 AM","0000-00","0","no battery","V"
"06/11/2023","11:34:49","9","default","547630319","OXY_CH9","38.858","min","172.695","μmol/L","Humid","22.841","deg","127331","µV","26.689","°C","1016.000","hPa","35.9","pmil","0","55.690","deg","20.000","°C","100.000","%a.s.","22.400","deg","20.000","°C","962.000","hPa","0.861","-0.02617","0.00035","0","0","13.56","Humid","35.35","0","78.50","280637.54","SABD0002000014","AAV2.0.0.13","3.0.3.1703","PSt7-10","180509-002","9/13/2019 10:46:52 AM","0000-00","0","no battery","V"
"06/11/2023","11:34:50","9","default","547630319","OXY_CH9","38.875","min","172.661","μmol/L","Humid","22.839","deg","127319","µV","26.701","°C","1016.000","hPa","35.9","pmil","0","55.690","deg","20.000","°C","100.000","%a.s.","22.400","deg","20.000","°C","962.000","hPa","0.861","-0.02617","0.00035","0","0","13.56","Humid","35.35","0","78.50","280638.25","SABD0002000014","AAV2.0.0.13","3.0.3.1703","PSt7-10","180509-002","9/13/2019 10:46:52 AM","0000-00","0","no battery","V"
"06/11/2023","11:34:51","9","default","547630319","OXY_CH9","38.892","min","172.647","μmol/L","Humid","22.840","deg","127317","µV","26.701","°C","1016.000","hPa","35.9","pmil","0","55.690","deg","20.000","°C","100.000","%a.s.","22.400","deg","20.000","°C","962.000","hPa","0.861","-0.02617","0.00035","0","0","13.56","Humid","35.35","0","78.50","280641.79","SABD0002000014","AAV2.0.0.13","3.0.3.1703","PSt7-10","180509-002","9/13/2019 10:46:52 AM","0000-00","0","no battery","V"
"06/11/2023","11:34:52","9","default","547630319","OXY_CH9","38.908","min","172.736","μmol/L","Humid","22.836","deg","127303","µV","26.695","°C","1016.000","hPa","35.9","pmil","0","55.690","deg","20.000","°C","100.000","%a.s.","22.400","deg","20.000","°C","962.000","hPa","0.861","-0.02617","0.00035","0","0","13.56","Humid","35.35","0","78.50","280645.75","SABD0002000014","AAV2.0.0.13","3.0.3.1703","PSt7-10","180509-002","9/13/2019 10:46:52 AM","0000-00","0","no battery","V"
"06/11/2023","11:34:53","9","default","547630319","OXY_CH9","38.925","min","172.736","μmol/L","Humid","22.836","deg","127304","µV","26.695","°C","1016.000","hPa","35.9","pmil","0","55.690","deg","20.000","°C","100.000","%a.s.","22.400","deg","20.000","°C","962.000","hPa","0.861","-0.02617","0.00035","0","0","13.56","Humid","35.35","0","78.50","280656.10","SABD0002000014","AAV2.0.0.13","3.0.3.1703","PSt7-10","180509-002","9/13/2019 10:46:52 AM","0000-00","0","no battery","V"
"06/11/2023","11:34:54","9","default","547630319","OXY_CH9","38.941","min","172.766","μmol/L","Humid","22.834","deg","127290","µV","26.695","°C","1016.000","hPa","35.9","pmil","0","55.690","deg","20.000","°C","100.000","%a.s.","22.400","deg","20.000","°C","962.000","hPa","0.861","-0.02617","0.00035","0","0","13.56","Humid","35.35","0","78.50","280642.04","SABD0002000014","AAV2.0.0.13","3.0.3.1703","PSt7-10","180509-002","9/13/2019 10:46:52 AM","0000-00","0","no battery","V"
"06/11/2023","11:34:55","9","default","547630319","OXY_CH9","38.958","min","172.812","μmol/L","Humid","22.833","deg","127284","µV","26.689","°C","1016.000","hPa","35.9","pmil","0","55.690","deg","20.000","°C","100.000","%a.s.","22.400","deg","20.000","°C","962.000","hPa","0.861","-0.02617","0.00035","0","0","13.56","Humid","35.35","0","78.50","280636.28","SABD0002000014","AAV2.0.0.13","3.0.3.1703","PSt7-10","180509-002","9/13/2019 10:46:52 AM","0000-00","0","no battery","V"
"06/11/2023","11:34:56","9","default","547630319","OXY_CH9","38.975","min","172.795","μmol/L","Humid","22.832","deg","127272","µV","26.695","°C","1016.000","hPa","35.9","pmil","0","55.690","deg","20.000","°C","100.000","%a.s.","22.400","deg","20.000","°C","962.000","hPa","0.861","-0.02617","0.00035","0","0","13.56","Humid","35.35","0","78.50","280650.04","SABD0002000014","AAV2.0.0.13","3.0.3.1703","PSt7-10","180509-002","9/13/2019 10:46:52 AM","0000-00","0","no battery","V"
"06/11/2023","11:34:57","9","default","547630319","OXY_CH9","38.991","min","172.810","μmol/L","Humid","22.831","deg","127261","µV","26.695","°C","1016.000","hPa","35.9","pmil","0","55.690","deg","20.000","°C","100.000","%a.s.","22.400","deg","20.000","°C","962.000","hPa","0.861","-0.02617","0.00035","0","0","13.56","Humid","35.35","0","78.50","280644.80","SABD0002000014","AAV2.0.0.13","3.0.3.1703","PSt7-10","180509-002","9/13/2019 10:46:52 AM","0000-00","0","no battery","V"
"06/11/2023","11:34:58","9","default","547630319","OXY_CH9","39.008","min","172.839","μmol/L","Humid","22.829","deg","127254","µV","26.695","°C","1016.000","hPa","35.9","pmil","0","55.690","deg","20.000","°C","100.000","%a.s.","22.400","deg","20.000","°C","962.000","hPa","0.861","-0.02617","0.00035","0","0","13.56","Humid","35.35","0","78.50","280640.33","SABD0002000014","AAV2.0.0.13","3.0.3.1703","PSt7-10","180509-002","9/13/2019 10:46:52 AM","0000-00","0","no battery","V"
"06/11/2023","11:34:59","9","default","547630319","OXY_CH9","39.025","min","172.883","μmol/L","Humid","22.826","deg","127252","µV","26.695","°C","1016.000","hPa","35.9","pmil","0","55.690","deg","20.000","°C","100.000","%a.s.","22.400","deg","20.000","°C","962.000","hPa","0.861","-0.02617","0.00035","0","0","13.56","Humid","35.35","0","78.50","280646.55","SABD0002000014","AAV2.0.0.13","3.0.3.1703","PSt7-10","180509-002","9/13/2019 10:46:52 AM","0000-00","0","no battery","V"
"06/11/2023","11:35:00","9","default","547630319","OXY_CH9","39.041","min","172.885","μmol/L","Humid","22.828","deg","127243","µV","26.689","°C","1016.000","hPa","35.9","pmil","0","55.690","deg","20.000","°C","100.000","%a.s.","22.400","deg","20.000","°C","962.000","hPa","0.861","-0.02617","0.00035","0","0","13.56","Humid","35.35","0","78.50","280638.09","SABD0002000014","AAV2.0.0.13","3.0.3.1703","PSt7-10","180509-002","9/13/2019 10:46:52 AM","0000-00","0","no battery","V"
"06/11/2023","11:35:01","9","default","547630319","OXY_CH9","39.058","min","172.837","μmol/L","Humid","22.827","deg","127229","µV","26.701","°C","1016.000","hPa","35.9","pmil","0","55.690","deg","20.000","°C","100.000","%a.s.","22.400","deg","20.000","°C","962.000","hPa","0.861","-0.02617","0.00035","0","0","13.56","Humid","35.35","0","78.50","280649.30","SABD0002000014","AAV2.0.0.13","3.0.3.1703","PSt7-10","180509-002","9/13/2019 10:46:52 AM","0000-00","0","no battery","V"
"06/11/2023","11:35:02","9","default","547630319","OXY_CH9","39.075","min","172.913","μmol/L","Humid","22.824","deg","127228","µV","26.695","°C","1016.000","hPa","35.9","pmil","0","55.690","deg","20.000","°C","100.000","%a.s.","22.400","deg","20.000","°C","962.000","hPa","0.861","-0.02617","0.00035","0","0","13.56","Humid","35.35","0","78.50","280633.41","SABD0002000014","AAV2.0.0.13","3.0.3.1703","PSt7-10","180509-002","9/13/2019 10:46:52 AM","0000-00","0","no battery","V"
"06/11/2023","11:35:03","9","default","547630319","OXY_CH9","39.091","min","172.927","μmol/L","Humid","22.823","deg","127206","µV","26.695","°C","1016.000","hPa","35.9","pmil","0","55.690","deg","20.000","°C","100.000","%a.s.","22.400","deg","20.000","°C","962.000","hPa","0.861","-0.02617","0.00035","0","0","13.56","Humid","35.35","0","78.50","280628.91","SABD0002000014","AAV2.0.0.13","3.0.3.1703","PSt7-10","180509-002","9/13/2019 10:46:52 AM","0000-00","0","no battery","V"
"06/11/2023","11:35:04","9","default","547630319","OXY_CH9","39.109","min","172.957","μmol/L","Humid","22.821","deg","127203","µV","26.695","°C","1016.000","hPa","35.9","pmil","0","55.690","deg","20.000","°C","100.000","%a.s.","22.400","deg","20.000","°C","962.000","hPa","0.861","-0.02617","0.00035","0","0","13.56","Humid","35.35","0","78.50","280634.12","SABD0002000014","AAV2.0.0.13","3.0.3.1703","PSt7-10","180509-002","9/13/2019 10:46:52 AM","0000-00","0","no battery","V"
"06/11/2023","11:35:05","9","default","547630319","OXY_CH9","39.125","min","172.957","μmol/L","Humid","22.821","deg","127197","µV","26.695","°C","1016.000","hPa","35.9","pmil","0","55.690","deg","20.000","°C","100.000","%a.s.","22.400","deg","20.000","°C","962.000","hPa","0.861","-0.02617","0.00035","0","0","13.56","Humid","35.35","0","78.50","280636.79","SABD0002000014","AAV2.0.0.13","3.0.3.1703","PSt7-10","180509-002","9/13/2019 10:46:52 AM","0000-00","0","no battery","V"
"06/11/2023","11:35:06","9","default","547630319","OXY_CH9","39.142","min","172.940","μmol/L","Humid","22.820","deg","127186","µV","26.701","°C","1016.000","hPa","35.9","pmil","0","55.690","deg","20.000","°C","100.000","%a.s.","22.400","deg","20.000","°C","962.000","hPa","0.861","-0.02617","0.00035","0","0","13.56","Humid","35.35","0","78.50","280632.15","SABD0002000014","AAV2.0.0.13","3.0.3.1703","PSt7-10","180509-002","9/13/2019 10:46:52 AM","0000-00","0","no battery","V"
"06/11/2023","11:35:07","9","default","547630319","OXY_CH9","39.159","min","173.001","μmol/L","Humid","22.818","deg","127176","µV","26.695","°C","1016.000","hPa","35.9","pmil","0","55.690","deg","20.000","°C","100.000","%a.s.","22.400","deg","20.000","°C","962.000","hPa","0.861","-0.02617","0.00035","0","0","13.56","Humid","35.35","0","78.50","280631.42","SABD0002000014","AAV2.0.0.13","3.0.3.1703","PSt7-10","180509-002","9/13/2019 10:46:52 AM","0000-00","0","no battery","V"
"06/11/2023","11:35:08","9","default","547630319","OXY_CH9","39.175","min","173.059","μmol/L","Humid","22.814","deg","127169","µV","26.695","°C","1016.000","hPa","35.9","pmil","0","55.690","deg","20.000","°C","100.000","%a.s.","22.400","deg","20.000","°C","962.000","hPa","0.861","-0.02617","0.00035","0","0","13.56","Humid","35.35","0","78.50","280620.16","SABD0002000014","AAV2.0.0.13","3.0.3.1703","PSt7-10","180509-002","9/13/2019 10:46:52 AM","0000-00","0","no battery","V"
"06/11/2023","11:35:09","9","default","547630319","OXY_CH9","39.192","min","173.059","μmol/L","Humid","22.814","deg","127172","µV","26.695","°C","1016.000","hPa","35.9","pmil","0","55.690","deg","20.000","°C","100.000","%a.s.","22.400","deg","20.000","°C","962.000","hPa","0.861","-0.02617","0.00035","0","0","13.56","Humid","35.35","0","78.50","280638.62","SABD0002000014","AAV2.0.0.13","3.0.3.1703","PSt7-10","180509-002","9/13/2019 10:46:52 AM","0000-00","0","no battery","V"
"06/11/2023","11:35:10","9","default","547630319","OXY_CH9","39.208","min","173.120","μmol/L","Humid","22.812","deg","127152","µV","26.689","°C","1016.000","hPa","35.9","pmil","0","55.690","deg","20.000","°C","100.000","%a.s.","22.400","deg","20.000","°C","962.000","hPa","0.861","-0.02617","0.00035","0","0","13.56","Humid","35.35","0","78.50","280630.43","SABD0002000014","AAV2.0.0.13","3.0.3.1703","PSt7-10","180509-002","9/13/2019 10:46:52 AM","0000-00","0","no battery","V"
"06/11/2023","11:35:11","9","default","547630319","OXY_CH9","39.225","min","173.133","μmol/L","Humid","22.809","deg","127139","µV","26.695","°C","1016.000","hPa","35.9","pmil","0","55.690","deg","20.000","°C","100.000","%a.s.","22.400","deg","20.000","°C","962.000","hPa","0.861","-0.02617","0.00035","0","0","13.56","Humid","35.35","0","78.50","280641.53","SABD0002000014","AAV2.0.0.13","3.0.3.1703","PSt7-10","180509-002","9/13/2019 10:46:52 AM","0000-00","0","no battery","V"
"06/11/2023","11:35:12","9","default","547630319","OXY_CH9","39.242","min","173.103","μmol/L","Humid","22.811","deg","127129","µV","26.695","°C","1016.000","hPa","35.9","pmil","0","55.690","deg","20.000","°C","100.000","%a.s.","22.400","deg","20.000","°C","962.000","hPa","0.861","-0.02617","0.00035","0","0","13.56","Humid","35.35","0","78.50","280642.73","SABD0002000014","AAV2.0.0.13","3.0.3.1703","PSt7-10","180509-002","9/13/2019 10:46:52 AM","0000-00","0","no battery","V"
"06/11/2023","11:35:13","9","default","547630319","OXY_CH9","39.259","min","173.087","μmol/L","Humid","22.810","deg","127127","µV","26.701","°C","1016.000","hPa","35.9","pmil","0","55.690","deg","20.000","°C","100.000","%a.s.","22.400","deg","20.000","°C","962.000","hPa","0.861","-0.02617","0.00035","0","0","13.56","Humid","35.35","0","78.50","280632.80","SABD0002000014","AAV2.0.0.13","3.0.3.1703","PSt7-10","180509-002","9/13/2019 10:46:52 AM","0000-00","0","no battery","V"
"06/11/2023","11:35:14","9","default","547630319","OXY_CH9","39.275","min","173.116","μmol/L","Humid","22.808","deg","127109","µV","26.701","°C","1016.000","hPa","35.9","pmil","0","55.690","deg","20.000","°C","100.000","%a.s.","22.400","deg","20.000","°C","962.000","hPa","0.861","-0.02617","0.00035","0","0","13.56","Humid","35.35","0","78.50","280635.92","SABD0002000014","AAV2.0.0.13","3.0.3.1703","PSt7-10","180509-002","9/13/2019 10:46:52 AM","0000-00","0","no battery","V"
"06/11/2023","11:35:15","9","default","547630319","OXY_CH9","39.292","min","173.221","μmol/L","Humid","22.803","deg","127113","µV","26.695","°C","1016.000","hPa","35.9","pmil","0","55.690","deg","20.000","°C","100.000","%a.s.","22.400","deg","20.000","°C","962.000","hPa","0.861","-0.02617","0.00035","0","0","13.56","Humid","35.35","0","78.50","280658.20","SABD0002000014","AAV2.0.0.13","3.0.3.1703","PSt7-10","180509-002","9/13/2019 10:46:52 AM","0000-00","0","no battery","V"
"06/11/2023","11:35:16","9","default","547630319","OXY_CH9","39.308","min","173.223","μmol/L","Humid","22.805","deg","127090","µV","26.689","°C","1016.000","hPa","35.9","pmil","0","55.690","deg","20.000","°C","100.000","%a.s.","22.400","deg","20.000","°C","962.000","hPa","0.861","-0.02617","0.00035","0","0","13.56","Humid","35.35","0","78.50","280627.94","SABD0002000014","AAV2.0.0.13","3.0.3.1703","PSt7-10","180509-002","9/13/2019 10:46:52 AM","0000-00","0","no battery","V"
"06/11/2023","11:35:17","9","default","547630319","OXY_CH9","39.325","min","173.236","μmol/L","Humid","22.802","deg","127086","µV","26.695","°C","1016.000","hPa","35.9","pmil","0","55.690","deg","20.000","°C","100.000","%a.s.","22.400","deg","20.000","°C","962.000","hPa","0.861","-0.02617","0.00035","0","0","13.56","Humid","35.35","0","78.50","280632.82","SABD0002000014","AAV2.0.0.13","3.0.3.1703","PSt7-10","180509-002","9/13/2019 10:46:52 AM","0000-00","0","no battery","V"
"06/11/2023","11:35:18","9","default","547630319","OXY_CH9","39.342","min","173.251","μmol/L","Humid","22.801","deg","127080","µV","26.695","°C","1016.000","hPa","35.9","pmil","0","55.690","deg","20.000","°C","100.000","%a.s.","22.400","deg","20.000","°C","962.000","hPa","0.861","-0.02617","0.00035","0","0","13.56","Humid","35.35","0","78.50","280638.02","SABD0002000014","AAV2.0.0.13","3.0.3.1703","PSt7-10","180509-002","9/13/2019 10:46:52 AM","0000-00","0","no battery","V"
"06/11/2023","11:35:19","9","default","547630319","OXY_CH9","39.358","min","173.265","μmol/L","Humid","22.800","deg","127073","µV","26.695","°C","1016.000","hPa","35.9","pmil","0","55.690","deg","20.000","°C","100.000","%a.s.","22.400","deg","20.000","°C","962.000","hPa","0.861","-0.02617","0.00035","0","0","13.56","Humid","35.35","0","78.50","280638.52","SABD0002000014","AAV2.0.0.13","3.0.3.1703","PSt7-10","180509-002","9/13/2019 10:46:52 AM","0000-00","0","no battery","V"
"06/11/2023","11:35:20","9","default","547630319","OXY_CH9","39.375","min","173.234","μmol/L","Humid","22.800","deg","127063","µV","26.701","°C","1016.000","hPa","35.9","pmil","0","55.690","deg","20.000","°C","100.000","%a.s.","22.400","deg","20.000","°C","962.000","hPa","0.861","-0.02617","0.00035","0","0","13.56","Humid","35.35","0","78.50","280632.09","SABD0002000014","AAV2.0.0.13","3.0.3.1703","PSt7-10","180509-002","9/13/2019 10:46:52 AM","0000-00","0","no battery","V"
"06/11/2023","11:35:21","9","default","547630319","OXY_CH9","39.392","min","173.219","μmol/L","Humid","22.801","deg","127056","µV","26.701","°C","1016.000","hPa","35.9","pmil","0","55.690","deg","20.000","°C","100.000","%a.s.","22.400","deg","20.000","°C","962.000","hPa","0.861","-0.02617","0.00035","0","0","13.56","Humid","35.35","0","78.50","280634.98","SABD0002000014","AAV2.0.0.13","3.0.3.1703","PSt7-10","180509-002","9/13/2019 10:46:52 AM","0000-00","0","no battery","V"
"06/11/2023","11:35:22","9","default","547630319","OXY_CH9","39.408","min","173.248","μmol/L","Humid","22.799","deg","127046","µV","26.701","°C","1016.000","hPa","35.9","pmil","0","55.690","deg","20.000","°C","100.000","%a.s.","22.400","deg","20.000","°C","962.000","hPa","0.861","-0.02617","0.00035","0","0","13.56","Humid","35.35","0","78.50","280637.08","SABD0002000014","AAV2.0.0.13","3.0.3.1703","PSt7-10","180509-002","9/13/2019 10:46:52 AM","0000-00","0","no battery","V"
"06/11/2023","11:35:23","9","default","547630319","OXY_CH9","39.425","min","173.341","μmol/L","Humid","22.797","deg","127039","µV","26.689","°C","1016.000","hPa","35.9","pmil","0","55.690","deg","20.000","°C","100.000","%a.s.","22.400","deg","20.000","°C","962.000","hPa","0.861","-0.02617","0.00035","0","0","13.56","Humid","35.35","0","78.50","280643.22","SABD0002000014","AAV2.0.0.13","3.0.3.1703","PSt7-10","180509-002","9/13/2019 10:46:52 AM","0000-00","0","no battery","V"
"06/11/2023","11:35:24","9","default","547630319","OXY_CH9","39.442","min","173.427","μmol/L","Humid","22.789","deg","127026","µV","26.695","°C","1016.000","hPa","35.9","pmil","0","55.690","deg","20.000","°C","100.000","%a.s.","22.400","deg","20.000","°C","962.000","hPa","0.861","-0.02617","0.00035","0","0","13.56","Humid","35.35","0","78.50","280645.68","SABD0002000014","AAV2.0.0.13","3.0.3.1703","PSt7-10","180509-002","9/13/2019 10:46:52 AM","0000-00","0","no battery","V"
"06/11/2023","11:35:25","9","default","547630319","OXY_CH9","39.458","min","173.320","μmol/L","Humid","22.792","deg","127013","µV","26.707","°C","1016.000","hPa","35.9","pmil","0","55.690","deg","20.000","°C","100.000","%a.s.","22.400","deg","20.000","°C","962.000","hPa","0.861","-0.02617","0.00035","0","0","13.56","Humid","35.35","0","78.50","280633.20","SABD0002000014","AAV2.0.0.13","3.0.3.1703","PSt7-10","180509-002","9/13/2019 10:46:52 AM","0000-00","0","no battery","V"
"06/11/2023","11:35:26","9","default","547630319","OXY_CH9","39.475","min","173.398","μmol/L","Humid","22.791","deg","127015","µV","26.695","°C","1016.000","hPa","35.9","pmil","0","55.690","deg","20.000","°C","100.000","%a.s.","22.400","deg","20.000","°C","962.000","hPa","0.861","-0.02617","0.00035","0","0","13.56","Humid","35.35","0","78.50","280633.18","SABD0002000014","AAV2.0.0.13","3.0.3.1703","PSt7-10","180509-002","9/13/2019 10:46:52 AM","0000-00","0","no battery","V"
"06/11/2023","11:35:27","9","default","547630319","OXY_CH9","39.491","min","173.427","μmol/L","Humid","22.789","deg","127000","µV","26.695","°C","1016.000","hPa","35.9","pmil","0","55.690","deg","20.000","°C","100.000","%a.s.","22.400","deg","20.000","°C","962.000","hPa","0.861","-0.02617","0.00035","0","0","13.56","Humid","35.35","0","78.50","280630.58","SABD0002000014","AAV2.0.0.13","3.0.3.1703","PSt7-10","180509-002","9/13/2019 10:46:52 AM","0000-00","0","no battery","V"
"06/11/2023","11:35:28","9","default","547630319","OXY_CH9","39.508","min","173.425","μmol/L","Humid","22.787","deg","126983","µV","26.701","°C","1016.000","hPa","35.9","pmil","0","55.690","deg","20.000","°C","100.000","%a.s.","22.400","deg","20.000","°C","962.000","hPa","0.861","-0.02617","0.00035","0","0","13.56","Humid","35.35","0","78.50","280641.56","SABD0002000014","AAV2.0.0.13","3.0.3.1703","PSt7-10","180509-002","9/13/2019 10:46:52 AM","0000-00","0","no battery","V"
"06/11/2023","11:35:29","9","default","547630319","OXY_CH9","39.525","min","173.469","μmol/L","Humid","22.784","deg","126984","µV","26.701","°C","1016.000","hPa","35.9","pmil","0","55.690","deg","20.000","°C","100.000","%a.s.","22.400","deg","20.000","°C","962.000","hPa","0.861","-0.02617","0.00035","0","0","13.56","Humid","35.35","0","78.50","280648.19","SABD0002000014","AAV2.0.0.13","3.0.3.1703","PSt7-10","180509-002","9/13/2019 10:46:52 AM","0000-00","0","no battery","V"
"06/11/2023","11:35:30","9","default","547630319","OXY_CH9","39.541","min","173.501","μmol/L","Humid","22.784","deg","126972","µV","26.695","°C","1016.000","hPa","35.9","pmil","0","55.690","deg","20.000","°C","100.000","%a.s.","22.400","deg","20.000","°C","962.000","hPa","0.861","-0.02617","0.00035","0","0","13.56","Humid","35.35","0","78.50","280631.99","SABD0002000014","AAV2.0.0.13","3.0.3.1703","PSt7-10","180509-002","9/13/2019 10:46:52 AM","0000-00","0","no battery","V"
"06/11/2023","11:35:31","9","default","547630319","OXY_CH9","39.558","min","173.560","μmol/L","Humid","22.780","deg","126965","µV","26.695","°C","1016.000","hPa","35.9","pmil","0","55.690","deg","20.000","°C","100.000","%a.s.","22.400","deg","20.000","°C","962.000","hPa","0.861","-0.02617","0.00035","0","0","13.56","Humid","35.35","0","78.50","280630.56","SABD0002000014","AAV2.0.0.13","3.0.3.1703","PSt7-10","180509-002","9/13/2019 10:46:52 AM","0000-00","0","no battery","V"
"06/11/2023","11:35:32","9","default","547630319","OXY_CH9","39.575","min","173.530","μmol/L","Humid","22.782","deg","126960","µV","26.695","°C","1016.000","hPa","35.9","pmil","0","55.690","deg","20.000","°C","100.000","%a.s.","22.400","deg","20.000","°C","962.000","hPa","0.861","-0.02617","0.00035","0","0","13.56","Humid","35.35","0","78.50","280636.19","SABD0002000014","AAV2.0.0.13","3.0.3.1703","PSt7-10","180509-002","9/13/2019 10:46:52 AM","0000-00","0","no battery","V"
"06/11/2023","11:35:33","9","default","547630319","OXY_CH9","39.591","min","173.545","μmol/L","Humid","22.781","deg","126946","µV","26.695","°C","1016.000","hPa","35.9","pmil","0","55.690","deg","20.000","°C","100.000","%a.s.","22.400","deg","20.000","°C","962.000","hPa","0.861","-0.02617","0.00035","0","0","13.56","Humid","35.35","0","78.50","280621.78","SABD0002000014","AAV2.0.0.13","3.0.3.1703","PSt7-10","180509-002","9/13/2019 10:46:52 AM","0000-00","0","no battery","V"
"06/11/2023","11:35:34","9","default","547630319","OXY_CH9","39.608","min","173.589","μmol/L","Humid","22.778","deg","126929","µV","26.695","°C","1016.000","hPa","35.9","pmil","0","55.690","deg","20.000","°C","100.000","%a.s.","22.400","deg","20.000","°C","962.000","hPa","0.861","-0.02617","0.00035","0","0","13.56","Humid","35.35","0","78.50","280630.94","SABD0002000014","AAV2.0.0.13","3.0.3.1703","PSt7-10","180509-002","9/13/2019 10:46:52 AM","0000-00","0","no battery","V"
"06/11/2023","11:35:35","9","default","547630319","OXY_CH9","39.625","min","173.575","μmol/L","Humid","22.779","deg","126918","µV","26.695","°C","1016.000","hPa","35.9","pmil","0","55.690","deg","20.000","°C","100.000","%a.s.","22.400","deg","20.000","°C","962.000","hPa","0.861","-0.02617","0.00035","0","0","13.56","Humid","35.35","0","78.50","280621.97","SABD0002000014","AAV2.0.0.13","3.0.3.1703","PSt7-10","180509-002","9/13/2019 10:46:52 AM","0000-00","0","no battery","V"
"06/11/2023","11:35:36","9","default","547630319","OXY_CH9","39.641","min","173.558","μmol/L","Humid","22.778","deg","126907","µV","26.701","°C","1016.000","hPa","35.9","pmil","0","55.690","deg","20.000","°C","100.000","%a.s.","22.400","deg","20.000","°C","962.000","hPa","0.861","-0.02617","0.00035","0","0","13.56","Humid","35.35","0","78.50","280626.11","SABD0002000014","AAV2.0.0.13","3.0.3.1703","PSt7-10","180509-002","9/13/2019 10:46:52 AM","0000-00","0","no battery","V"
"06/11/2023","11:35:37","9","default","547630319","OXY_CH9","39.658","min","173.678","μmol/L","Humid","22.772","deg","126902","µV","26.695","°C","1016.000","hPa","35.9","pmil","0","55.690","deg","20.000","°C","100.000","%a.s.","22.400","deg","20.000","°C","962.000","hPa","0.861","-0.02617","0.00035","0","0","13.56","Humid","35.35","0","78.50","280622.91","SABD0002000014","AAV2.0.0.13","3.0.3.1703","PSt7-10","180509-002","9/13/2019 10:46:52 AM","0000-00","0","no battery","V"
"06/11/2023","11:35:38","9","default","547630319","OXY_CH9","39.675","min","173.632","μmol/L","Humid","22.773","deg","126896","µV","26.701","°C","1016.000","hPa","35.9","pmil","0","55.690","deg","20.000","°C","100.000","%a.s.","22.400","deg","20.000","°C","962.000","hPa","0.861","-0.02617","0.00035","0","0","13.56","Humid","35.35","0","78.50","280628.51","SABD0002000014","AAV2.0.0.13","3.0.3.1703","PSt7-10","180509-002","9/13/2019 10:46:52 AM","0000-00","0","no battery","V"
"06/11/2023","11:35:39","9","default","547630319","OXY_CH9","39.691","min","173.678","μmol/L","Humid","22.772","deg","126884","µV","26.695","°C","1016.000","hPa","35.9","pmil","0","55.690","deg","20.000","°C","100.000","%a.s.","22.400","deg","20.000","°C","962.000","hPa","0.861","-0.02617","0.00035","0","0","13.56","Humid","35.35","0","78.50","280629.31","SABD0002000014","AAV2.0.0.13","3.0.3.1703","PSt7-10","180509-002","9/13/2019 10:46:52 AM","0000-00","0","no battery","V"
"06/11/2023","11:35:40","9","default","547630319","OXY_CH9","39.708","min","173.693","μmol/L","Humid","22.771","deg","126877","µV","26.695","°C","1016.000","hPa","35.9","pmil","0","55.690","deg","20.000","°C","100.000","%a.s.","22.400","deg","20.000","°C","962.000","hPa","0.861","-0.02617","0.00035","0","0","13.56","Humid","35.35","0","78.50","280619.46","SABD0002000014","AAV2.0.0.13","3.0.3.1703","PSt7-10","180509-002","9/13/2019 10:46:52 AM","0000-00","0","no battery","V"
"06/11/2023","11:35:41","9","default","547630319","OXY_CH9","39.725","min","173.752","μmol/L","Humid","22.767","deg","126871","µV","26.695","°C","1016.000","hPa","35.9","pmil","0","55.690","deg","20.000","°C","100.000","%a.s.","22.400","deg","20.000","°C","962.000","hPa","0.861","-0.02617","0.00035","0","0","13.56","Humid","35.35","0","78.50","280630.17","SABD0002000014","AAV2.0.0.13","3.0.3.1703","PSt7-10","180509-002","9/13/2019 10:46:52 AM","0000-00","0","no battery","V"
"06/11/2023","11:35:42","9","default","547630319","OXY_CH9","39.741","min","173.840","μmol/L","Humid","22.761","deg","126861","µV","26.695","°C","1016.000","hPa","35.9","pmil","0","55.690","deg","20.000","°C","100.000","%a.s.","22.400","deg","20.000","°C","962.000","hPa","0.861","-0.02617","0.00035","0","0","13.56","Humid","35.35","0","78.50","280620.97","SABD0002000014","AAV2.0.0.13","3.0.3.1703","PSt7-10","180509-002","9/13/2019 10:46:52 AM","0000-00","0","no battery","V"
"06/11/2023","11:35:43","9","default","547630319","OXY_CH9","39.758","min","173.857","μmol/L","Humid","22.762","deg","126849","µV","26.689","°C","1016.000","hPa","35.9","pmil","0","55.690","deg","20.000","°C","100.000","%a.s.","22.400","deg","20.000","°C","962.000","hPa","0.861","-0.02617","0.00035","0","0","13.56","Humid","35.35","0","78.50","280628.63","SABD0002000014","AAV2.0.0.13","3.0.3.1703","PSt7-10","180509-002","9/13/2019 10:46:52 AM","0000-00","0","no battery","V"
"06/11/2023","11:35:44","9","default","547630319","OXY_CH9","39.774","min","173.857","μmol/L","Humid","22.762","deg","126833","µV","26.689","°C","1016.000","hPa","35.9","pmil","0","55.690","deg","20.000","°C","100.000","%a.s.","22.400","deg","20.000","°C","962.000","hPa","0.861","-0.02617","0.00035","0","0","13.56","Humid","35.35","0","78.50","280612.37","SABD0002000014","AAV2.0.0.13","3.0.3.1703","PSt7-10","180509-002","9/13/2019 10:46:52 AM","0000-00","0","no battery","V"
"06/11/2023","11:35:45","9","default","547630319","OXY_CH9","39.791","min","173.811","μmol/L","Humid","22.763","deg","126827","µV","26.695","°C","1016.000","hPa","35.9","pmil","0","55.690","deg","20.000","°C","100.000","%a.s.","22.400","deg","20.000","°C","962.000","hPa","0.861","-0.02617","0.00035","0","0","13.56","Humid","35.35","0","78.50","280620.16","SABD0002000014","AAV2.0.0.13","3.0.3.1703","PSt7-10","180509-002","9/13/2019 10:46:52 AM","0000-00","0","no battery","V"
"06/11/2023","11:35:46","9","default","547630319","OXY_CH9","39.808","min","173.794","μmol/L","Humid","22.762","deg","126826","µV","26.701","°C","1016.000","hPa","35.9","pmil","0","55.690","deg","20.000","°C","100.000","%a.s.","22.400","deg","20.000","°C","962.000","hPa","0.861","-0.02617","0.00035","0","0","13.56","Humid","35.35","0","78.50","280623.54","SABD0002000014","AAV2.0.0.13","3.0.3.1703","PSt7-10","180509-002","9/13/2019 10:46:52 AM","0000-00","0","no battery","V"
"06/11/2023","11:35:47","9","default","547630319","OXY_CH9","39.824","min","173.794","μmol/L","Humid","22.762","deg","126807","µV","26.701","°C","1016.000","hPa","35.9","pmil","0","55.690","deg","20.000","°C","100.000","%a.s.","22.400","deg","20.000","°C","962.000","hPa","0.861","-0.02617","0.00035","0","0","13.56","Humid","35.35","0","78.50","280618.85","SABD0002000014","AAV2.0.0.13","3.0.3.1703","PSt7-10","180509-002","9/13/2019 10:46:52 AM","0000-00","0","no battery","V"
"06/11/2023","11:35:48","9","default","547630319","OXY_CH9","39.842","min","173.807","μmol/L","Humid","22.759","deg","126802","µV","26.707","°C","1016.000","hPa","35.9","pmil","0","55.690","deg","20.000","°C","100.000","%a.s.","22.400","deg","20.000","°C","962.000","hPa","0.861","-0.02617","0.00035","0","0","13.56","Humid","35.35","0","78.50","280615.07","SABD0002000014","AAV2.0.0.13","3.0.3.1703","PSt7-10","180509-002","9/13/2019 10:46:52 AM","0000-00","0","no battery","V"
"06/11/2023","11:35:49","9","default","547630319","OXY_CH9","39.858","min","173.885","μmol/L","Humid","22.758","deg","126789","µV","26.695","°C","1016.000","hPa","35.9","pmil","0","55.690","deg","20.000","°C","100.000","%a.s.","22.400","deg","20.000","°C","962.000","hPa","0.861","-0.02617","0.00035","0","0","13.56","Humid","35.35","0","78.50","280624.08","SABD0002000014","AAV2.0.0.13","3.0.3.1703","PSt7-10","180509-002","9/13/2019 10:46:52 AM","0000-00","0","no battery","V"
"06/11/2023","11:35:50","9","default","547630319","OXY_CH9","39.875","min","173.866","μmol/L","Humid","22.755","deg","126776","µV","26.707","°C","1016.000","hPa","35.9","pmil","0","55.690","deg","20.000","°C","100.000","%a.s.","22.400","deg","20.000","°C","962.000","hPa","0.861","-0.02617","0.00035","0","0","13.56","Humid","35.35","0","78.50","280606.00","SABD0002000014","AAV2.0.0.13","3.0.3.1703","PSt7-10","180509-002","9/13/2019 10:46:52 AM","0000-00","0","no battery","V"
"06/11/2023","11:35:51","9","default","547630319","OXY_CH9","39.891","min","173.973","μmol/L","Humid","22.752","deg","126764","µV","26.695","°C","1016.000","hPa","35.9","pmil","0","55.690","deg","20.000","°C","100.000","%a.s.","22.400","deg","20.000","°C","962.000","hPa","0.861","-0.02617","0.00035","0","0","13.56","Humid","35.35","0","78.50","280601.83","SABD0002000014","AAV2.0.0.13","3.0.3.1703","PSt7-10","180509-002","9/13/2019 10:46:52 AM","0000-00","0","no battery","V"
"06/11/2023","11:35:52","9","default","547630319","OXY_CH9","39.908","min","173.942","μmol/L","Humid","22.752","deg","126761","µV","26.701","°C","1016.000","hPa","35.9","pmil","0","55.690","deg","20.000","°C","100.000","%a.s.","22.400","deg","20.000","°C","962.000","hPa","0.861","-0.02617","0.00035","0","0","13.56","Humid","35.35","0","78.50","280616.33","SABD0002000014","AAV2.0.0.13","3.0.3.1703","PSt7-10","180509-002","9/13/2019 10:46:52 AM","0000-00","0","no battery","V"
"06/11/2023","11:35:53","9","default","547630319","OXY_CH9","39.925","min","174.060","μmol/L","Humid","22.744","deg","126751","µV","26.701","°C","1016.000","hPa","35.9","pmil","0","55.690","deg","20.000","°C","100.000","%a.s.","22.400","deg","20.000","°C","962.000","hPa","0.861","-0.02617","0.00035","0","0","13.56","Humid","35.35","0","78.50","280620.42","SABD0002000014","AAV2.0.0.13","3.0.3.1703","PSt7-10","180509-002","9/13/2019 10:46:52 AM","0000-00","0","no battery","V"
"06/11/2023","11:35:54","9","default","547630319","OXY_CH9","39.941","min","173.971","μmol/L","Humid","22.750","deg","126741","µV","26.701","°C","1016.000","hPa","35.9","pmil","0","55.690","deg","20.000","°C","100.000","%a.s.","22.400","deg","20.000","°C","962.000","hPa","0.861","-0.02617","0.00035","0","0","13.56","Humid","35.35","0","78.50","280603.36","SABD0002000014","AAV2.0.0.13","3.0.3.1703","PSt7-10","180509-002","9/13/2019 10:46:52 AM","0000-00","0","no battery","V"
"06/11/2023","11:35:55","9","default","547630319","OXY_CH9","39.958","min","174.001","μmol/L","Humid","22.748","deg","126728","µV","26.701","°C","1016.000","hPa","35.9","pmil","0","55.690","deg","20.000","°C","100.000","%a.s.","22.400","deg","20.000","°C","962.000","hPa","0.861","-0.02617","0.00035","0","0","13.56","Humid","35.35","0","78.50","280608.00","SABD0002000014","AAV2.0.0.13","3.0.3.1703","PSt7-10","180509-002","9/13/2019 10:46:52 AM","0000-00","0","no battery","V"
"06/11/2023","11:35:56","9","default","547630319","OXY_CH9","39.975","min","174.031","μmol/L","Humid","22.746","deg","126721","µV","26.701","°C","1016.000","hPa","35.9","pmil","0","55.690","deg","20.000","°C","100.000","%a.s.","22.400","deg","20.000","°C","962.000","hPa","0.861","-0.02617","0.00035","0","0","13.56","Humid","35.35","0","78.50","280611.74","SABD0002000014","AAV2.0.0.13","3.0.3.1703","PSt7-10","180509-002","9/13/2019 10:46:52 AM","0000-00","0","no battery","V"
"06/11/2023","11:35:57","9","default","547630319","OXY_CH9","39.991","min","174.029","μmol/L","Humid","22.744","deg","126713","µV","26.707","°C","1016.000","hPa","35.9","pmil","0","55.690","deg","20.000","°C","100.000","%a.s.","22.400","deg","20.000","°C","962.000","hPa","0.861","-0.02617","0.00035","0","0","13.56","Humid","35.35","0","78.50","280602.26","SABD0002000014","AAV2.0.0.13","3.0.3.1703","PSt7-10","180509-002","9/13/2019 10:46:52 AM","0000-00","0","no battery","V"
"06/11/2023","11:35:58","9","default","547630319","OXY_CH9","40.008","min","174.045","μmol/L","Humid","22.745","deg","126708","µV","26.701","°C","1016.000","hPa","35.9","pmil","0","55.690","deg","20.000","°C","100.000","%a.s.","22.400","deg","20.000","°C","962.000","hPa","0.861","-0.02617","0.00035","0","0","13.56","Humid","35.35","0","78.50","280618.66","SABD0002000014","AAV2.0.0.13","3.0.3.1703","PSt7-10","180509-002","9/13/2019 10:46:52 AM","0000-00","0","no battery","V"
"06/11/2023","11:35:59","9","default","547630319","OXY_CH9","40.025","min","174.075","μmol/L","Humid","22.743","deg","126694","µV","26.701","°C","1016.000","hPa","35.9","pmil","0","55.690","deg","20.000","°C","100.000","%a.s.","22.400","deg","20.000","°C","962.000","hPa","0.861","-0.02617","0.00035","0","0","13.56","Humid","35.35","0","78.50","280609.06","SABD0002000014","AAV2.0.0.13","3.0.3.1703","PSt7-10","180509-002","9/13/2019 10:46:52 AM","0000-00","0","no battery","V"
"06/11/2023","11:36:00","9","default","547630319","OXY_CH9","40.041","min","174.151","μmol/L","Humid","22.740","deg","126686","µV","26.695","°C","1016.000","hPa","35.9","pmil","0","55.690","deg","20.000","°C","100.000","%a.s.","22.400","deg","20.000","°C","962.000","hPa","0.861","-0.02617","0.00035","0","0","13.56","Humid","35.35","0","78.50","280607.03","SABD0002000014","AAV2.0.0.13","3.0.3.1703","PSt7-10","180509-002","9/13/2019 10:46:52 AM","0000-00","0","no battery","V"
"06/11/2023","11:36:01","9","default","547630319","OXY_CH9","40.058","min","174.119","μmol/L","Humid","22.740","deg","126675","µV","26.701","°C","1016.000","hPa","35.9","pmil","0","55.690","deg","20.000","°C","100.000","%a.s.","22.400","deg","20.000","°C","962.000","hPa","0.861","-0.02617","0.00035","0","0","13.56","Humid","35.35","0","78.50","280610.68","SABD0002000014","AAV2.0.0.13","3.0.3.1703","PSt7-10","180509-002","9/13/2019 10:46:52 AM","0000-00","0","no battery","V"
"06/11/2023","11:36:02","9","default","547630319","OXY_CH9","40.075","min","174.117","μmol/L","Humid","22.738","deg","126666","µV","26.707","°C","1016.000","hPa","35.9","pmil","0","55.690","deg","20.000","°C","100.000","%a.s.","22.400","deg","20.000","°C","962.000","hPa","0.861","-0.02617","0.00035","0","0","13.56","Humid","35.35","0","78.50","280609.22","SABD0002000014","AAV2.0.0.13","3.0.3.1703","PSt7-10","180509-002","9/13/2019 10:46:52 AM","0000-00","0","no battery","V"
"06/11/2023","11:36:03","9","default","547630319","OXY_CH9","40.091","min","174.164","μmol/L","Humid","22.737","deg","126656","µV","26.701","°C","1016.000","hPa","35.9","pmil","0","55.690","deg","20.000","°C","100.000","%a.s.","22.400","deg","20.000","°C","962.000","hPa","0.861","-0.02617","0.00035","0","0","13.56","Humid","35.35","0","78.50","280606.58","SABD0002000014","AAV2.0.0.13","3.0.3.1703","PSt7-10","180509-002","9/13/2019 10:46:52 AM","0000-00","0","no battery","V"
"06/11/2023","11:36:04","9","default","547630319","OXY_CH9","40.108","min","174.179","μmol/L","Humid","22.736","deg","126647","µV","26.701","°C","1016.000","hPa","35.9","pmil","0","55.690","deg","20.000","°C","100.000","%a.s.","22.400","deg","20.000","°C","962.000","hPa","0.861","-0.02617","0.00035","0","0","13.56","Humid","35.35","0","78.50","280611.83","SABD0002000014","AAV2.0.0.13","3.0.3.1703","PSt7-10","180509-002","9/13/2019 10:46:52 AM","0000-00","0","no battery","V"
"06/11/2023","11:36:05","9","default","547630319","OXY_CH9","40.125","min","174.314","μmol/L","Humid","22.729","deg","126642","µV","26.695","°C","1016.000","hPa","35.9","pmil","0","55.690","deg","20.000","°C","100.000","%a.s.","22.400","deg","20.000","°C","962.000","hPa","0.861","-0.02617","0.00035","0","0","13.56","Humid","35.35","0","78.50","280613.33","SABD0002000014","AAV2.0.0.13","3.0.3.1703","PSt7-10","180509-002","9/13/2019 10:46:52 AM","0000-00","0","no battery","V"
"06/11/2023","11:36:06","9","default","547630319","OXY_CH9","40.141","min","174.223","μmol/L","Humid","22.733","deg","126630","µV","26.701","°C","1016.000","hPa","35.9","pmil","0","55.690","deg","20.000","°C","100.000","%a.s.","22.400","deg","20.000","°C","962.000","hPa","0.861","-0.02617","0.00035","0","0","13.56","Humid","35.35","0","78.50","280607.97","SABD0002000014","AAV2.0.0.13","3.0.3.1703","PSt7-10","180509-002","9/13/2019 10:46:52 AM","0000-00","0","no battery","V"
"06/11/2023","11:36:07","9","default","547630319","OXY_CH9","40.158","min","174.255","μmol/L","Humid","22.733","deg","126622","µV","26.695","°C","1016.000","hPa","35.9","pmil","0","55.690","deg","20.000","°C","100.000","%a.s.","22.400","deg","20.000","°C","962.000","hPa","0.861","-0.02617","0.00035","0","0","13.56","Humid","35.35","0","78.50","280610.04","SABD0002000014","AAV2.0.0.13","3.0.3.1703","PSt7-10","180509-002","9/13/2019 10:46:52 AM","0000-00","0","no battery","V"
"06/11/2023","11:36:08","9","default","547630319","OXY_CH9","40.175","min","174.238","μmol/L","Humid","22.732","deg","126612","µV","26.701","°C","1016.000","hPa","35.9","pmil","0","55.690","deg","20.000","°C","100.000","%a.s.","22.400","deg","20.000","°C","962.000","hPa","0.861","-0.02617","0.00035","0","0","13.56","Humid","35.35","0","78.50","280599.65","SABD0002000014","AAV2.0.0.13","3.0.3.1703","PSt7-10","180509-002","9/13/2019 10:46:52 AM","0000-00","0","no battery","V"
"06/11/2023","11:36:09","9","default","547630319","OXY_CH9","40.191","min","174.329","μmol/L","Humid","22.728","deg","126599","µV","26.695","°C","1016.000","hPa","35.9","pmil","0","55.690","deg","20.000","°C","100.000","%a.s.","22.400","deg","20.000","°C","962.000","hPa","0.861","-0.02617","0.00035","0","0","13.56","Humid","35.35","0","78.50","280601.21","SABD0002000014","AAV2.0.0.13","3.0.3.1703","PSt7-10","180509-002","9/13/2019 10:46:52 AM","0000-00","0","no battery","V"
"06/11/2023","11:36:10","9","default","547630319","OXY_CH9","40.208","min","174.312","μmol/L","Humid","22.727","deg","126595","µV","26.701","°C","1016.000","hPa","35.9","pmil","0","55.690","deg","20.000","°C","100.000","%a.s.","22.400","deg","20.000","°C","962.000","hPa","0.861","-0.02617","0.00035","0","0","13.56","Humid","35.35","0","78.50","280613.84","SABD0002000014","AAV2.0.0.13","3.0.3.1703","PSt7-10","180509-002","9/13/2019 10:46:52 AM","0000-00","0","no battery","V"
"06/11/2023","11:36:11","9","default","547630319","OXY_CH9","40.224","min","174.282","μmol/L","Humid","22.729","deg","126589","µV","26.701","°C","1016.000","hPa","35.9","pmil","0","55.690","deg","20.000","°C","100.000","%a.s.","22.400","deg","20.000","°C","962.000","hPa","0.861","-0.02617","0.00035","0","0","13.56","Humid","35.35","0","78.50","280595.45","SABD0002000014","AAV2.0.0.13","3.0.3.1703","PSt7-10","180509-002","9/13/2019 10:46:52 AM","0000-00","0","no battery","V"
"06/11/2023","11:36:12","9","default","547630319","OXY_CH9","40.241","min","174.433","μmol/L","Humid","22.721","deg","126573","µV","26.695","°C","1016.000","hPa","35.9","pmil","0","55.690","deg","20.000","°C","100.000","%a.s.","22.400","deg","20.000","°C","962.000","hPa","0.861","-0.02617","0.00035","0","0","13.56","Humid","35.35","0","78.50","280602.03","SABD0002000014","AAV2.0.0.13","3.0.3.1703","PSt7-10","180509-002","9/13/2019 10:46:52 AM","0000-00","0","no battery","V"
"06/11/2023","11:36:13","9","default","547630319","OXY_CH9","40.258","min","174.371","μmol/L","Humid","22.723","deg","126566","µV","26.701","°C","1016.000","hPa","35.9","pmil","0","55.690","deg","20.000","°C","100.000","%a.s.","22.400","deg","20.000","°C","962.000","hPa","0.861","-0.02617","0.00035","0","0","13.56","Humid","35.35","0","78.50","280594.79","SABD0002000014","AAV2.0.0.13","3.0.3.1703","PSt7-10","180509-002","9/13/2019 10:46:52 AM","0000-00","0","no battery","V"
"06/11/2023","11:36:14","9","default","547630319","OXY_CH9","40.274","min","174.447","μmol/L","Humid","22.720","deg","126557","µV","26.695","°C","1016.000","hPa","35.9","pmil","0","55.690","deg","20.000","°C","100.000","%a.s.","22.400","deg","20.000","°C","962.000","hPa","0.861","-0.02617","0.00035","0","0","13.56","Humid","35.35","0","78.50","280607.83","SABD0002000014","AAV2.0.0.13","3.0.3.1703","PSt7-10","180509-002","9/13/2019 10:46:52 AM","0000-00","0","no battery","V"
"06/11/2023","11:36:15","9","default","547630319","OXY_CH9","40.291","min","174.418","μmol/L","Humid","22.722","deg","126550","µV","26.695","°C","1016.000","hPa","35.9","pmil","0","55.690","deg","20.000","°C","100.000","%a.s.","22.400","deg","20.000","°C","962.000","hPa","0.861","-0.02617","0.00035","0","0","13.56","Humid","35.35","0","78.50","280589.27","SABD0002000014","AAV2.0.0.13","3.0.3.1703","PSt7-10","180509-002","9/13/2019 10:46:52 AM","0000-00","0","no battery","V"
"06/11/2023","11:36:16","9","default","547630319","OXY_CH9","40.308","min","174.418","μmol/L","Humid","22.722","deg","126545","µV","26.695","°C","1016.000","hPa","35.9","pmil","0","55.690","deg","20.000","°C","100.000","%a.s.","22.400","deg","20.000","°C","962.000","hPa","0.861","-0.02617","0.00035","0","0","13.56","Humid","35.35","0","78.50","280598.27","SABD0002000014","AAV2.0.0.13","3.0.3.1703","PSt7-10","180509-002","9/13/2019 10:46:52 AM","0000-00","0","no battery","V"
"06/11/2023","11:36:17","9","default","547630319","OXY_CH9","40.324","min","174.477","μmol/L","Humid","22.718","deg","126534","µV","26.695","°C","1016.000","hPa","35.9","pmil","0","55.690","deg","20.000","°C","100.000","%a.s.","22.400","deg","20.000","°C","962.000","hPa","0.861","-0.02617","0.00035","0","0","13.56","Humid","35.35","0","78.50","280592.51","SABD0002000014","AAV2.0.0.13","3.0.3.1703","PSt7-10","180509-002","9/13/2019 10:46:52 AM","0000-00","0","no battery","V"
"06/11/2023","11:36:18","9","default","547630319","OXY_CH9","40.341","min","174.447","μmol/L","Humid","22.720","deg","126520","µV","26.695","°C","1016.000","hPa","35.9","pmil","0","55.690","deg","20.000","°C","100.000","%a.s.","22.400","deg","20.000","°C","962.000","hPa","0.861","-0.02617","0.00035","0","0","13.56","Humid","35.35","0","78.50","280588.48","SABD0002000014","AAV2.0.0.13","3.0.3.1703","PSt7-10","180509-002","9/13/2019 10:46:52 AM","0000-00","0","no battery","V"
"06/11/2023","11:36:19","9","default","547630319","OXY_CH9","40.358","min","174.507","μmol/L","Humid","22.716","deg","126521","µV","26.695","°C","1016.000","hPa","35.9","pmil","0","55.690","deg","20.000","°C","100.000","%a.s.","22.400","deg","20.000","°C","962.000","hPa","0.861","-0.02617","0.00035","0","0","13.56","Humid","35.35","0","78.50","280595.81","SABD0002000014","AAV2.0.0.13","3.0.3.1703","PSt7-10","180509-002","9/13/2019 10:46:52 AM","0000-00","0","no battery","V"
"06/11/2023","11:36:20","9","default","547630319","OXY_CH9","40.375","min","174.522","μmol/L","Humid","22.715","deg","126510","µV","26.695","°C","1016.000","hPa","35.9","pmil","0","55.690","deg","20.000","°C","100.000","%a.s.","22.400","deg","20.000","°C","962.000","hPa","0.861","-0.02617","0.00035","0","0","13.56","Humid","35.35","0","78.50","280608.93","SABD0002000014","AAV2.0.0.13","3.0.3.1703","PSt7-10","180509-002","9/13/2019 10:46:52 AM","0000-00","0","no battery","V"
"06/11/2023","11:36:21","9","default","547630319","OXY_CH9","40.392","min","174.564","μmol/L","Humid","22.710","deg","126493","µV","26.701","°C","1016.000","hPa","35.9","pmil","0","55.690","deg","20.000","°C","100.000","%a.s.","22.400","deg","20.000","°C","962.000","hPa","0.861","-0.02617","0.00035","0","0","13.56","Humid","35.35","0","78.50","280588.75","SABD0002000014","AAV2.0.0.13","3.0.3.1703","PSt7-10","180509-002","9/13/2019 10:46:52 AM","0000-00","0","no battery","V"
"06/11/2023","11:36:22","9","default","547630319","OXY_CH9","40.409","min","174.579","μmol/L","Humid","22.709","deg","126493","µV","26.701","°C","1016.000","hPa","35.9","pmil","0","55.690","deg","20.000","°C","100.000","%a.s.","22.400","deg","20.000","°C","962.000","hPa","0.861","-0.02617","0.00035","0","0","13.56","Humid","35.35","0","78.50","280604.89","SABD0002000014","AAV2.0.0.13","3.0.3.1703","PSt7-10","180509-002","9/13/2019 10:46:52 AM","0000-00","0","no battery","V"
"06/11/2023","11:36:23","9","default","547630319","OXY_CH9","40.425","min","174.564","μmol/L","Humid","22.710","deg","126475","µV","26.701","°C","1016.000","hPa","35.9","pmil","0","55.690","deg","20.000","°C","100.000","%a.s.","22.400","deg","20.000","°C","962.000","hPa","0.861","-0.02617","0.00035","0","0","13.56","Humid","35.35","0","78.50","280590.19","SABD0002000014","AAV2.0.0.13","3.0.3.1703","PSt7-10","180509-002","9/13/2019 10:46:52 AM","0000-00","0","no battery","V"
"06/11/2023","11:36:24","9","default","547630319","OXY_CH9","40.442","min","174.594","μmol/L","Humid","22.708","deg","126469","µV","26.701","°C","1016.000","hPa","35.9","pmil","0","55.690","deg","20.000","°C","100.000","%a.s.","22.400","deg","20.000","°C","962.000","hPa","0.861","-0.02617","0.00035","0","0","13.56","Humid","35.35","0","78.50","280592.67","SABD0002000014","AAV2.0.0.13","3.0.3.1703","PSt7-10","180509-002","9/13/2019 10:46:52 AM","0000-00","0","no battery","V"
"06/11/2023","11:36:25","9","default","547630319","OXY_CH9","40.458","min","174.639","μmol/L","Humid","22.705","deg","126460","µV","26.701","°C","1016.000","hPa","35.9","pmil","0","55.690","deg","20.000","°C","100.000","%a.s.","22.400","deg","20.000","°C","962.000","hPa","0.861","-0.02617","0.00035","0","0","13.56","Humid","35.35","0","78.50","280578.20","SABD0002000014","AAV2.0.0.13","3.0.3.1703","PSt7-10","180509-002","9/13/2019 10:46:52 AM","0000-00","0","no battery","V"
"06/11/2023","11:36:26","9","default","547630319","OXY_CH9","40.475","min","174.639","μmol/L","Humid","22.705","deg","126456","µV","26.701","°C","1016.000","hPa","35.9","pmil","0","55.690","deg","20.000","°C","100.000","%a.s.","22.400","deg","20.000","°C","962.000","hPa","0.861","-0.02617","0.00035","0","0","13.56","Humid","35.35","0","78.50","280594.49","SABD0002000014","AAV2.0.0.13","3.0.3.1703","PSt7-10","180509-002","9/13/2019 10:46:52 AM","0000-00","0","no battery","V"
"06/11/2023","11:36:27","9","default","547630319","OXY_CH9","40.491","min","174.670","μmol/L","Humid","22.705","deg","126440","µV","26.695","°C","1016.000","hPa","35.9","pmil","0","55.690","deg","20.000","°C","100.000","%a.s.","22.400","deg","20.000","°C","962.000","hPa","0.861","-0.02617","0.00035","0","0","13.56","Humid","35.35","0","78.50","280586.75","SABD0002000014","AAV2.0.0.13","3.0.3.1703","PSt7-10","180509-002","9/13/2019 10:46:52 AM","0000-00","0","no battery","V"
"06/11/2023","11:36:28","9","default","547630319","OXY_CH9","40.508","min","174.715","μmol/L","Humid","22.702","deg","126435","µV","26.695","°C","1016.000","hPa","35.9","pmil","0","55.690","deg","20.000","°C","100.000","%a.s.","22.400","deg","20.000","°C","962.000","hPa","0.861","-0.02617","0.00035","0","0","13.56","Humid","35.35","0","78.50","280593.17","SABD0002000014","AAV2.0.0.13","3.0.3.1703","PSt7-10","180509-002","9/13/2019 10:46:52 AM","0000-00","0","no battery","V"
"06/11/2023","11:36:29","9","default","547630319","OXY_CH9","40.525","min","174.683","μmol/L","Humid","22.702","deg","126432","µV","26.701","°C","1016.000","hPa","35.9","pmil","0","55.690","deg","20.000","°C","100.000","%a.s.","22.400","deg","20.000","°C","962.000","hPa","0.861","-0.02617","0.00035","0","0","13.56","Humid","35.35","0","78.50","280598.60","SABD0002000014","AAV2.0.0.13","3.0.3.1703","PSt7-10","180509-002","9/13/2019 10:46:52 AM","0000-00","0","no battery","V"
"06/11/2023","11:36:30","9","default","547630319","OXY_CH9","40.541","min","174.713","μmol/L","Humid","22.700","deg","126418","µV","26.701","°C","1016.000","hPa","35.9","pmil","0","55.690","deg","20.000","°C","100.000","%a.s.","22.400","deg","20.000","°C","962.000","hPa","0.861","-0.02617","0.00035","0","0","13.56","Humid","35.35","0","78.50","280584.18","SABD0002000014","AAV2.0.0.13","3.0.3.1703","PSt7-10","180509-002","9/13/2019 10:46:52 AM","0000-00","0","no battery","V"
"06/11/2023","11:36:31","9","default","547630319","OXY_CH9","40.558","min","174.804","μmol/L","Humid","22.696","deg","126406","µV","26.695","°C","1016.000","hPa","35.9","pmil","0","55.690","deg","20.000","°C","100.000","%a.s.","22.400","deg","20.000","°C","962.000","hPa","0.861","-0.02617","0.00035","0","0","13.56","Humid","35.35","0","78.50","280577.30","SABD0002000014","AAV2.0.0.13","3.0.3.1703","PSt7-10","180509-002","9/13/2019 10:46:52 AM","0000-00","0","no battery","V"
"06/11/2023","11:36:32","9","default","547630319","OXY_CH9","40.574","min","174.757","μmol/L","Humid","22.697","deg","126409","µV","26.701","°C","1016.000","hPa","35.9","pmil","0","55.690","deg","20.000","°C","100.000","%a.s.","22.400","deg","20.000","°C","962.000","hPa","0.861","-0.02617","0.00035","0","0","13.56","Humid","35.35","0","78.50","280603.16","SABD0002000014","AAV2.0.0.13","3.0.3.1703","PSt7-10","180509-002","9/13/2019 10:46:52 AM","0000-00","0","no battery","V"
"06/11/2023","11:36:33","9","default","547630319","OXY_CH9","40.591","min","174.849","μmol/L","Humid","22.693","deg","126392","µV","26.695","°C","1016.000","hPa","35.9","pmil","0","55.690","deg","20.000","°C","100.000","%a.s.","22.400","deg","20.000","°C","962.000","hPa","0.861","-0.02617","0.00035","0","0","13.56","Humid","35.35","0","78.50","280586.39","SABD0002000014","AAV2.0.0.13","3.0.3.1703","PSt7-10","180509-002","9/13/2019 10:46:52 AM","0000-00","0","no battery","V"
"06/11/2023","11:36:34","9","default","547630319","OXY_CH9","40.608","min","174.757","μmol/L","Humid","22.697","deg","126382","µV","26.701","°C","1016.000","hPa","35.9","pmil","0","55.690","deg","20.000","°C","100.000","%a.s.","22.400","deg","20.000","°C","962.000","hPa","0.861","-0.02617","0.00035","0","0","13.56","Humid","35.35","0","78.50","280588.46","SABD0002000014","AAV2.0.0.13","3.0.3.1703","PSt7-10","180509-002","9/13/2019 10:46:52 AM","0000-00","0","no battery","V"
"06/11/2023","11:36:35","9","default","547630319","OXY_CH9","40.625","min","174.849","μmol/L","Humid","22.693","deg","126372","µV","26.695","°C","1016.000","hPa","35.9","pmil","0","55.690","deg","20.000","°C","100.000","%a.s.","22.400","deg","20.000","°C","962.000","hPa","0.861","-0.02617","0.00035","0","0","13.56","Humid","35.35","0","78.50","280579.89","SABD0002000014","AAV2.0.0.13","3.0.3.1703","PSt7-10","180509-002","9/13/2019 10:46:52 AM","0000-00","0","no battery","V"
"06/11/2023","11:36:36","9","default","547630319","OXY_CH9","40.642","min","174.847","μmol/L","Humid","22.691","deg","126370","µV","26.701","°C","1016.000","hPa","35.9","pmil","0","55.690","deg","20.000","°C","100.000","%a.s.","22.400","deg","20.000","°C","962.000","hPa","0.861","-0.02617","0.00035","0","0","13.56","Humid","35.35","0","78.50","280580.81","SABD0002000014","AAV2.0.0.13","3.0.3.1703","PSt7-10","180509-002","9/13/2019 10:46:52 AM","0000-00","0","no battery","V"
"06/11/2023","11:36:37","9","default","547630319","OXY_CH9","40.658","min","174.832","μmol/L","Humid","22.692","deg","126359","µV","26.701","°C","1016.000","hPa","35.9","pmil","0","55.690","deg","20.000","°C","100.000","%a.s.","22.400","deg","20.000","°C","962.000","hPa","0.861","-0.02617","0.00035","0","0","13.56","Humid","35.35","0","78.50","280588.20","SABD0002000014","AAV2.0.0.13","3.0.3.1703","PSt7-10","180509-002","9/13/2019 10:46:52 AM","0000-00","0","no battery","V"
"06/11/2023","11:36:38","9","default","547630319","OXY_CH9","40.675","min","174.864","μmol/L","Humid","22.692","deg","126346","µV","26.695","°C","1016.000","hPa","35.9","pmil","0","55.690","deg","20.000","°C","100.000","%a.s.","22.400","deg","20.000","°C","962.000","hPa","0.861","-0.02617","0.00035","0","0","13.56","Humid","35.35","0","78.50","280589.67","SABD0002000014","AAV2.0.0.13","3.0.3.1703","PSt7-10","180509-002","9/13/2019 10:46:52 AM","0000-00","0","no battery","V"
"06/11/2023","11:36:39","9","default","547630319","OXY_CH9","40.692","min","174.845","μmol/L","Humid","22.689","deg","126344","µV","26.707","°C","1016.000","hPa","35.9","pmil","0","55.690","deg","20.000","°C","100.000","%a.s.","22.400","deg","20.000","°C","962.000","hPa","0.861","-0.02617","0.00035","0","0","13.56","Humid","35.35","0","78.50","280599.67","SABD0002000014","AAV2.0.0.13","3.0.3.1703","PSt7-10","180509-002","9/13/2019 10:46:52 AM","0000-00","0","no battery","V"
"06/11/2023","11:36:40","9","default","547630319","OXY_CH9","40.708","min","174.953","μmol/L","Humid","22.686","deg","126331","µV","26.695","°C","1016.000","hPa","35.9","pmil","0","55.690","deg","20.000","°C","100.000","%a.s.","22.400","deg","20.000","°C","962.000","hPa","0.861","-0.02617","0.00035","0","0","13.56","Humid","35.35","0","78.50","280590.23","SABD0002000014","AAV2.0.0.13","3.0.3.1703","PSt7-10","180509-002","9/13/2019 10:46:52 AM","0000-00","0","no battery","V"
"06/11/2023","11:36:41","9","default","547630319","OXY_CH9","40.725","min","175.013","μmol/L","Humid","22.682","deg","126326","µV","26.695","°C","1016.000","hPa","35.9","pmil","0","55.690","deg","20.000","°C","100.000","%a.s.","22.400","deg","20.000","°C","962.000","hPa","0.861","-0.02617","0.00035","0","0","13.56","Humid","35.35","0","78.50","280599.25","SABD0002000014","AAV2.0.0.13","3.0.3.1703","PSt7-10","180509-002","9/13/2019 10:46:52 AM","0000-00","0","no battery","V"
"06/11/2023","11:36:42","9","default","547630319","OXY_CH9","40.741","min","174.998","μmol/L","Humid","22.683","deg","126307","µV","26.695","°C","1016.000","hPa","35.9","pmil","0","55.690","deg","20.000","°C","100.000","%a.s.","22.400","deg","20.000","°C","962.000","hPa","0.861","-0.02617","0.00035","0","0","13.56","Humid","35.35","0","78.50","280583.85","SABD0002000014","AAV2.0.0.13","3.0.3.1703","PSt7-10","180509-002","9/13/2019 10:46:52 AM","0000-00","0","no battery","V"
"06/11/2023","11:36:43","9","default","547630319","OXY_CH9","40.758","min","174.951","μmol/L","Humid","22.684","deg","126313","µV","26.701","°C","1016.000","hPa","35.9","pmil","0","55.690","deg","20.000","°C","100.000","%a.s.","22.400","deg","20.000","°C","962.000","hPa","0.861","-0.02617","0.00035","0","0","13.56","Humid","35.35","0","78.50","280585.74","SABD0002000014","AAV2.0.0.13","3.0.3.1703","PSt7-10","180509-002","9/13/2019 10:46:52 AM","0000-00","0","no battery","V"
"06/11/2023","11:36:44","9","default","547630319","OXY_CH9","40.775","min","174.998","μmol/L","Humid","22.683","deg","126293","µV","26.695","°C","1016.000","hPa","35.9","pmil","0","55.690","deg","20.000","°C","100.000","%a.s.","22.400","deg","20.000","°C","962.000","hPa","0.861","-0.02617","0.00035","0","0","13.56","Humid","35.35","0","78.50","280576.91","SABD0002000014","AAV2.0.0.13","3.0.3.1703","PSt7-10","180509-002","9/13/2019 10:46:52 AM","0000-00","0","no battery","V"
"06/11/2023","11:36:45","9","default","547630319","OXY_CH9","40.791","min","175.042","μmol/L","Humid","22.680","deg","126286","µV","26.695","°C","1016.000","hPa","35.9","pmil","0","55.690","deg","20.000","°C","100.000","%a.s.","22.400","deg","20.000","°C","962.000","hPa","0.861","-0.02617","0.00035","0","0","13.56","Humid","35.35","0","78.50","280587.70","SABD0002000014","AAV2.0.0.13","3.0.3.1703","PSt7-10","180509-002","9/13/2019 10:46:52 AM","0000-00","0","no battery","V"
"06/11/2023","11:36:46","9","default","547630319","OXY_CH9","40.808","min","175.023","μmol/L","Humid","22.677","deg","126275","µV","26.707","°C","1016.000","hPa","35.9","pmil","0","55.690","deg","20.000","°C","100.000","%a.s.","22.400","deg","20.000","°C","962.000","hPa","0.861","-0.02617","0.00035","0","0","13.56","Humid","35.35","0","78.50","280586.55","SABD0002000014","AAV2.0.0.13","3.0.3.1703","PSt7-10","180509-002","9/13/2019 10:46:52 AM","0000-00","0","no battery","V"
"06/11/2023","11:36:47","9","default","547630319","OXY_CH9","40.825","min","175.055","μmol/L","Humid","22.677","deg","126274","µV","26.701","°C","1016.000","hPa","35.9","pmil","0","55.690","deg","20.000","°C","100.000","%a.s.","22.400","deg","20.000","°C","962.000","hPa","0.861","-0.02617","0.00035","0","0","13.56","Humid","35.35","0","78.50","280580.30","SABD0002000014","AAV2.0.0.13","3.0.3.1703","PSt7-10","180509-002","9/13/2019 10:46:52 AM","0000-00","0","no battery","V"
"06/11/2023","11:36:48","9","default","547630319","OXY_CH9","40.841","min","175.070","μmol/L","Humid","22.676","deg","126259","µV","26.701","°C","1016.000","hPa","35.9","pmil","0","55.690","deg","20.000","°C","100.000","%a.s.","22.400","deg","20.000","°C","962.000","hPa","0.861","-0.02617","0.00035","0","0","13.56","Humid","35.35","0","78.50","280584.86","SABD0002000014","AAV2.0.0.13","3.0.3.1703","PSt7-10","180509-002","9/13/2019 10:46:52 AM","0000-00","0","no battery","V"
"06/11/2023","11:36:49","9","default","547630319","OXY_CH9","40.858","min","175.085","μmol/L","Humid","22.675","deg","126256","µV","26.701","°C","1016.000","hPa","35.9","pmil","0","55.690","deg","20.000","°C","100.000","%a.s.","22.400","deg","20.000","°C","962.000","hPa","0.861","-0.02617","0.00035","0","0","13.56","Humid","35.35","0","78.50","280580.21","SABD0002000014","AAV2.0.0.13","3.0.3.1703","PSt7-10","180509-002","9/13/2019 10:46:52 AM","0000-00","0","no battery","V"
"06/11/2023","11:36:50","9","default","547630319","OXY_CH9","40.875","min","175.128","μmol/L","Humid","22.670","deg","126243","µV","26.707","°C","1016.000","hPa","35.9","pmil","0","55.690","deg","20.000","°C","100.000","%a.s.","22.400","deg","20.000","°C","962.000","hPa","0.861","-0.02617","0.00035","0","0","13.56","Humid","35.35","0","78.50","280593.12","SABD0002000014","AAV2.0.0.13","3.0.3.1703","PSt7-10","180509-002","9/13/2019 10:46:52 AM","0000-00","0","no battery","V"
"06/11/2023","11:36:51","9","default","547630319","OXY_CH9","40.891","min","175.145","μmol/L","Humid","22.671","deg","126234","µV","26.701","°C","1016.000","hPa","35.9","pmil","0","55.690","deg","20.000","°C","100.000","%a.s.","22.400","deg","20.000","°C","962.000","hPa","0.861","-0.02617","0.00035","0","0","13.56","Humid","35.35","0","78.50","280578.16","SABD0002000014","AAV2.0.0.13","3.0.3.1703","PSt7-10","180509-002","9/13/2019 10:46:52 AM","0000-00","0","no battery","V"
"06/11/2023","11:36:52","9","default","547630319","OXY_CH9","40.908","min","175.175","μmol/L","Humid","22.669","deg","126230","µV","26.701","°C","1016.000","hPa","35.9","pmil","0","55.690","deg","20.000","°C","100.000","%a.s.","22.400","deg","20.000","°C","962.000","hPa","0.861","-0.02617","0.00035","0","0","13.56","Humid","35.35","0","78.50","280585.46","SABD0002000014","AAV2.0.0.13","3.0.3.1703","PSt7-10","180509-002","9/13/2019 10:46:52 AM","0000-00","0","no battery","V"
"06/11/2023","11:36:53","9","default","547630319","OXY_CH9","40.925","min","175.191","μmol/L","Humid","22.670","deg","126221","µV","26.695","°C","1016.000","hPa","35.9","pmil","0","55.690","deg","20.000","°C","100.000","%a.s.","22.400","deg","20.000","°C","962.000","hPa","0.861","-0.02617","0.00035","0","0","13.56","Humid","35.35","0","78.50","280581.08","SABD0002000014","AAV2.0.0.13","3.0.3.1703","PSt7-10","180509-002","9/13/2019 10:46:52 AM","0000-00","0","no battery","V"
"06/11/2023","11:36:54","9","default","547630319","OXY_CH9","40.942","min","175.162","μmol/L","Humid","22.672","deg","126214","µV","26.695","°C","1016.000","hPa","35.9","pmil","0","55.690","deg","20.000","°C","100.000","%a.s.","22.400","deg","20.000","°C","962.000","hPa","0.861","-0.02617","0.00035","0","0","13.56","Humid","35.35","0","78.50","280580.88","SABD0002000014","AAV2.0.0.13","3.0.3.1703","PSt7-10","180509-002","9/13/2019 10:46:52 AM","0000-00","0","no battery","V"
"06/11/2023","11:36:55","9","default","547630319","OXY_CH9","40.959","min","175.264","μmol/L","Humid","22.663","deg","126199","µV","26.701","°C","1016.000","hPa","35.9","pmil","0","55.690","deg","20.000","°C","100.000","%a.s.","22.400","deg","20.000","°C","962.000","hPa","0.861","-0.02617","0.00035","0","0","13.56","Humid","35.35","0","78.50","280590.40","SABD0002000014","AAV2.0.0.13","3.0.3.1703","PSt7-10","180509-002","9/13/2019 10:46:52 AM","0000-00","0","no battery","V"
"06/11/2023","11:36:56","9","default","547630319","OXY_CH9","40.975","min","175.281","μmol/L","Humid","22.664","deg","126194","µV","26.695","°C","1016.000","hPa","35.9","pmil","0","55.690","deg","20.000","°C","100.000","%a.s.","22.400","deg","20.000","°C","962.000","hPa","0.861","-0.02617","0.00035","0","0","13.56","Humid","35.35","0","78.50","280579.72","SABD0002000014","AAV2.0.0.13","3.0.3.1703","PSt7-10","180509-002","9/13/2019 10:46:52 AM","0000-00","0","no battery","V"
"06/11/2023","11:36:57","9","default","547630319","OXY_CH9","40.992","min","175.249","μmol/L","Humid","22.664","deg","126186","µV","26.701","°C","1016.000","hPa","35.9","pmil","0","55.690","deg","20.000","°C","100.000","%a.s.","22.400","deg","20.000","°C","962.000","hPa","0.861","-0.02617","0.00035","0","0","13.56","Humid","35.35","0","78.50","280586.37","SABD0002000014","AAV2.0.0.13","3.0.3.1703","PSt7-10","180509-002","9/13/2019 10:46:52 AM","0000-00","0","no battery","V"
"06/11/2023","11:36:58","9","default","547630319","OXY_CH9","41.008","min","175.279","μmol/L","Humid","22.662","deg","126171","µV","26.701","°C","1016.000","hPa","35.9","pmil","0","55.690","deg","20.000","°C","100.000","%a.s.","22.400","deg","20.000","°C","962.000","hPa","0.861","-0.02617","0.00035","0","0","13.56","Humid","35.35","0","78.50","280572.15","SABD0002000014","AAV2.0.0.13","3.0.3.1703","PSt7-10","180509-002","9/13/2019 10:46:52 AM","0000-00","0","no battery","V"
"06/11/2023","11:36:59","9","default","547630319","OXY_CH9","41.025","min","175.341","μmol/L","Humid","22.660","deg","126165","µV","26.695","°C","1016.000","hPa","35.9","pmil","0","55.690","deg","20.000","°C","100.000","%a.s.","22.400","deg","20.000","°C","962.000","hPa","0.861","-0.02617","0.00035","0","0","13.56","Humid","35.35","0","78.50","280578.19","SABD0002000014","AAV2.0.0.13","3.0.3.1703","PSt7-10","180509-002","9/13/2019 10:46:52 AM","0000-00","0","no battery","V"
"06/11/2023","11:37:00","9","default","547630319","OXY_CH9","41.042","min","175.279","μmol/L","Humid","22.662","deg","126159","µV","26.701","°C","1016.000","hPa","35.9","pmil","0","55.690","deg","20.000","°C","100.000","%a.s.","22.400","deg","20.000","°C","962.000","hPa","0.861","-0.02617","0.00035","0","0","13.56","Humid","35.35","0","78.50","280575.11","SABD0002000014","AAV2.0.0.13","3.0.3.1703","PSt7-10","180509-002","9/13/2019 10:46:52 AM","0000-00","0","no battery","V"
"06/11/2023","11:37:01","9","default","547630319","OXY_CH9","41.058","min","175.354","μmol/L","Humid","22.657","deg","126150","µV","26.701","°C","1016.000","hPa","35.9","pmil","0","55.690","deg","20.000","°C","100.000","%a.s.","22.400","deg","20.000","°C","962.000","hPa","0.861","-0.02617","0.00035","0","0","13.56","Humid","35.35","0","78.50","280568.33","SABD0002000014","AAV2.0.0.13","3.0.3.1703","PSt7-10","180509-002","9/13/2019 10:46:52 AM","0000-00","0","no battery","V"
"06/11/2023","11:37:02","9","default","547630319","OXY_CH9","41.075","min","175.339","μmol/L","Humid","22.658","deg","126144","µV","26.701","°C","1016.000","hPa","35.9","pmil","0","55.690","deg","20.000","°C","100.000","%a.s.","22.400","deg","20.000","°C","962.000","hPa","0.861","-0.02617","0.00035","0","0","13.56","Humid","35.35","0","78.50","280585.32","SABD0002000014","AAV2.0.0.13","3.0.3.1703","PSt7-10","180509-002","9/13/2019 10:46:52 AM","0000-00","0","no battery","V"
"06/11/2023","11:37:03","9","default","547630319","OXY_CH9","41.091","min","175.324","μmol/L","Humid","22.659","deg","126127","µV","26.701","°C","1016.000","hPa","35.9","pmil","0","55.690","deg","20.000","°C","100.000","%a.s.","22.400","deg","20.000","°C","962.000","hPa","0.861","-0.02617","0.00035","0","0","13.56","Humid","35.35","0","78.50","280586.44","SABD0002000014","AAV2.0.0.13","3.0.3.1703","PSt7-10","180509-002","9/13/2019 10:46:52 AM","0000-00","0","no battery","V"
"06/11/2023","11:37:04","9","default","547630319","OXY_CH9","41.108","min","175.445","μmol/L","Humid","22.653","deg","126129","µV","26.695","°C","1016.000","hPa","35.9","pmil","0","55.690","deg","20.000","°C","100.000","%a.s.","22.400","deg","20.000","°C","962.000","hPa","0.861","-0.02617","0.00035","0","0","13.56","Humid","35.35","0","78.50","280587.36","SABD0002000014","AAV2.0.0.13","3.0.3.1703","PSt7-10","180509-002","9/13/2019 10:46:52 AM","0000-00","0","no battery","V"
"06/11/2023","11:37:05","9","default","547630319","OXY_CH9","41.125","min","175.475","μmol/L","Humid","22.651","deg","126116","µV","26.695","°C","1016.000","hPa","35.9","pmil","0","55.690","deg","20.000","°C","100.000","%a.s.","22.400","deg","20.000","°C","962.000","hPa","0.861","-0.02617","0.00035","0","0","13.56","Humid","35.35","0","78.50","280585.29","SABD0002000014","AAV2.0.0.13","3.0.3.1703","PSt7-10","180509-002","9/13/2019 10:46:52 AM","0000-00","0","no battery","V"
"06/11/2023","11:37:06","9","default","547630319","OXY_CH9","41.141","min","175.445","μmol/L","Humid","22.653","deg","126108","µV","26.695","°C","1016.000","hPa","35.9","pmil","0","55.690","deg","20.000","°C","100.000","%a.s.","22.400","deg","20.000","°C","962.000","hPa","0.861","-0.02617","0.00035","0","0","13.56","Humid","35.35","0","78.50","280569.32","SABD0002000014","AAV2.0.0.13","3.0.3.1703","PSt7-10","180509-002","9/13/2019 10:46:52 AM","0000-00","0","no battery","V"
"06/11/2023","11:37:07","9","default","547630319","OXY_CH9","41.158","min","175.384","μmol/L","Humid","22.655","deg","126089","µV","26.701","°C","1016.000","hPa","35.9","pmil","0","55.690","deg","20.000","°C","100.000","%a.s.","22.400","deg","20.000","°C","962.000","hPa","0.861","-0.02617","0.00035","0","0","13.56","Humid","35.35","0","78.50","280583.15","SABD0002000014","AAV2.0.0.13","3.0.3.1703","PSt7-10","180509-002","9/13/2019 10:46:52 AM","0000-00","0","no battery","V"
"06/11/2023","11:37:08","9","default","547630319","OXY_CH9","41.175","min","175.443","μmol/L","Humid","22.651","deg","126082","µV","26.701","°C","1016.000","hPa","35.9","pmil","0","55.690","deg","20.000","°C","100.000","%a.s.","22.400","deg","20.000","°C","962.000","hPa","0.861","-0.02617","0.00035","0","0","13.56","Humid","35.35","0","78.50","280582.89","SABD0002000014","AAV2.0.0.13","3.0.3.1703","PSt7-10","180509-002","9/13/2019 10:46:52 AM","0000-00","0","no battery","V"
"06/11/2023","11:37:09","9","default","547630319","OXY_CH9","41.191","min","175.488","μmol/L","Humid","22.648","deg","126081","µV","26.701","°C","1016.000","hPa","35.9","pmil","0","55.690","deg","20.000","°C","100.000","%a.s.","22.400","deg","20.000","°C","962.000","hPa","0.861","-0.02617","0.00035","0","0","13.56","Humid","35.35","0","78.50","280579.14","SABD0002000014","AAV2.0.0.13","3.0.3.1703","PSt7-10","180509-002","9/13/2019 10:46:52 AM","0000-00","0","no battery","V"
"06/11/2023","11:37:10","9","default","547630319","OXY_CH9","41.208","min","175.456","μmol/L","Humid","22.648","deg","126068","µV","26.707","°C","1016.000","hPa","35.9","pmil","0","55.690","deg","20.000","°C","100.000","%a.s.","22.400","deg","20.000","°C","962.000","hPa","0.861","-0.02617","0.00035","0","0","13.56","Humid","35.35","0","78.50","280581.15","SABD0002000014","AAV2.0.0.13","3.0.3.1703","PSt7-10","180509-002","9/13/2019 10:46:52 AM","0000-00","0","no battery","V"
"06/11/2023","11:37:11","9","default","547630319","OXY_CH9","41.225","min","175.533","μmol/L","Humid","22.645","deg","126054","µV","26.701","°C","1016.000","hPa","35.9","pmil","0","55.690","deg","20.000","°C","100.000","%a.s.","22.400","deg","20.000","°C","962.000","hPa","0.861","-0.02617","0.00035","0","0","13.56","Humid","35.35","0","78.50","280577.64","SABD0002000014","AAV2.0.0.13","3.0.3.1703","PSt7-10","180509-002","9/13/2019 10:46:52 AM","0000-00","0","no battery","V"
"06/11/2023","11:37:12","9","default","547630319","OXY_CH9","41.241","min","175.593","μmol/L","Humid","22.641","deg","126046","µV","26.701","°C","1016.000","hPa","35.9","pmil","0","55.690","deg","20.000","°C","100.000","%a.s.","22.400","deg","20.000","°C","962.000","hPa","0.861","-0.02617","0.00035","0","0","13.56","Humid","35.35","0","78.50","280575.23","SABD0002000014","AAV2.0.0.13","3.0.3.1703","PSt7-10","180509-002","9/13/2019 10:46:52 AM","0000-00","0","no battery","V"
"06/11/2023","11:37:13","9","default","547630319","OXY_CH9","41.258","min","175.595","μmol/L","Humid","22.643","deg","126040","µV","26.695","°C","1016.000","hPa","35.9","pmil","0","55.690","deg","20.000","°C","100.000","%a.s.","22.400","deg","20.000","°C","962.000","hPa","0.861","-0.02617","0.00035","0","0","13.56","Humid","35.35","0","78.50","280570.14","SABD0002000014","AAV2.0.0.13","3.0.3.1703","PSt7-10","180509-002","9/13/2019 10:46:52 AM","0000-00","0","no battery","V"
"06/11/2023","11:37:14","9","default","547630319","OXY_CH9","41.275","min","175.593","μmol/L","Humid","22.641","deg","126032","µV","26.701","°C","1016.000","hPa","35.9","pmil","0","55.690","deg","20.000","°C","100.000","%a.s.","22.400","deg","20.000","°C","962.000","hPa","0.861","-0.02617","0.00035","0","0","13.56","Humid","35.35","0","78.50","280580.65","SABD0002000014","AAV2.0.0.13","3.0.3.1703","PSt7-10","180509-002","9/13/2019 10:46:52 AM","0000-00","0","no battery","V"
"06/11/2023","11:37:15","9","default","547630319","OXY_CH9","41.291","min","175.655","μmol/L","Humid","22.639","deg","126018","µV","26.695","°C","1016.000","hPa","35.9","pmil","0","55.690","deg","20.000","°C","100.000","%a.s.","22.400","deg","20.000","°C","962.000","hPa","0.861","-0.02617","0.00035","0","0","13.56","Humid","35.35","0","78.50","280570.42","SABD0002000014","AAV2.0.0.13","3.0.3.1703","PSt7-10","180509-002","9/13/2019 10:46:52 AM","0000-00","0","no battery","V"
"06/11/2023","11:37:16","9","default","547630319","OXY_CH9","41.308","min","175.668","μmol/L","Humid","22.636","deg","126015","µV","26.701","°C","1016.000","hPa","35.9","pmil","0","55.690","deg","20.000","°C","100.000","%a.s.","22.400","deg","20.000","°C","962.000","hPa","0.861","-0.02617","0.00035","0","0","13.56","Humid","35.35","0","78.50","280573.84","SABD0002000014","AAV2.0.0.13","3.0.3.1703","PSt7-10","180509-002","9/13/2019 10:46:52 AM","0000-00","0","no battery","V"
"06/11/2023","11:37:17","9","default","547630319","OXY_CH9","41.325","min","175.668","μmol/L","Humid","22.636","deg","126006","µV","26.701","°C","1016.000","hPa","35.9","pmil","0","55.690","deg","20.000","°C","100.000","%a.s.","22.400","deg","20.000","°C","962.000","hPa","0.861","-0.02617","0.00035","0","0","13.56","Humid","35.35","0","78.50","280579.07","SABD0002000014","AAV2.0.0.13","3.0.3.1703","PSt7-10","180509-002","9/13/2019 10:46:52 AM","0000-00","0","no battery","V"
"06/11/2023","11:37:18","9","default","547630319","OXY_CH9","41.341","min","175.668","μmol/L","Humid","22.636","deg","125998","µV","26.701","°C","1016.000","hPa","35.9","pmil","0","55.690","deg","20.000","°C","100.000","%a.s.","22.400","deg","20.000","°C","962.000","hPa","0.861","-0.02617","0.00035","0","0","13.56","Humid","35.35","0","78.50","280578.29","SABD0002000014","AAV2.0.0.13","3.0.3.1703","PSt7-10","180509-002","9/13/2019 10:46:52 AM","0000-00","0","no battery","V"
"06/11/2023","11:37:19","9","default","547630319","OXY_CH9","41.358","min","175.715","μmol/L","Humid","22.635","deg","125992","µV","26.695","°C","1016.000","hPa","35.9","pmil","0","55.690","deg","20.000","°C","100.000","%a.s.","22.400","deg","20.000","°C","962.000","hPa","0.861","-0.02617","0.00035","0","0","13.56","Humid","35.35","0","78.50","280568.59","SABD0002000014","AAV2.0.0.13","3.0.3.1703","PSt7-10","180509-002","9/13/2019 10:46:52 AM","0000-00","0","no battery","V"
"06/11/2023","11:37:20","9","default","547630319","OXY_CH9","41.375","min","175.653","μmol/L","Humid","22.637","deg","125976","µV","26.701","°C","1016.000","hPa","35.9","pmil","0","55.690","deg","20.000","°C","100.000","%a.s.","22.400","deg","20.000","°C","962.000","hPa","0.861","-0.02617","0.00035","0","0","13.56","Humid","35.35","0","78.50","280564.57","SABD0002000014","AAV2.0.0.13","3.0.3.1703","PSt7-10","180509-002","9/13/2019 10:46:52 AM","0000-00","0","no battery","V"
"06/11/2023","11:37:21","9","default","547630319","OXY_CH9","41.391","min","175.773","μmol/L","Humid","22.629","deg","125968","µV","26.701","°C","1016.000","hPa","35.9","pmil","0","55.690","deg","20.000","°C","100.000","%a.s.","22.400","deg","20.000","°C","962.000","hPa","0.861","-0.02617","0.00035","0","0","13.56","Humid","35.35","0","78.50","280571.57","SABD0002000014","AAV2.0.0.13","3.0.3.1703","PSt7-10","180509-002","9/13/2019 10:46:52 AM","0000-00","0","no battery","V"
"06/11/2023","11:37:22","9","default","547630319","OXY_CH9","41.408","min","175.758","μmol/L","Humid","22.630","deg","125967","µV","26.701","°C","1016.000","hPa","35.9","pmil","0","55.690","deg","20.000","°C","100.000","%a.s.","22.400","deg","20.000","°C","962.000","hPa","0.861","-0.02617","0.00035","0","0","13.56","Humid","35.35","0","78.50","280570.17","SABD0002000014","AAV2.0.0.13","3.0.3.1703","PSt7-10","180509-002","9/13/2019 10:46:52 AM","0000-00","0","no battery","V"
"06/11/2023","11:37:23","9","default","547630319","OXY_CH9","41.425","min","175.758","μmol/L","Humid","22.630","deg","125952","µV","26.701","°C","1016.000","hPa","35.9","pmil","0","55.690","deg","20.000","°C","100.000","%a.s.","22.400","deg","20.000","°C","962.000","hPa","0.861","-0.02617","0.00035","0","0","13.56","Humid","35.35","0","78.50","280572.74","SABD0002000014","AAV2.0.0.13","3.0.3.1703","PSt7-10","180509-002","9/13/2019 10:46:52 AM","0000-00","0","no battery","V"
"06/11/2023","11:37:24","9","default","547630319","OXY_CH9","41.441","min","175.864","μmol/L","Humid","22.625","deg","125936","µV","26.695","°C","1016.000","hPa","35.9","pmil","0","55.690","deg","20.000","°C","100.000","%a.s.","22.400","deg","20.000","°C","962.000","hPa","0.861","-0.02617","0.00035","0","0","13.56","Humid","35.35","0","78.50","280554.32","SABD0002000014","AAV2.0.0.13","3.0.3.1703","PSt7-10","180509-002","9/13/2019 10:46:52 AM","0000-00","0","no battery","V"
"06/11/2023","11:37:25","9","default","547630319","OXY_CH9","41.458","min","175.773","μmol/L","Humid","22.629","deg","125936","µV","26.701","°C","1016.000","hPa","35.9","pmil","0","55.690","deg","20.000","°C","100.000","%a.s.","22.400","deg","20.000","°C","962.000","hPa","0.861","-0.02617","0.00035","0","0","13.56","Humid","35.35","0","78.50","280569.45","SABD0002000014","AAV2.0.0.13","3.0.3.1703","PSt7-10","180509-002","9/13/2019 10:46:52 AM","0000-00","0","no battery","V"
"06/11/2023","11:37:26","9","default","547630319","OXY_CH9","41.475","min","175.848","μmol/L","Humid","22.624","deg","125932","µV","26.701","°C","1016.000","hPa","35.9","pmil","0","55.690","deg","20.000","°C","100.000","%a.s.","22.400","deg","20.000","°C","962.000","hPa","0.861","-0.02617","0.00035","0","0","13.56","Humid","35.35","0","78.50","280568.98","SABD0002000014","AAV2.0.0.13","3.0.3.1703","PSt7-10","180509-002","9/13/2019 10:46:52 AM","0000-00","0","no battery","V"
"06/11/2023","11:37:27","9","default","547630319","OXY_CH9","41.491","min","175.801","μmol/L","Humid","22.625","deg","125921","µV","26.707","°C","1016.000","hPa","35.9","pmil","0","55.690","deg","20.000","°C","100.000","%a.s.","22.400","deg","20.000","°C","962.000","hPa","0.861","-0.02617","0.00035","0","0","13.56","Humid","35.35","0","78.50","280580.38","SABD0002000014","AAV2.0.0.13","3.0.3.1703","PSt7-10","180509-002","9/13/2019 10:46:52 AM","0000-00","0","no battery","V"
"06/11/2023","11:37:28","9","default","547630319","OXY_CH9","41.508","min","175.862","μmol/L","Humid","22.623","deg","125910","µV","26.701","°C","1016.000","hPa","35.9","pmil","0","55.690","deg","20.000","°C","100.000","%a.s.","22.400","deg","20.000","°C","962.000","hPa","0.861","-0.02617","0.00035","0","0","13.56","Humid","35.35","0","78.50","280577.43","SABD0002000014","AAV2.0.0.13","3.0.3.1703","PSt7-10","180509-002","9/13/2019 10:46:52 AM","0000-00","0","no battery","V"
"06/11/2023","11:37:29","9","default","547630319","OXY_CH9","41.525","min","175.921","μmol/L","Humid","22.617","deg","125902","µV","26.707","°C","1016.000","hPa","35.9","pmil","0","55.690","deg","20.000","°C","100.000","%a.s.","22.400","deg","20.000","°C","962.000","hPa","0.861","-0.02617","0.00035","0","0","13.56","Humid","35.35","0","78.50","280574.34","SABD0002000014","AAV2.0.0.13","3.0.3.1703","PSt7-10","180509-002","9/13/2019 10:46:52 AM","0000-00","0","no battery","V"
"06/11/2023","11:37:30","9","default","547630319","OXY_CH9","41.542","min","175.952","μmol/L","Humid","22.617","deg","125897","µV","26.701","°C","1016.000","hPa","35.9","pmil","0","55.690","deg","20.000","°C","100.000","%a.s.","22.400","deg","20.000","°C","962.000","hPa","0.861","-0.02617","0.00035","0","0","13.56","Humid","35.35","0","78.50","280575.03","SABD0002000014","AAV2.0.0.13","3.0.3.1703","PSt7-10","180509-002","9/13/2019 10:46:52 AM","0000-00","0","no battery","V"
"06/11/2023","11:37:31","9","default","547630319","OXY_CH9","41.558","min","175.907","μmol/L","Humid","22.620","deg","125885","µV","26.701","°C","1016.000","hPa","35.9","pmil","0","55.690","deg","20.000","°C","100.000","%a.s.","22.400","deg","20.000","°C","962.000","hPa","0.861","-0.02617","0.00035","0","0","13.56","Humid","35.35","0","78.50","280562.56","SABD0002000014","AAV2.0.0.13","3.0.3.1703","PSt7-10","180509-002","9/13/2019 10:46:52 AM","0000-00","0","no battery","V"
"06/11/2023","11:37:32","9","default","547630319","OXY_CH9","41.575","min","175.984","μmol/L","Humid","22.617","deg","125875","µV","26.695","°C","1016.000","hPa","35.9","pmil","0","55.690","deg","20.000","°C","100.000","%a.s.","22.400","deg","20.000","°C","962.000","hPa","0.861","-0.02617","0.00035","0","0","13.56","Humid","35.35","0","78.50","280575.96","SABD0002000014","AAV2.0.0.13","3.0.3.1703","PSt7-10","180509-002","9/13/2019 10:46:52 AM","0000-00","0","no battery","V"
"06/11/2023","11:37:33","9","default","547630319","OXY_CH9","41.591","min","175.982","μmol/L","Humid","22.615","deg","125863","µV","26.701","°C","1016.000","hPa","35.9","pmil","0","55.690","deg","20.000","°C","100.000","%a.s.","22.400","deg","20.000","°C","962.000","hPa","0.861","-0.02617","0.00035","0","0","13.56","Humid","35.35","0","78.50","280571.78","SABD0002000014","AAV2.0.0.13","3.0.3.1703","PSt7-10","180509-002","9/13/2019 10:46:52 AM","0000-00","0","no battery","V"
"06/11/2023","11:37:34","9","default","547630319","OXY_CH9","41.608","min","176.012","μmol/L","Humid","22.613","deg","125861","µV","26.701","°C","1016.000","hPa","35.9","pmil","0","55.690","deg","20.000","°C","100.000","%a.s.","22.400","deg","20.000","°C","962.000","hPa","0.861","-0.02617","0.00035","0","0","13.56","Humid","35.35","0","78.50","280572.66","SABD0002000014","AAV2.0.0.13","3.0.3.1703","PSt7-10","180509-002","9/13/2019 10:46:52 AM","0000-00","0","no battery","V"
"06/11/2023","11:37:35","9","default","547630319","OXY_CH9","41.625","min","175.997","μmol/L","Humid","22.614","deg","125846","µV","26.701","°C","1016.000","hPa","35.9","pmil","0","55.690","deg","20.000","°C","100.000","%a.s.","22.400","deg","20.000","°C","962.000","hPa","0.861","-0.02617","0.00035","0","0","13.56","Humid","35.35","0","78.50","280564.94","SABD0002000014","AAV2.0.0.13","3.0.3.1703","PSt7-10","180509-002","9/13/2019 10:46:52 AM","0000-00","0","no battery","V"
"06/11/2023","11:37:36","9","default","547630319","OXY_CH9","41.642","min","176.012","μmol/L","Humid","22.613","deg","125836","µV","26.701","°C","1016.000","hPa","35.9","pmil","0","55.690","deg","20.000","°C","100.000","%a.s.","22.400","deg","20.000","°C","962.000","hPa","0.861","-0.02617","0.00035","0","0","13.56","Humid","35.35","0","78.50","280560.25","SABD0002000014","AAV2.0.0.13","3.0.3.1703","PSt7-10","180509-002","9/13/2019 10:46:52 AM","0000-00","0","no battery","V"
"06/11/2023","11:37:37","9","default","547630319","OXY_CH9","41.658","min","176.073","μmol/L","Humid","22.609","deg","125823","µV","26.701","°C","1016.000","hPa","35.9","pmil","0","55.690","deg","20.000","°C","100.000","%a.s.","22.400","deg","20.000","°C","962.000","hPa","0.861","-0.02617","0.00035","0","0","13.56","Humid","35.35","0","78.50","280554.79","SABD0002000014","AAV2.0.0.13","3.0.3.1703","PSt7-10","180509-002","9/13/2019 10:46:52 AM","0000-00","0","no battery","V"
"06/11/2023","11:37:38","9","default","547630319","OXY_CH9","41.675","min","176.103","μmol/L","Humid","22.607","deg","125816","µV","26.701","°C","1016.000","hPa","35.9","pmil","0","55.690","deg","20.000","°C","100.000","%a.s.","22.400","deg","20.000","°C","962.000","hPa","0.861","-0.02617","0.00035","0","0","13.56","Humid","35.35","0","78.50","280566.65","SABD0002000014","AAV2.0.0.13","3.0.3.1703","PSt7-10","180509-002","9/13/2019 10:46:52 AM","0000-00","0","no battery","V"
"06/11/2023","11:37:39","9","default","547630319","OXY_CH9","41.692","min","176.150","μmol/L","Humid","22.606","deg","125808","µV","26.695","°C","1016.000","hPa","35.9","pmil","0","55.690","deg","20.000","°C","100.000","%a.s.","22.400","deg","20.000","°C","962.000","hPa","0.861","-0.02617","0.00035","0","0","13.56","Humid","35.35","0","78.50","280579.51","SABD0002000014","AAV2.0.0.13","3.0.3.1703","PSt7-10","180509-002","9/13/2019 10:46:52 AM","0000-00","0","no battery","V"
"06/11/2023","11:37:40","9","default","547630319","OXY_CH9","41.708","min","176.118","μmol/L","Humid","22.606","deg","125801","µV","26.701","°C","1016.000","hPa","35.9","pmil","0","55.690","deg","20.000","°C","100.000","%a.s.","22.400","deg","20.000","°C","962.000","hPa","0.861","-0.02617","0.00035","0","0","13.56","Humid","35.35","0","78.50","280549.37","SABD0002000014","AAV2.0.0.13","3.0.3.1703","PSt7-10","180509-002","9/13/2019 10:46:52 AM","0000-00","0","no battery","V"
"06/11/2023","11:37:41","9","default","547630319","OXY_CH9","41.725","min","176.150","μmol/L","Humid","22.606","deg","125781","µV","26.695","°C","1016.000","hPa","35.9","pmil","0","55.690","deg","20.000","°C","100.000","%a.s.","22.400","deg","20.000","°C","962.000","hPa","0.861","-0.02617","0.00035","0","0","13.56","Humid","35.35","0","78.50","280543.72","SABD0002000014","AAV2.0.0.13","3.0.3.1703","PSt7-10","180509-002","9/13/2019 10:46:52 AM","0000-00","0","no battery","V"
"06/11/2023","11:37:42","9","default","547630319","OXY_CH9","41.742","min","176.210","μmol/L","Humid","22.602","deg","125780","µV","26.695","°C","1016.000","hPa","35.9","pmil","0","55.690","deg","20.000","°C","100.000","%a.s.","22.400","deg","20.000","°C","962.000","hPa","0.861","-0.02617","0.00035","0","0","13.56","Humid","35.35","0","78.50","280560.95","SABD0002000014","AAV2.0.0.13","3.0.3.1703","PSt7-10","180509-002","9/13/2019 10:46:52 AM","0000-00","0","no battery","V"
"06/11/2023","11:37:43","9","default","547630319","OXY_CH9","41.758","min","176.227","μmol/L","Humid","22.603","deg","125775","µV","26.689","°C","1016.000","hPa","35.9","pmil","0","55.690","deg","20.000","°C","100.000","%a.s.","22.400","deg","20.000","°C","962.000","hPa","0.861","-0.02617","0.00035","0","0","13.56","Humid","35.35","0","78.50","280555.56","SABD0002000014","AAV2.0.0.13","3.0.3.1703","PSt7-10","180509-002","9/13/2019 10:46:52 AM","0000-00","0","no battery","V"
"06/11/2023","11:37:44","9","default","547630319","OXY_CH9","41.775","min","176.253","μmol/L","Humid","22.597","deg","125764","µV","26.701","°C","1016.000","hPa","35.9","pmil","0","55.690","deg","20.000","°C","100.000","%a.s.","22.400","deg","20.000","°C","962.000","hPa","0.861","-0.02617","0.00035","0","0","13.56","Humid","35.35","0","78.50","280557.13","SABD0002000014","AAV2.0.0.13","3.0.3.1703","PSt7-10","180509-002","9/13/2019 10:46:52 AM","0000-00","0","no battery","V"
"06/11/2023","11:37:45","9","default","547630319","OXY_CH9","41.792","min","176.283","μmol/L","Humid","22.595","deg","125757","µV","26.701","°C","1016.000","hPa","35.9","pmil","0","55.690","deg","20.000","°C","100.000","%a.s.","22.400","deg","20.000","°C","962.000","hPa","0.861","-0.02617","0.00035","0","0","13.56","Humid","35.35","0","78.50","280545.64","SABD0002000014","AAV2.0.0.13","3.0.3.1703","PSt7-10","180509-002","9/13/2019 10:46:52 AM","0000-00","0","no battery","V"
"06/11/2023","11:37:46","9","default","547630319","OXY_CH9","41.808","min","176.268","μmol/L","Humid","22.596","deg","125742","µV","26.701","°C","1016.000","hPa","35.9","pmil","0","55.690","deg","20.000","°C","100.000","%a.s.","22.400","deg","20.000","°C","962.000","hPa","0.861","-0.02617","0.00035","0","0","13.56","Humid","35.35","0","78.50","280542.27","SABD0002000014","AAV2.0.0.13","3.0.3.1703","PSt7-10","180509-002","9/13/2019 10:46:52 AM","0000-00","0","no battery","V"
"06/11/2023","11:37:47","9","default","547630319","OXY_CH9","41.825","min","176.300","μmol/L","Humid","22.596","deg","125737","µV","26.695","°C","1016.000","hPa","35.9","pmil","0","55.690","deg","20.000","°C","100.000","%a.s.","22.400","deg","20.000","°C","962.000","hPa","0.861","-0.02617","0.00035","0","0","13.56","Humid","35.35","0","78.50","280568.54","SABD0002000014","AAV2.0.0.13","3.0.3.1703","PSt7-10","180509-002","9/13/2019 10:46:52 AM","0000-00","0","no battery","V"
"06/11/2023","11:37:48","9","default","547630319","OXY_CH9","41.842","min","176.296","μmol/L","Humid","22.592","deg","125732","µV","26.707","°C","1016.000","hPa","35.9","pmil","0","55.690","deg","20.000","°C","100.000","%a.s.","22.400","deg","20.000","°C","962.000","hPa","0.861","-0.02617","0.00035","0","0","13.56","Humid","35.35","0","78.50","280558.84","SABD0002000014","AAV2.0.0.13","3.0.3.1703","PSt7-10","180509-002","9/13/2019 10:46:52 AM","0000-00","0","no battery","V"
"06/11/2023","11:37:49","9","default","547630319","OXY_CH9","41.858","min","176.313","μmol/L","Humid","22.593","deg","125717","µV","26.701","°C","1016.000","hPa","35.9","pmil","0","55.690","deg","20.000","°C","100.000","%a.s.","22.400","deg","20.000","°C","962.000","hPa","0.861","-0.02617","0.00035","0","0","13.56","Humid","35.35","0","78.50","280567.42","SABD0002000014","AAV2.0.0.13","3.0.3.1703","PSt7-10","180509-002","9/13/2019 10:46:52 AM","0000-00","0","no battery","V"
"06/11/2023","11:37:50","9","default","547630319","OXY_CH9","41.875","min","176.328","μmol/L","Humid","22.592","deg","125717","µV","26.701","°C","1016.000","hPa","35.9","pmil","0","55.690","deg","20.000","°C","100.000","%a.s.","22.400","deg","20.000","°C","962.000","hPa","0.861","-0.02617","0.00035","0","0","13.56","Humid","35.35","0","78.50","280555.98","SABD0002000014","AAV2.0.0.13","3.0.3.1703","PSt7-10","180509-002","9/13/2019 10:46:52 AM","0000-00","0","no battery","V"
"06/11/2023","11:37:51","9","default","547630319","OXY_CH9","41.891","min","176.360","μmol/L","Humid","22.592","deg","125704","µV","26.695","°C","1016.000","hPa","35.9","pmil","0","55.690","deg","20.000","°C","100.000","%a.s.","22.400","deg","20.000","°C","962.000","hPa","0.861","-0.02617","0.00035","0","0","13.56","Humid","35.35","0","78.50","280556.32","SABD0002000014","AAV2.0.0.13","3.0.3.1703","PSt7-10","180509-002","9/13/2019 10:46:52 AM","0000-00","0","no battery","V"
"06/11/2023","11:37:52","9","default","547630319","OXY_CH9","41.908","min","176.373","μmol/L","Humid","22.589","deg","125701","µV","26.701","°C","1016.000","hPa","35.9","pmil","0","55.690","deg","20.000","°C","100.000","%a.s.","22.400","deg","20.000","°C","962.000","hPa","0.861","-0.02617","0.00035","0","0","13.56","Humid","35.35","0","78.50","280557.24","SABD0002000014","AAV2.0.0.13","3.0.3.1703","PSt7-10","180509-002","9/13/2019 10:46:52 AM","0000-00","0","no battery","V"
"06/11/2023","11:37:53","9","default","547630319","OXY_CH9","41.925","min","176.403","μmol/L","Humid","22.587","deg","125692","µV","26.701","°C","1016.000","hPa","35.9","pmil","0","55.690","deg","20.000","°C","100.000","%a.s.","22.400","deg","20.000","°C","962.000","hPa","0.861","-0.02617","0.00035","0","0","13.56","Humid","35.35","0","78.50","280552.56","SABD0002000014","AAV2.0.0.13","3.0.3.1703","PSt7-10","180509-002","9/13/2019 10:46:52 AM","0000-00","0","no battery","V"
"06/11/2023","11:37:54","9","default","547630319","OXY_CH9","41.941","min","176.435","μmol/L","Humid","22.587","deg","125674","µV","26.695","°C","1016.000","hPa","35.9","pmil","0","55.690","deg","20.000","°C","100.000","%a.s.","22.400","deg","20.000","°C","962.000","hPa","0.861","-0.02617","0.00035","0","0","13.56","Humid","35.35","0","78.50","280565.44","SABD0002000014","AAV2.0.0.13","3.0.3.1703","PSt7-10","180509-002","9/13/2019 10:46:52 AM","0000-00","0","no battery","V"
"06/11/2023","11:37:55","9","default","547630319","OXY_CH9","41.958","min","176.416","μmol/L","Humid","22.584","deg","125671","µV","26.707","°C","1016.000","hPa","35.9","pmil","0","55.690","deg","20.000","°C","100.000","%a.s.","22.400","deg","20.000","°C","962.000","hPa","0.861","-0.02617","0.00035","0","0","13.56","Humid","35.35","0","78.50","280566.35","SABD0002000014","AAV2.0.0.13","3.0.3.1703","PSt7-10","180509-002","9/13/2019 10:46:52 AM","0000-00","0","no battery","V"
"06/11/2023","11:37:56","9","default","547630319","OXY_CH9","41.974","min","176.478","μmol/L","Humid","22.582","deg","125658","µV","26.701","°C","1016.000","hPa","35.9","pmil","0","55.690","deg","20.000","°C","100.000","%a.s.","22.400","deg","20.000","°C","962.000","hPa","0.861","-0.02617","0.00035","0","0","13.56","Humid","35.35","0","78.50","280558.22","SABD0002000014","AAV2.0.0.13","3.0.3.1703","PSt7-10","180509-002","9/13/2019 10:46:52 AM","0000-00","0","no battery","V"
"06/11/2023","11:37:57","9","default","547630319","OXY_CH9","41.991","min","176.494","μmol/L","Humid","22.581","deg","125657","µV","26.701","°C","1016.000","hPa","35.9","pmil","0","55.690","deg","20.000","°C","100.000","%a.s.","22.400","deg","20.000","°C","962.000","hPa","0.861","-0.02617","0.00035","0","0","13.56","Humid","35.35","0","78.50","280562.58","SABD0002000014","AAV2.0.0.13","3.0.3.1703","PSt7-10","180509-002","9/13/2019 10:46:52 AM","0000-00","0","no battery","V"
"06/11/2023","11:37:58","9","default","547630319","OXY_CH9","42.008","min","176.494","μmol/L","Humid","22.581","deg","125642","µV","26.701","°C","1016.000","hPa","35.9","pmil","0","55.690","deg","20.000","°C","100.000","%a.s.","22.400","deg","20.000","°C","962.000","hPa","0.861","-0.02617","0.00035","0","0","13.56","Humid","35.35","0","78.50","280566.44","SABD0002000014","AAV2.0.0.13","3.0.3.1703","PSt7-10","180509-002","9/13/2019 10:46:52 AM","0000-00","0","no battery","V"
"06/11/2023","11:37:59","9","default","547630319","OXY_CH9","42.024","min","176.522","μmol/L","Humid","22.577","deg","125635","µV","26.707","°C","1016.000","hPa","35.9","pmil","0","55.690","deg","20.000","°C","100.000","%a.s.","22.400","deg","20.000","°C","962.000","hPa","0.861","-0.02617","0.00035","0","0","13.56","Humid","35.35","0","78.50","280570.34","SABD0002000014","AAV2.0.0.13","3.0.3.1703","PSt7-10","180509-002","9/13/2019 10:46:52 AM","0000-00","0","no battery","V"
"06/11/2023","11:38:00","9","default","547630319","OXY_CH9","42.041","min","176.524","μmol/L","Humid","22.579","deg","125632","µV","26.701","°C","1016.000","hPa","35.9","pmil","0","55.690","deg","20.000","°C","100.000","%a.s.","22.400","deg","20.000","°C","962.000","hPa","0.861","-0.02617","0.00035","0","0","13.56","Humid","35.35","0","78.50","280563.76","SABD0002000014","AAV2.0.0.13","3.0.3.1703","PSt7-10","180509-002","9/13/2019 10:46:52 AM","0000-00","0","no battery","V"
"06/11/2023","11:38:01","9","default","547630319","OXY_CH9","42.058","min","176.616","μmol/L","Humid","22.575","deg","125624","µV","26.695","°C","1016.000","hPa","35.9","pmil","0","55.690","deg","20.000","°C","100.000","%a.s.","22.400","deg","20.000","°C","962.000","hPa","0.861","-0.02617","0.00035","0","0","13.56","Humid","35.35","0","78.50","280573.14","SABD0002000014","AAV2.0.0.13","3.0.3.1703","PSt7-10","180509-002","9/13/2019 10:46:52 AM","0000-00","0","no battery","V"
"06/11/2023","11:38:02","9","default","547630319","OXY_CH9","42.074","min","176.601","μmol/L","Humid","22.576","deg","125606","µV","26.695","°C","1016.000","hPa","35.9","pmil","0","55.690","deg","20.000","°C","100.000","%a.s.","22.400","deg","20.000","°C","962.000","hPa","0.861","-0.02617","0.00035","0","0","13.56","Humid","35.35","0","78.50","280549.30","SABD0002000014","AAV2.0.0.13","3.0.3.1703","PSt7-10","180509-002","9/13/2019 10:46:52 AM","0000-00","0","no battery","V"
"06/11/2023","11:38:03","9","default","547630319","OXY_CH9","42.091","min","176.614","μmol/L","Humid","22.573","deg","125601","µV","26.701","°C","1016.000","hPa","35.9","pmil","0","55.690","deg","20.000","°C","100.000","%a.s.","22.400","deg","20.000","°C","962.000","hPa","0.861","-0.02617","0.00035","0","0","13.56","Humid","35.35","0","78.50","280550.41","SABD0002000014","AAV2.0.0.13","3.0.3.1703","PSt7-10","180509-002","9/13/2019 10:46:52 AM","0000-00","0","no battery","V"
"06/11/2023","11:38:04","9","default","547630319","OXY_CH9","42.108","min","176.646","μmol/L","Humid","22.573","deg","125592","µV","26.695","°C","1016.000","hPa","35.9","pmil","0","55.690","deg","20.000","°C","100.000","%a.s.","22.400","deg","20.000","°C","962.000","hPa","0.861","-0.02617","0.00035","0","0","13.56","Humid","35.35","0","78.50","280564.59","SABD0002000014","AAV2.0.0.13","3.0.3.1703","PSt7-10","180509-002","9/13/2019 10:46:52 AM","0000-00","0","no battery","V"
"06/11/2023","11:38:05","9","default","547630319","OXY_CH9","42.125","min","176.661","μmol/L","Humid","22.572","deg","125577","µV","26.695","°C","1016.000","hPa","35.9","pmil","0","55.690","deg","20.000","°C","100.000","%a.s.","22.400","deg","20.000","°C","962.000","hPa","0.861","-0.02617","0.00035","0","0","13.56","Humid","35.35","0","78.50","280559.02","SABD0002000014","AAV2.0.0.13","3.0.3.1703","PSt7-10","180509-002","9/13/2019 10:46:52 AM","0000-00","0","no battery","V"
"06/11/2023","11:38:06","9","default","547630319","OXY_CH9","42.141","min","176.644","μmol/L","Humid","22.571","deg","125572","µV","26.701","°C","1016.000","hPa","35.9","pmil","0","55.690","deg","20.000","°C","100.000","%a.s.","22.400","deg","20.000","°C","962.000","hPa","0.861","-0.02617","0.00035","0","0","13.56","Humid","35.35","0","78.50","280564.51","SABD0002000014","AAV2.0.0.13","3.0.3.1703","PSt7-10","180509-002","9/13/2019 10:46:52 AM","0000-00","0","no battery","V"
"06/11/2023","11:38:07","9","default","547630319","OXY_CH9","42.158","min","176.657","μmol/L","Humid","22.568","deg","125575","µV","26.707","°C","1016.000","hPa","35.9","pmil","0","55.690","deg","20.000","°C","100.000","%a.s.","22.400","deg","20.000","°C","962.000","hPa","0.861","-0.02617","0.00035","0","0","13.56","Humid","35.35","0","78.50","280557.60","SABD0002000014","AAV2.0.0.13","3.0.3.1703","PSt7-10","180509-002","9/13/2019 10:46:52 AM","0000-00","0","no battery","V"
"06/11/2023","11:38:08","9","default","547630319","OXY_CH9","42.175","min","176.578","μmol/L","Humid","22.569","deg","125559","µV","26.720","°C","1016.000","hPa","35.9","pmil","0","55.690","deg","20.000","°C","100.000","%a.s.","22.400","deg","20.000","°C","962.000","hPa","0.861","-0.02617","0.00035","0","0","13.56","Humid","35.35","0","78.50","280543.11","SABD0002000014","AAV2.0.0.13","3.0.3.1703","PSt7-10","180509-002","9/13/2019 10:46:52 AM","0000-00","0","no battery","V"
"06/11/2023","11:38:09","9","default","547630319","OXY_CH9","42.192","min","176.735","μmol/L","Humid","22.565","deg","125548","µV","26.701","°C","1016.000","hPa","35.9","pmil","0","55.690","deg","20.000","°C","100.000","%a.s.","22.400","deg","20.000","°C","962.000","hPa","0.861","-0.02617","0.00035","0","0","13.56","Humid","35.35","0","78.50","280556.87","SABD0002000014","AAV2.0.0.13","3.0.3.1703","PSt7-10","180509-002","9/13/2019 10:46:52 AM","0000-00","0","no battery","V"
"06/11/2023","11:38:10","9","default","547630319","OXY_CH9","42.208","min","176.689","μmol/L","Humid","22.568","deg","125536","µV","26.701","°C","1016.000","hPa","35.9","pmil","0","55.690","deg","20.000","°C","100.000","%a.s.","22.400","deg","20.000","°C","962.000","hPa","0.861","-0.02617","0.00035","0","0","13.56","Humid","35.35","0","78.50","280552.30","SABD0002000014","AAV2.0.0.13","3.0.3.1703","PSt7-10","180509-002","9/13/2019 10:46:52 AM","0000-00","0","no battery","V"
"06/11/2023","11:38:11","9","default","547630319","OXY_CH9","42.225","min","176.750","μmol/L","Humid","22.564","deg","125538","µV","26.701","°C","1016.000","hPa","35.9","pmil","0","55.690","deg","20.000","°C","100.000","%a.s.","22.400","deg","20.000","°C","962.000","hPa","0.861","-0.02617","0.00035","0","0","13.56","Humid","35.35","0","78.50","280556.42","SABD0002000014","AAV2.0.0.13","3.0.3.1703","PSt7-10","180509-002","9/13/2019 10:46:52 AM","0000-00","0","no battery","V"
"06/11/2023","11:38:12","9","default","547630319","OXY_CH9","42.242","min","176.733","μmol/L","Humid","22.563","deg","125528","µV","26.707","°C","1016.000","hPa","35.9","pmil","0","55.690","deg","20.000","°C","100.000","%a.s.","22.400","deg","20.000","°C","962.000","hPa","0.861","-0.02617","0.00035","0","0","13.56","Humid","35.35","0","78.50","280560.27","SABD0002000014","AAV2.0.0.13","3.0.3.1703","PSt7-10","180509-002","9/13/2019 10:46:52 AM","0000-00","0","no battery","V"
"06/11/2023","11:38:13","9","default","547630319","OXY_CH9","42.258","min","176.810","μmol/L","Humid","22.560","deg","125522","µV","26.701","°C","1016.000","hPa","35.9","pmil","0","55.690","deg","20.000","°C","100.000","%a.s.","22.400","deg","20.000","°C","962.000","hPa","0.861","-0.02617","0.00035","0","0","13.56","Humid","35.35","0","78.50","280550.71","SABD0002000014","AAV2.0.0.13","3.0.3.1703","PSt7-10","180509-002","9/13/2019 10:46:52 AM","0000-00","0","no battery","V"
"06/11/2023","11:38:14","9","default","547630319","OXY_CH9","42.275","min","176.840","μmol/L","Humid","22.558","deg","125506","µV","26.701","°C","1016.000","hPa","35.9","pmil","0","55.690","deg","20.000","°C","100.000","%a.s.","22.400","deg","20.000","°C","962.000","hPa","0.861","-0.02617","0.00035","0","0","13.56","Humid","35.35","0","78.50","280546.74","SABD0002000014","AAV2.0.0.13","3.0.3.1703","PSt7-10","180509-002","9/13/2019 10:46:52 AM","0000-00","0","no battery","V"
"06/11/2023","11:38:15","9","default","547630319","OXY_CH9","42.291","min","176.840","μmol/L","Humid","22.558","deg","125500","µV","26.701","°C","1016.000","hPa","35.9","pmil","0","55.690","deg","20.000","°C","100.000","%a.s.","22.400","deg","20.000","°C","962.000","hPa","0.861","-0.02617","0.00035","0","0","13.56","Humid","35.35","0","78.50","280548.00","SABD0002000014","AAV2.0.0.13","3.0.3.1703","PSt7-10","180509-002","9/13/2019 10:46:52 AM","0000-00","0","no battery","V"
"06/11/2023","11:38:16","9","default","547630319","OXY_CH9","42.308","min","176.838","μmol/L","Humid","22.556","deg","125483","µV","26.707","°C","1016.000","hPa","35.9","pmil","0","55.690","deg","20.000","°C","100.000","%a.s.","22.400","deg","20.000","°C","962.000","hPa","0.861","-0.02617","0.00035","0","0","13.56","Humid","35.35","0","78.50","280549.35","SABD0002000014","AAV2.0.0.13","3.0.3.1703","PSt7-10","180509-002","9/13/2019 10:46:52 AM","0000-00","0","no battery","V"
"06/11/2023","11:38:17","9","default","547630319","OXY_CH9","42.324","min","176.871","μmol/L","Humid","22.556","deg","125490","µV","26.701","°C","1016.000","hPa","35.9","pmil","0","55.690","deg","20.000","°C","100.000","%a.s.","22.400","deg","20.000","°C","962.000","hPa","0.861","-0.02617","0.00035","0","0","13.56","Humid","35.35","0","78.50","280543.97","SABD0002000014","AAV2.0.0.13","3.0.3.1703","PSt7-10","180509-002","9/13/2019 10:46:52 AM","0000-00","0","no battery","V"
"06/11/2023","11:38:18","9","default","547630319","OXY_CH9","42.341","min","176.916","μmol/L","Humid","22.553","deg","125467","µV","26.701","°C","1016.000","hPa","35.9","pmil","0","55.690","deg","20.000","°C","100.000","%a.s.","22.400","deg","20.000","°C","962.000","hPa","0.861","-0.02617","0.00035","0","0","13.56","Humid","35.35","0","78.50","280553.58","SABD0002000014","AAV2.0.0.13","3.0.3.1703","PSt7-10","180509-002","9/13/2019 10:46:52 AM","0000-00","0","no battery","V"
"06/11/2023","11:38:19","9","default","547630319","OXY_CH9","42.358","min","176.899","μmol/L","Humid","22.552","deg","125463","µV","26.707","°C","1016.000","hPa","35.9","pmil","0","55.690","deg","20.000","°C","100.000","%a.s.","22.400","deg","20.000","°C","962.000","hPa","0.861","-0.02617","0.00035","0","0","13.56","Humid","35.35","0","78.50","280542.04","SABD0002000014","AAV2.0.0.13","3.0.3.1703","PSt7-10","180509-002","9/13/2019 10:46:52 AM","0000-00","0","no battery","V"
"06/11/2023","11:38:20","9","default","547630319","OXY_CH9","42.375","min","176.929","μmol/L","Humid","22.550","deg","125451","µV","26.707","°C","1016.000","hPa","35.9","pmil","0","55.690","deg","20.000","°C","100.000","%a.s.","22.400","deg","20.000","°C","962.000","hPa","0.861","-0.02617","0.00035","0","0","13.56","Humid","35.35","0","78.50","280538.08","SABD0002000014","AAV2.0.0.13","3.0.3.1703","PSt7-10","180509-002","9/13/2019 10:46:52 AM","0000-00","0","no battery","V"
"06/11/2023","11:38:21","9","default","547630319","OXY_CH9","42.391","min","176.944","μmol/L","Humid","22.549","deg","125442","µV","26.707","°C","1016.000","hPa","35.9","pmil","0","55.690","deg","20.000","°C","100.000","%a.s.","22.400","deg","20.000","°C","962.000","hPa","0.861","-0.02617","0.00035","0","0","13.56","Humid","35.35","0","78.50","280538.85","SABD0002000014","AAV2.0.0.13","3.0.3.1703","PSt7-10","180509-002","9/13/2019 10:46:52 AM","0000-00","0","no battery","V"
"06/11/2023","11:38:22","9","default","547630319","OXY_CH9","42.408","min","176.944","μmol/L","Humid","22.549","deg","125435","µV","26.707","°C","1016.000","hPa","35.9","pmil","0","55.690","deg","20.000","°C","100.000","%a.s.","22.400","deg","20.000","°C","962.000","hPa","0.861","-0.02617","0.00035","0","0","13.56","Humid","35.35","0","78.50","280544.18","SABD0002000014","AAV2.0.0.13","3.0.3.1703","PSt7-10","180509-002","9/13/2019 10:46:52 AM","0000-00","0","no battery","V"
"06/11/2023","11:38:23","9","default","547630319","OXY_CH9","42.425","min","177.006","μmol/L","Humid","22.547","deg","125428","µV","26.701","°C","1016.000","hPa","35.9","pmil","0","55.690","deg","20.000","°C","100.000","%a.s.","22.400","deg","20.000","°C","962.000","hPa","0.861","-0.02617","0.00035","0","0","13.56","Humid","35.35","0","78.50","280526.77","SABD0002000014","AAV2.0.0.13","3.0.3.1703","PSt7-10","180509-002","9/13/2019 10:46:52 AM","0000-00","0","no battery","V"
"06/11/2023","11:38:24","9","default","547630319","OXY_CH9","42.441","min","177.022","μmol/L","Humid","22.546","deg","125420","µV","26.701","°C","1016.000","hPa","35.9","pmil","0","55.690","deg","20.000","°C","100.000","%a.s.","22.400","deg","20.000","°C","962.000","hPa","0.861","-0.02617","0.00035","0","0","13.56","Humid","35.35","0","78.50","280537.26","SABD0002000014","AAV2.0.0.13","3.0.3.1703","PSt7-10","180509-002","9/13/2019 10:46:52 AM","0000-00","0","no battery","V"
"06/11/2023","11:38:25","9","default","547630319","OXY_CH9","42.459","min","176.989","μmol/L","Humid","22.546","deg","125420","µV","26.707","°C","1016.000","hPa","35.9","pmil","0","55.690","deg","20.000","°C","100.000","%a.s.","22.400","deg","20.000","°C","962.000","hPa","0.861","-0.02617","0.00035","0","0","13.56","Humid","35.35","0","78.50","280546.09","SABD0002000014","AAV2.0.0.13","3.0.3.1703","PSt7-10","180509-002","9/13/2019 10:46:52 AM","0000-00","0","no battery","V"
"06/11/2023","11:38:26","9","default","547630319","OXY_CH9","42.475","min","177.052","μmol/L","Humid","22.544","deg","125405","µV","26.701","°C","1016.000","hPa","35.9","pmil","0","55.690","deg","20.000","°C","100.000","%a.s.","22.400","deg","20.000","°C","962.000","hPa","0.861","-0.02617","0.00035","0","0","13.56","Humid","35.35","0","78.50","280541.98","SABD0002000014","AAV2.0.0.13","3.0.3.1703","PSt7-10","180509-002","9/13/2019 10:46:52 AM","0000-00","0","no battery","V"
"06/11/2023","11:38:27","9","default","547630319","OXY_CH9","42.492","min","177.020","μmol/L","Humid","22.544","deg","125399","µV","26.707","°C","1016.000","hPa","35.9","pmil","0","55.690","deg","20.000","°C","100.000","%a.s.","22.400","deg","20.000","°C","962.000","hPa","0.861","-0.02617","0.00035","0","0","13.56","Humid","35.35","0","78.50","280548.43","SABD0002000014","AAV2.0.0.13","3.0.3.1703","PSt7-10","180509-002","9/13/2019 10:46:52 AM","0000-00","0","no battery","V"
"06/11/2023","11:38:28","9","default","547630319","OXY_CH9","42.508","min","177.097","μmol/L","Humid","22.541","deg","125386","µV","26.701","°C","1016.000","hPa","35.9","pmil","0","55.690","deg","20.000","°C","100.000","%a.s.","22.400","deg","20.000","°C","962.000","hPa","0.861","-0.02617","0.00035","0","0","13.56","Humid","35.35","0","78.50","280540.71","SABD0002000014","AAV2.0.0.13","3.0.3.1703","PSt7-10","180509-002","9/13/2019 10:46:52 AM","0000-00","0","no battery","V"
"06/11/2023","11:38:29","9","default","547630319","OXY_CH9","42.525","min","177.082","μmol/L","Humid","22.542","deg","125373","µV","26.701","°C","1016.000","hPa","35.9","pmil","0","55.690","deg","20.000","°C","100.000","%a.s.","22.400","deg","20.000","°C","962.000","hPa","0.861","-0.02617","0.00035","0","0","13.56","Humid","35.35","0","78.50","280534.65","SABD0002000014","AAV2.0.0.13","3.0.3.1703","PSt7-10","180509-002","9/13/2019 10:46:52 AM","0000-00","0","no battery","V"
"06/11/2023","11:38:30","9","default","547630319","OXY_CH9","42.542","min","177.144","μmol/L","Humid","22.540","deg","125371","µV","26.695","°C","1016.000","hPa","35.9","pmil","0","55.690","deg","20.000","°C","100.000","%a.s.","22.400","deg","20.000","°C","962.000","hPa","0.861","-0.02617","0.00035","0","0","13.56","Humid","35.35","0","78.50","280534.23","SABD0002000014","AAV2.0.0.13","3.0.3.1703","PSt7-10","180509-002","9/13/2019 10:46:52 AM","0000-00","0","no battery","V"
"06/11/2023","11:38:31","9","default","547630319","OXY_CH9","42.558","min","177.127","μmol/L","Humid","22.539","deg","125362","µV","26.701","°C","1016.000","hPa","35.9","pmil","0","55.690","deg","20.000","°C","100.000","%a.s.","22.400","deg","20.000","°C","962.000","hPa","0.861","-0.02617","0.00035","0","0","13.56","Humid","35.35","0","78.50","280533.70","SABD0002000014","AAV2.0.0.13","3.0.3.1703","PSt7-10","180509-002","9/13/2019 10:46:52 AM","0000-00","0","no battery","V"
"06/11/2023","11:38:32","9","default","547630319","OXY_CH9","42.575","min","177.203","μmol/L","Humid","22.534","deg","125358","µV","26.701","°C","1016.000","hPa","35.9","pmil","0","55.690","deg","20.000","°C","100.000","%a.s.","22.400","deg","20.000","°C","962.000","hPa","0.861","-0.02617","0.00035","0","0","13.56","Humid","35.35","0","78.50","280539.77","SABD0002000014","AAV2.0.0.13","3.0.3.1703","PSt7-10","180509-002","9/13/2019 10:46:52 AM","0000-00","0","no battery","V"
"06/11/2023","11:38:33","9","default","547630319","OXY_CH9","42.591","min","177.141","μmol/L","Humid","22.536","deg","125349","µV","26.707","°C","1016.000","hPa","35.9","pmil","0","55.690","deg","20.000","°C","100.000","%a.s.","22.400","deg","20.000","°C","962.000","hPa","0.861","-0.02617","0.00035","0","0","13.56","Humid","35.35","0","78.50","280541.62","SABD0002000014","AAV2.0.0.13","3.0.3.1703","PSt7-10","180509-002","9/13/2019 10:46:52 AM","0000-00","0","no battery","V"
"06/11/2023","11:38:34","9","default","547630319","OXY_CH9","42.608","min","177.233","μmol/L","Humid","22.532","deg","125335","µV","26.701","°C","1016.000","hPa","35.9","pmil","0","55.690","deg","20.000","°C","100.000","%a.s.","22.400","deg","20.000","°C","962.000","hPa","0.861","-0.02617","0.00035","0","0","13.56","Humid","35.35","0","78.50","280538.48","SABD0002000014","AAV2.0.0.13","3.0.3.1703","PSt7-10","180509-002","9/13/2019 10:46:52 AM","0000-00","0","no battery","V"
"06/11/2023","11:38:35","9","default","547630319","OXY_CH9","42.625","min","177.203","μmol/L","Humid","22.534","deg","125334","µV","26.701","°C","1016.000","hPa","35.9","pmil","0","55.690","deg","20.000","°C","100.000","%a.s.","22.400","deg","20.000","°C","962.000","hPa","0.861","-0.02617","0.00035","0","0","13.56","Humid","35.35","0","78.50","280534.92","SABD0002000014","AAV2.0.0.13","3.0.3.1703","PSt7-10","180509-002","9/13/2019 10:46:52 AM","0000-00","0","no battery","V"
"06/11/2023","11:38:36","9","default","547630319","OXY_CH9","42.642","min","177.231","μmol/L","Humid","22.530","deg","125321","µV","26.707","°C","1016.000","hPa","35.9","pmil","0","55.690","deg","20.000","°C","100.000","%a.s.","22.400","deg","20.000","°C","962.000","hPa","0.861","-0.02617","0.00035","0","0","13.56","Humid","35.35","0","78.50","280548.20","SABD0002000014","AAV2.0.0.13","3.0.3.1703","PSt7-10","180509-002","9/13/2019 10:46:52 AM","0000-00","0","no battery","V"
"06/11/2023","11:38:37","9","default","547630319","OXY_CH9","42.658","min","177.341","μmol/L","Humid","22.527","deg","125310","µV","26.695","°C","1016.000","hPa","35.9","pmil","0","55.690","deg","20.000","°C","100.000","%a.s.","22.400","deg","20.000","°C","962.000","hPa","0.861","-0.02617","0.00035","0","0","13.56","Humid","35.35","0","78.50","280547.67","SABD0002000014","AAV2.0.0.13","3.0.3.1703","PSt7-10","180509-002","9/13/2019 10:46:52 AM","0000-00","0","no battery","V"
"06/11/2023","11:38:38","9","default","547630319","OXY_CH9","42.675","min","177.338","μmol/L","Humid","22.523","deg","125302","µV","26.707","°C","1016.000","hPa","35.9","pmil","0","55.690","deg","20.000","°C","100.000","%a.s.","22.400","deg","20.000","°C","962.000","hPa","0.861","-0.02617","0.00035","0","0","13.56","Humid","35.35","0","78.50","280530.01","SABD0002000014","AAV2.0.0.13","3.0.3.1703","PSt7-10","180509-002","9/13/2019 10:46:52 AM","0000-00","0","no battery","V"
"06/11/2023","11:38:39","9","default","547630319","OXY_CH9","42.692","min","177.355","μmol/L","Humid","22.524","deg","125294","µV","26.701","°C","1016.000","hPa","35.9","pmil","0","55.690","deg","20.000","°C","100.000","%a.s.","22.400","deg","20.000","°C","962.000","hPa","0.861","-0.02617","0.00035","0","0","13.56","Humid","35.35","0","78.50","280537.47","SABD0002000014","AAV2.0.0.13","3.0.3.1703","PSt7-10","180509-002","9/13/2019 10:46:52 AM","0000-00","0","no battery","V"
"06/11/2023","11:38:40","9","default","547630319","OXY_CH9","42.708","min","177.339","μmol/L","Humid","22.525","deg","125285","µV","26.701","°C","1016.000","hPa","35.9","pmil","0","55.690","deg","20.000","°C","100.000","%a.s.","22.400","deg","20.000","°C","962.000","hPa","0.861","-0.02617","0.00035","0","0","13.56","Humid","35.35","0","78.50","280537.42","SABD0002000014","AAV2.0.0.13","3.0.3.1703","PSt7-10","180509-002","9/13/2019 10:46:52 AM","0000-00","0","no battery","V"
"06/11/2023","11:38:41","9","default","547630319","OXY_CH9","42.725","min","177.339","μmol/L","Humid","22.525","deg","125279","µV","26.701","°C","1016.000","hPa","35.9","pmil","0","55.690","deg","20.000","°C","100.000","%a.s.","22.400","deg","20.000","°C","962.000","hPa","0.861","-0.02617","0.00035","0","0","13.56","Humid","35.35","0","78.50","280535.51","SABD0002000014","AAV2.0.0.13","3.0.3.1703","PSt7-10","180509-002","9/13/2019 10:46:52 AM","0000-00","0","no battery","V"
"06/11/2023","11:38:42","9","default","547630319","OXY_CH9","42.742","min","177.355","μmol/L","Humid","22.524","deg","125278","µV","26.701","°C","1016.000","hPa","35.9","pmil","0","55.690","deg","20.000","°C","100.000","%a.s.","22.400","deg","20.000","°C","962.000","hPa","0.861","-0.02617","0.00035","0","0","13.56","Humid","35.35","0","78.50","280536.82","SABD0002000014","AAV2.0.0.13","3.0.3.1703","PSt7-10","180509-002","9/13/2019 10:46:52 AM","0000-00","0","no battery","V"
"06/11/2023","11:38:43","9","default","547630319","OXY_CH9","42.758","min","177.385","μmol/L","Humid","22.522","deg","125260","µV","26.701","°C","1016.000","hPa","35.9","pmil","0","55.690","deg","20.000","°C","100.000","%a.s.","22.400","deg","20.000","°C","962.000","hPa","0.861","-0.02617","0.00035","0","0","13.56","Humid","35.35","0","78.50","280536.89","SABD0002000014","AAV2.0.0.13","3.0.3.1703","PSt7-10","180509-002","9/13/2019 10:46:52 AM","0000-00","0","no battery","V"
"06/11/2023","11:38:44","9","default","547630319","OXY_CH9","42.775","min","177.353","μmol/L","Humid","22.522","deg","125247","µV","26.707","°C","1016.000","hPa","35.9","pmil","0","55.690","deg","20.000","°C","100.000","%a.s.","22.400","deg","20.000","°C","962.000","hPa","0.861","-0.02617","0.00035","0","0","13.56","Humid","35.35","0","78.50","280528.41","SABD0002000014","AAV2.0.0.13","3.0.3.1703","PSt7-10","180509-002","9/13/2019 10:46:52 AM","0000-00","0","no battery","V"
"06/11/2023","11:38:45","9","default","547630319","OXY_CH9","42.792","min","177.398","μmol/L","Humid","22.519","deg","125251","µV","26.707","°C","1016.000","hPa","35.9","pmil","0","55.690","deg","20.000","°C","100.000","%a.s.","22.400","deg","20.000","°C","962.000","hPa","0.861","-0.02617","0.00035","0","0","13.56","Humid","35.35","0","78.50","280530.29","SABD0002000014","AAV2.0.0.13","3.0.3.1703","PSt7-10","180509-002","9/13/2019 10:46:52 AM","0000-00","0","no battery","V"
"06/11/2023","11:38:46","9","default","547630319","OXY_CH9","42.808","min","177.523","μmol/L","Humid","22.515","deg","125242","µV","26.695","°C","1016.000","hPa","35.9","pmil","0","55.690","deg","20.000","°C","100.000","%a.s.","22.400","deg","20.000","°C","962.000","hPa","0.861","-0.02617","0.00035","0","0","13.56","Humid","35.35","0","78.50","280527.79","SABD0002000014","AAV2.0.0.13","3.0.3.1703","PSt7-10","180509-002","9/13/2019 10:46:52 AM","0000-00","0","no battery","V"
"06/11/2023","11:38:47","9","default","547630319","OXY_CH9","42.825","min","177.476","μmol/L","Humid","22.516","deg","125225","µV","26.701","°C","1016.000","hPa","35.9","pmil","0","55.690","deg","20.000","°C","100.000","%a.s.","22.400","deg","20.000","°C","962.000","hPa","0.861","-0.02617","0.00035","0","0","13.56","Humid","35.35","0","78.50","280537.32","SABD0002000014","AAV2.0.0.13","3.0.3.1703","PSt7-10","180509-002","9/13/2019 10:46:52 AM","0000-00","0","no battery","V"
"06/11/2023","11:38:48","9","default","547630319","OXY_CH9","42.842","min","177.538","μmol/L","Humid","22.514","deg","125227","µV","26.695","°C","1016.000","hPa","35.9","pmil","0","55.690","deg","20.000","°C","100.000","%a.s.","22.400","deg","20.000","°C","962.000","hPa","0.861","-0.02617","0.00035","0","0","13.56","Humid","35.35","0","78.50","280533.37","SABD0002000014","AAV2.0.0.13","3.0.3.1703","PSt7-10","180509-002","9/13/2019 10:46:52 AM","0000-00","0","no battery","V"
"06/11/2023","11:38:49","9","default","547630319","OXY_CH9","42.858","min","177.413","μmol/L","Humid","22.518","deg","125214","µV","26.707","°C","1016.000","hPa","35.9","pmil","0","55.690","deg","20.000","°C","100.000","%a.s.","22.400","deg","20.000","°C","962.000","hPa","0.861","-0.02617","0.00035","0","0","13.56","Humid","35.35","0","78.50","280534.83","SABD0002000014","AAV2.0.0.13","3.0.3.1703","PSt7-10","180509-002","9/13/2019 10:46:52 AM","0000-00","0","no battery","V"
"06/11/2023","11:38:50","9","default","547630319","OXY_CH9","42.875","min","177.521","μmol/L","Humid","22.513","deg","125207","µV","26.701","°C","1016.000","hPa","35.9","pmil","0","55.690","deg","20.000","°C","100.000","%a.s.","22.400","deg","20.000","°C","962.000","hPa","0.861","-0.02617","0.00035","0","0","13.56","Humid","35.35","0","78.50","280539.17","SABD0002000014","AAV2.0.0.13","3.0.3.1703","PSt7-10","180509-002","9/13/2019 10:46:52 AM","0000-00","0","no battery","V"
"06/11/2023","11:38:51","9","default","547630319","OXY_CH9","42.892","min","177.552","μmol/L","Humid","22.511","deg","125195","µV","26.701","°C","1016.000","hPa","35.9","pmil","0","55.690","deg","20.000","°C","100.000","%a.s.","22.400","deg","20.000","°C","962.000","hPa","0.861","-0.02617","0.00035","0","0","13.56","Humid","35.35","0","78.50","280532.76","SABD0002000014","AAV2.0.0.13","3.0.3.1703","PSt7-10","180509-002","9/13/2019 10:46:52 AM","0000-00","0","no battery","V"
"06/11/2023","11:38:52","9","default","547630319","OXY_CH9","42.908","min","177.614","μmol/L","Humid","22.509","deg","125191","µV","26.695","°C","1016.000","hPa","35.9","pmil","0","55.690","deg","20.000","°C","100.000","%a.s.","22.400","deg","20.000","°C","962.000","hPa","0.861","-0.02617","0.00035","0","0","13.56","Humid","35.35","0","78.50","280534.19","SABD0002000014","AAV2.0.0.13","3.0.3.1703","PSt7-10","180509-002","9/13/2019 10:46:52 AM","0000-00","0","no battery","V"
"06/11/2023","11:38:53","9","default","547630319","OXY_CH9","42.925","min","177.550","μmol/L","Humid","22.509","deg","125185","µV","26.707","°C","1016.000","hPa","35.9","pmil","0","55.690","deg","20.000","°C","100.000","%a.s.","22.400","deg","20.000","°C","962.000","hPa","0.861","-0.02617","0.00035","0","0","13.56","Humid","35.35","0","78.50","280528.18","SABD0002000014","AAV2.0.0.13","3.0.3.1703","PSt7-10","180509-002","9/13/2019 10:46:52 AM","0000-00","0","no battery","V"
"06/11/2023","11:38:54","9","default","547630319","OXY_CH9","42.942","min","177.610","μmol/L","Humid","22.505","deg","125175","µV","26.707","°C","1016.000","hPa","35.9","pmil","0","55.690","deg","20.000","°C","100.000","%a.s.","22.400","deg","20.000","°C","962.000","hPa","0.861","-0.02617","0.00035","0","0","13.56","Humid","35.35","0","78.50","280540.71","SABD0002000014","AAV2.0.0.13","3.0.3.1703","PSt7-10","180509-002","9/13/2019 10:46:52 AM","0000-00","0","no battery","V"
"06/11/2023","11:38:55","9","default","547630319","OXY_CH9","42.958","min","177.595","μmol/L","Humid","22.506","deg","125156","µV","26.707","°C","1016.000","hPa","35.9","pmil","0","55.690","deg","20.000","°C","100.000","%a.s.","22.400","deg","20.000","°C","962.000","hPa","0.861","-0.02617","0.00035","0","0","13.56","Humid","35.35","0","78.50","280525.68","SABD0002000014","AAV2.0.0.13","3.0.3.1703","PSt7-10","180509-002","9/13/2019 10:46:52 AM","0000-00","0","no battery","V"
"06/11/2023","11:38:56","9","default","547630319","OXY_CH9","42.975","min","177.578","μmol/L","Humid","22.505","deg","125152","µV","26.713","°C","1016.000","hPa","35.9","pmil","0","55.690","deg","20.000","°C","100.000","%a.s.","22.400","deg","20.000","°C","962.000","hPa","0.861","-0.02617","0.00035","0","0","13.56","Humid","35.35","0","78.50","280540.35","SABD0002000014","AAV2.0.0.13","3.0.3.1703","PSt7-10","180509-002","9/13/2019 10:46:52 AM","0000-00","0","no battery","V"
"06/11/2023","11:38:57","9","default","547630319","OXY_CH9","42.992","min","177.688","μmol/L","Humid","22.502","deg","125136","µV","26.701","°C","1016.000","hPa","35.9","pmil","0","55.690","deg","20.000","°C","100.000","%a.s.","22.400","deg","20.000","°C","962.000","hPa","0.861","-0.02617","0.00035","0","0","13.56","Humid","35.35","0","78.50","280533.23","SABD0002000014","AAV2.0.0.13","3.0.3.1703","PSt7-10","180509-002","9/13/2019 10:46:52 AM","0000-00","0","no battery","V"
"06/11/2023","11:38:58","9","default","547630319","OXY_CH9","43.008","min","177.641","μmol/L","Humid","22.503","deg","125122","µV","26.707","°C","1016.000","hPa","35.9","pmil","0","55.690","deg","20.000","°C","100.000","%a.s.","22.400","deg","20.000","°C","962.000","hPa","0.861","-0.02617","0.00035","0","0","13.56","Humid","35.35","0","78.50","280521.37","SABD0002000014","AAV2.0.0.13","3.0.3.1703","PSt7-10","180509-002","9/13/2019 10:46:52 AM","0000-00","0","no battery","V"
"06/11/2023","11:38:59","9","default","547630319","OXY_CH9","43.025","min","177.654","μmol/L","Humid","22.500","deg","125127","µV","26.713","°C","1016.000","hPa","35.9","pmil","0","55.690","deg","20.000","°C","100.000","%a.s.","22.400","deg","20.000","°C","962.000","hPa","0.861","-0.02617","0.00035","0","0","13.56","Humid","35.35","0","78.50","280528.90","SABD0002000014","AAV2.0.0.13","3.0.3.1703","PSt7-10","180509-002","9/13/2019 10:46:52 AM","0000-00","0","no battery","V"
"06/11/2023","11:39:00","9","default","547630319","OXY_CH9","43.042","min","177.779","μmol/L","Humid","22.496","deg","125112","µV","26.701","°C","1016.000","hPa","35.9","pmil","0","55.690","deg","20.000","°C","100.000","%a.s.","22.400","deg","20.000","°C","962.000","hPa","0.861","-0.02617","0.00035","0","0","13.56","Humid","35.35","0","78.50","280525.26","SABD0002000014","AAV2.0.0.13","3.0.3.1703","PSt7-10","180509-002","9/13/2019 10:46:52 AM","0000-00","0","no battery","V"
"06/11/2023","11:39:01","9","default","547630319","OXY_CH9","43.058","min","177.717","μmol/L","Humid","22.498","deg","125104","µV","26.707","°C","1016.000","hPa","35.9","pmil","0","55.690","deg","20.000","°C","100.000","%a.s.","22.400","deg","20.000","°C","962.000","hPa","0.861","-0.02617","0.00035","0","0","13.56","Humid","35.35","0","78.50","280526.79","SABD0002000014","AAV2.0.0.13","3.0.3.1703","PSt7-10","180509-002","9/13/2019 10:46:52 AM","0000-00","0","no battery","V"
"06/11/2023","11:39:02","9","default","547630319","OXY_CH9","43.075","min","177.779","μmol/L","Humid","22.496","deg","125097","µV","26.701","°C","1016.000","hPa","35.9","pmil","0","55.690","deg","20.000","°C","100.000","%a.s.","22.400","deg","20.000","°C","962.000","hPa","0.861","-0.02617","0.00035","0","0","13.56","Humid","35.35","0","78.50","280523.85","SABD0002000014","AAV2.0.0.13","3.0.3.1703","PSt7-10","180509-002","9/13/2019 10:46:52 AM","0000-00","0","no battery","V"
"06/11/2023","11:39:03","9","default","547630319","OXY_CH9","43.091","min","177.747","μmol/L","Humid","22.496","deg","125086","µV","26.707","°C","1016.000","hPa","35.9","pmil","0","55.690","deg","20.000","°C","100.000","%a.s.","22.400","deg","20.000","°C","962.000","hPa","0.861","-0.02617","0.00035","0","0","13.56","Humid","35.35","0","78.50","280532.94","SABD0002000014","AAV2.0.0.13","3.0.3.1703","PSt7-10","180509-002","9/13/2019 10:46:52 AM","0000-00","0","no battery","V"
"06/11/2023","11:39:04","9","default","547630319","OXY_CH9","43.108","min","177.810","μmol/L","Humid","22.494","deg","125081","µV","26.701","°C","1016.000","hPa","35.9","pmil","0","55.690","deg","20.000","°C","100.000","%a.s.","22.400","deg","20.000","°C","962.000","hPa","0.861","-0.02617","0.00035","0","0","13.56","Humid","35.35","0","78.50","280529.04","SABD0002000014","AAV2.0.0.13","3.0.3.1703","PSt7-10","180509-002","9/13/2019 10:46:52 AM","0000-00","0","no battery","V"
"06/11/2023","11:39:05","9","default","547630319","OXY_CH9","43.125","min","177.855","μmol/L","Humid","22.491","deg","125071","µV","26.701","°C","1016.000","hPa","35.9","pmil","0","55.690","deg","20.000","°C","100.000","%a.s.","22.400","deg","20.000","°C","962.000","hPa","0.861","-0.02617","0.00035","0","0","13.56","Humid","35.35","0","78.50","280524.70","SABD0002000014","AAV2.0.0.13","3.0.3.1703","PSt7-10","180509-002","9/13/2019 10:46:52 AM","0000-00","0","no battery","V"
"06/11/2023","11:39:06","9","default","547630319","OXY_CH9","43.141","min","177.836","μmol/L","Humid","22.488","deg","125055","µV","26.713","°C","1016.000","hPa","35.9","pmil","0","55.690","deg","20.000","°C","100.000","%a.s.","22.400","deg","20.000","°C","962.000","hPa","0.861","-0.02617","0.00035","0","0","13.56","Humid","35.35","0","78.50","280515.12","SABD0002000014","AAV2.0.0.13","3.0.3.1703","PSt7-10","180509-002","9/13/2019 10:46:52 AM","0000-00","0","no battery","V"
"06/11/2023","11:39:07","9","default","547630319","OXY_CH9","43.158","min","177.869","μmol/L","Humid","22.488","deg","125055","µV","26.707","°C","1016.000","hPa","35.9","pmil","0","55.690","deg","20.000","°C","100.000","%a.s.","22.400","deg","20.000","°C","962.000","hPa","0.861","-0.02617","0.00035","0","0","13.56","Humid","35.35","0","78.50","280528.46","SABD0002000014","AAV2.0.0.13","3.0.3.1703","PSt7-10","180509-002","9/13/2019 10:46:52 AM","0000-00","0","no battery","V"
"06/11/2023","11:39:08","9","default","547630319","OXY_CH9","43.175","min","177.869","μmol/L","Humid","22.488","deg","125045","µV","26.707","°C","1016.000","hPa","35.9","pmil","0","55.690","deg","20.000","°C","100.000","%a.s.","22.400","deg","20.000","°C","962.000","hPa","0.861","-0.02617","0.00035","0","0","13.56","Humid","35.35","0","78.50","280534.05","SABD0002000014","AAV2.0.0.13","3.0.3.1703","PSt7-10","180509-002","9/13/2019 10:46:52 AM","0000-00","0","no battery","V"
"06/11/2023","11:39:09","9","default","547630319","OXY_CH9","43.191","min","177.869","μmol/L","Humid","22.488","deg","125031","µV","26.707","°C","1016.000","hPa","35.9","pmil","0","55.690","deg","20.000","°C","100.000","%a.s.","22.400","deg","20.000","°C","962.000","hPa","0.861","-0.02617","0.00035","0","0","13.56","Humid","35.35","0","78.50","280519.08","SABD0002000014","AAV2.0.0.13","3.0.3.1703","PSt7-10","180509-002","9/13/2019 10:46:52 AM","0000-00","0","no battery","V"
"06/11/2023","11:39:10","9","default","547630319","OXY_CH9","43.208","min","177.931","μmol/L","Humid","22.486","deg","125021","µV","26.701","°C","1016.000","hPa","35.9","pmil","0","55.690","deg","20.000","°C","100.000","%a.s.","22.400","deg","20.000","°C","962.000","hPa","0.861","-0.02617","0.00035","0","0","13.56","Humid","35.35","0","78.50","280528.33","SABD0002000014","AAV2.0.0.13","3.0.3.1703","PSt7-10","180509-002","9/13/2019 10:46:52 AM","0000-00","0","no battery","V"
"06/11/2023","11:39:11","9","default","547630319","OXY_CH9","43.225","min","177.977","μmol/L","Humid","22.483","deg","125019","µV","26.701","°C","1016.000","hPa","35.9","pmil","0","55.690","deg","20.000","°C","100.000","%a.s.","22.400","deg","20.000","°C","962.000","hPa","0.861","-0.02617","0.00035","0","0","13.56","Humid","35.35","0","78.50","280531.50","SABD0002000014","AAV2.0.0.13","3.0.3.1703","PSt7-10","180509-002","9/13/2019 10:46:52 AM","0000-00","0","no battery","V"
"06/11/2023","11:39:12","9","default","547630319","OXY_CH9","43.241","min","177.960","μmol/L","Humid","22.482","deg","125004","µV","26.707","°C","1016.000","hPa","35.9","pmil","0","55.690","deg","20.000","°C","100.000","%a.s.","22.400","deg","20.000","°C","962.000","hPa","0.861","-0.02617","0.00035","0","0","13.56","Humid","35.35","0","78.50","280524.78","SABD0002000014","AAV2.0.0.13","3.0.3.1703","PSt7-10","180509-002","9/13/2019 10:46:52 AM","0000-00","0","no battery","V"
"06/11/2023","11:39:13","9","default","547630319","OXY_CH9","43.258","min","177.990","μmol/L","Humid","22.480","deg","125003","µV","26.707","°C","1016.000","hPa","35.9","pmil","0","55.690","deg","20.000","°C","100.000","%a.s.","22.400","deg","20.000","°C","962.000","hPa","0.861","-0.02617","0.00035","0","0","13.56","Humid","35.35","0","78.50","280530.24","SABD0002000014","AAV2.0.0.13","3.0.3.1703","PSt7-10","180509-002","9/13/2019 10:46:52 AM","0000-00","0","no battery","V"
"06/11/2023","11:39:14","9","default","547630319","OXY_CH9","43.274","min","178.006","μmol/L","Humid","22.479","deg","124993","µV","26.707","°C","1016.000","hPa","35.9","pmil","0","55.690","deg","20.000","°C","100.000","%a.s.","22.400","deg","20.000","°C","962.000","hPa","0.861","-0.02617","0.00035","0","0","13.56","Humid","35.35","0","78.50","280527.89","SABD0002000014","AAV2.0.0.13","3.0.3.1703","PSt7-10","180509-002","9/13/2019 10:46:52 AM","0000-00","0","no battery","V"
"06/11/2023","11:39:15","9","default","547630319","OXY_CH9","43.292","min","178.023","μmol/L","Humid","22.480","deg","124982","µV","26.701","°C","1016.000","hPa","35.9","pmil","0","55.690","deg","20.000","°C","100.000","%a.s.","22.400","deg","20.000","°C","962.000","hPa","0.861","-0.02617","0.00035","0","0","13.56","Humid","35.35","0","78.50","280531.28","SABD0002000014","AAV2.0.0.13","3.0.3.1703","PSt7-10","180509-002","9/13/2019 10:46:52 AM","0000-00","0","no battery","V"
"06/11/2023","11:39:16","9","default","547630319","OXY_CH9","43.308","min","178.068","μmol/L","Humid","22.477","deg","124974","µV","26.701","°C","1016.000","hPa","35.9","pmil","0","55.690","deg","20.000","°C","100.000","%a.s.","22.400","deg","20.000","°C","962.000","hPa","0.861","-0.02617","0.00035","0","0","13.56","Humid","35.35","0","78.50","280524.73","SABD0002000014","AAV2.0.0.13","3.0.3.1703","PSt7-10","180509-002","9/13/2019 10:46:52 AM","0000-00","0","no battery","V"
"06/11/2023","11:39:17","9","default","547630319","OXY_CH9","43.325","min","178.053","μmol/L","Humid","22.478","deg","124963","µV","26.701","°C","1016.000","hPa","35.9","pmil","0","55.690","deg","20.000","°C","100.000","%a.s.","22.400","deg","20.000","°C","962.000","hPa","0.861","-0.02617","0.00035","0","0","13.56","Humid","35.35","0","78.50","280529.52","SABD0002000014","AAV2.0.0.13","3.0.3.1703","PSt7-10","180509-002","9/13/2019 10:46:52 AM","0000-00","0","no battery","V"
"06/11/2023","11:39:18","9","default","547630319","OXY_CH9","43.342","min","178.145","μmol/L","Humid","22.472","deg","124951","µV","26.701","°C","1016.000","hPa","35.9","pmil","0","55.690","deg","20.000","°C","100.000","%a.s.","22.400","deg","20.000","°C","962.000","hPa","0.861","-0.02617","0.00035","0","0","13.56","Humid","35.35","0","78.50","280531.78","SABD0002000014","AAV2.0.0.13","3.0.3.1703","PSt7-10","180509-002","9/13/2019 10:46:52 AM","0000-00","0","no battery","V"
"06/11/2023","11:39:19","9","default","547630319","OXY_CH9","43.358","min","178.160","μmol/L","Humid","22.471","deg","124947","µV","26.701","°C","1016.000","hPa","35.9","pmil","0","55.690","deg","20.000","°C","100.000","%a.s.","22.400","deg","20.000","°C","962.000","hPa","0.861","-0.02617","0.00035","0","0","13.56","Humid","35.35","0","78.50","280527.41","SABD0002000014","AAV2.0.0.13","3.0.3.1703","PSt7-10","180509-002","9/13/2019 10:46:52 AM","0000-00","0","no battery","V"
"06/11/2023","11:39:20","9","default","547630319","OXY_CH9","43.375","min","178.143","μmol/L","Humid","22.470","deg","124932","µV","26.707","°C","1016.000","hPa","35.9","pmil","0","55.690","deg","20.000","°C","100.000","%a.s.","22.400","deg","20.000","°C","962.000","hPa","0.861","-0.02617","0.00035","0","0","13.56","Humid","35.35","0","78.50","280528.14","SABD0002000014","AAV2.0.0.13","3.0.3.1703","PSt7-10","180509-002","9/13/2019 10:46:52 AM","0000-00","0","no battery","V"
"06/11/2023","11:39:21","9","default","547630319","OXY_CH9","43.392","min","178.173","μmol/L","Humid","22.468","deg","124924","µV","26.707","°C","1016.000","hPa","35.9","pmil","0","55.690","deg","20.000","°C","100.000","%a.s.","22.400","deg","20.000","°C","962.000","hPa","0.861","-0.02617","0.00035","0","0","13.56","Humid","35.35","0","78.50","280514.49","SABD0002000014","AAV2.0.0.13","3.0.3.1703","PSt7-10","180509-002","9/13/2019 10:46:52 AM","0000-00","0","no battery","V"
"06/11/2023","11:39:22","9","default","547630319","OXY_CH9","43.408","min","178.204","μmol/L","Humid","22.466","deg","124920","µV","26.707","°C","1016.000","hPa","35.9","pmil","0","55.690","deg","20.000","°C","100.000","%a.s.","22.400","deg","20.000","°C","962.000","hPa","0.861","-0.02617","0.00035","0","0","13.56","Humid","35.35","0","78.50","280521.65","SABD0002000014","AAV2.0.0.13","3.0.3.1703","PSt7-10","180509-002","9/13/2019 10:46:52 AM","0000-00","0","no battery","V"
"06/11/2023","11:39:23","9","default","547630319","OXY_CH9","43.425","min","178.143","μmol/L","Humid","22.470","deg","124911","µV","26.707","°C","1016.000","hPa","35.9","pmil","0","55.690","deg","20.000","°C","100.000","%a.s.","22.400","deg","20.000","°C","962.000","hPa","0.861","-0.02617","0.00035","0","0","13.56","Humid","35.35","0","78.50","280517.71","SABD0002000014","AAV2.0.0.13","3.0.3.1703","PSt7-10","180509-002","9/13/2019 10:46:52 AM","0000-00","0","no battery","V"
"06/11/2023","11:39:24","9","default","547630319","OXY_CH9","43.442","min","178.171","μmol/L","Humid","22.466","deg","124905","µV","26.713","°C","1016.000","hPa","35.9","pmil","0","55.690","deg","20.000","°C","100.000","%a.s.","22.400","deg","20.000","°C","962.000","hPa","0.861","-0.02617","0.00035","0","0","13.56","Humid","35.35","0","78.50","280530.73","SABD0002000014","AAV2.0.0.13","3.0.3.1703","PSt7-10","180509-002","9/13/2019 10:46:52 AM","0000-00","0","no battery","V"
"06/11/2023","11:39:25","9","default","547630319","OXY_CH9","43.458","min","178.249","μmol/L","Humid","22.463","deg","124890","µV","26.707","°C","1016.000","hPa","35.9","pmil","0","55.690","deg","20.000","°C","100.000","%a.s.","22.400","deg","20.000","°C","962.000","hPa","0.861","-0.02617","0.00035","0","0","13.56","Humid","35.35","0","78.50","280523.43","SABD0002000014","AAV2.0.0.13","3.0.3.1703","PSt7-10","180509-002","9/13/2019 10:46:52 AM","0000-00","0","no battery","V"
"06/11/2023","11:39:26","9","default","547630319","OXY_CH9","43.475","min","178.267","μmol/L","Humid","22.464","deg","124882","µV","26.701","°C","1016.000","hPa","35.9","pmil","0","55.690","deg","20.000","°C","100.000","%a.s.","22.400","deg","20.000","°C","962.000","hPa","0.861","-0.02617","0.00035","0","0","13.56","Humid","35.35","0","78.50","280516.52","SABD0002000014","AAV2.0.0.13","3.0.3.1703","PSt7-10","180509-002","9/13/2019 10:46:52 AM","0000-00","0","no battery","V"
"06/11/2023","11:39:27","9","default","547630319","OXY_CH9","43.492","min","178.295","μmol/L","Humid","22.460","deg","124881","µV","26.707","°C","1016.000","hPa","35.9","pmil","0","55.690","deg","20.000","°C","100.000","%a.s.","22.400","deg","20.000","°C","962.000","hPa","0.861","-0.02617","0.00035","0","0","13.56","Humid","35.35","0","78.50","280524.21","SABD0002000014","AAV2.0.0.13","3.0.3.1703","PSt7-10","180509-002","9/13/2019 10:46:52 AM","0000-00","0","no battery","V"
"06/11/2023","11:39:28","9","default","547630319","OXY_CH9","43.509","min","178.295","μmol/L","Humid","22.460","deg","124868","µV","26.707","°C","1016.000","hPa","35.9","pmil","0","55.690","deg","20.000","°C","100.000","%a.s.","22.400","deg","20.000","°C","962.000","hPa","0.861","-0.02617","0.00035","0","0","13.56","Humid","35.35","0","78.50","280517.48","SABD0002000014","AAV2.0.0.13","3.0.3.1703","PSt7-10","180509-002","9/13/2019 10:46:52 AM","0000-00","0","no battery","V"
"06/11/2023","11:39:29","9","default","547630319","OXY_CH9","43.525","min","178.265","μmol/L","Humid","22.462","deg","124856","µV","26.707","°C","1016.000","hPa","35.9","pmil","0","55.690","deg","20.000","°C","100.000","%a.s.","22.400","deg","20.000","°C","962.000","hPa","0.861","-0.02617","0.00035","0","0","13.56","Humid","35.35","0","78.50","280529.97","SABD0002000014","AAV2.0.0.13","3.0.3.1703","PSt7-10","180509-002","9/13/2019 10:46:52 AM","0000-00","0","no battery","V"
"06/11/2023","11:39:30","9","default","547630319","OXY_CH9","43.541","min","178.389","μmol/L","Humid","22.456","deg","124841","µV","26.701","°C","1016.000","hPa","35.9","pmil","0","55.690","deg","20.000","°C","100.000","%a.s.","22.400","deg","20.000","°C","962.000","hPa","0.861","-0.02617","0.00035","0","0","13.56","Humid","35.35","0","78.50","280505.99","SABD0002000014","AAV2.0.0.13","3.0.3.1703","PSt7-10","180509-002","9/13/2019 10:46:52 AM","0000-00","0","no battery","V"
"06/11/2023","11:39:31","9","default","547630319","OXY_CH9","43.558","min","178.404","μmol/L","Humid","22.455","deg","124835","µV","26.701","°C","1016.000","hPa","35.9","pmil","0","55.690","deg","20.000","°C","100.000","%a.s.","22.400","deg","20.000","°C","962.000","hPa","0.861","-0.02617","0.00035","0","0","13.56","Humid","35.35","0","78.50","280523.39","SABD0002000014","AAV2.0.0.13","3.0.3.1703","PSt7-10","180509-002","9/13/2019 10:46:52 AM","0000-00","0","no battery","V"
"06/11/2023","11:39:32","9","default","547630319","OXY_CH9","43.575","min","178.371","μmol/L","Humid","22.455","deg","124822","µV","26.707","°C","1016.000","hPa","35.9","pmil","0","55.690","deg","20.000","°C","100.000","%a.s.","22.400","deg","20.000","°C","962.000","hPa","0.861","-0.02617","0.00035","0","0","13.56","Humid","35.35","0","78.50","280512.42","SABD0002000014","AAV2.0.0.13","3.0.3.1703","PSt7-10","180509-002","9/13/2019 10:46:52 AM","0000-00","0","no battery","V"
"06/11/2023","11:39:33","9","default","547630319","OXY_CH9","43.591","min","178.404","μmol/L","Humid","22.455","deg","124819","µV","26.701","°C","1016.000","hPa","35.9","pmil","0","55.690","deg","20.000","°C","100.000","%a.s.","22.400","deg","20.000","°C","962.000","hPa","0.861","-0.02617","0.00035","0","0","13.56","Humid","35.35","0","78.50","280512.42","SABD0002000014","AAV2.0.0.13","3.0.3.1703","PSt7-10","180509-002","9/13/2019 10:46:52 AM","0000-00","0","no battery","V"
"06/11/2023","11:39:34","9","default","547630319","OXY_CH9","43.608","min","178.387","μmol/L","Humid","22.454","deg","124801","µV","26.707","°C","1016.000","hPa","35.9","pmil","0","55.690","deg","20.000","°C","100.000","%a.s.","22.400","deg","20.000","°C","962.000","hPa","0.861","-0.02617","0.00035","0","0","13.56","Humid","35.35","0","78.50","280527.45","SABD0002000014","AAV2.0.0.13","3.0.3.1703","PSt7-10","180509-002","9/13/2019 10:46:52 AM","0000-00","0","no battery","V"
"06/11/2023","11:39:35","9","default","547630319","OXY_CH9","43.624","min","178.419","μmol/L","Humid","22.454","deg","124806","µV","26.701","°C","1016.000","hPa","35.9","pmil","0","55.690","deg","20.000","°C","100.000","%a.s.","22.400","deg","20.000","°C","962.000","hPa","0.861","-0.02617","0.00035","0","0","13.56","Humid","35.35","0","78.50","280517.39","SABD0002000014","AAV2.0.0.13","3.0.3.1703","PSt7-10","180509-002","9/13/2019 10:46:52 AM","0000-00","0","no battery","V"
"06/11/2023","11:39:36","9","default","547630319","OXY_CH9","43.641","min","178.463","μmol/L","Humid","22.449","deg","124799","µV","26.707","°C","1016.000","hPa","35.9","pmil","0","55.690","deg","20.000","°C","100.000","%a.s.","22.400","deg","20.000","°C","962.000","hPa","0.861","-0.02617","0.00035","0","0","13.56","Humid","35.35","0","78.50","280522.49","SABD0002000014","AAV2.0.0.13","3.0.3.1703","PSt7-10","180509-002","9/13/2019 10:46:52 AM","0000-00","0","no battery","V"
"06/11/2023","11:39:37","9","default","547630319","OXY_CH9","43.658","min","178.461","μmol/L","Humid","22.447","deg","124800","µV","26.713","°C","1016.000","hPa","35.9","pmil","0","55.690","deg","20.000","°C","100.000","%a.s.","22.400","deg","20.000","°C","962.000","hPa","0.861","-0.02617","0.00035","0","0","13.56","Humid","35.35","0","78.50","280531.62","SABD0002000014","AAV2.0.0.13","3.0.3.1703","PSt7-10","180509-002","9/13/2019 10:46:52 AM","0000-00","0","no battery","V"
"06/11/2023","11:39:38","9","default","547630319","OXY_CH9","43.675","min","178.509","μmol/L","Humid","22.446","deg","124783","µV","26.707","°C","1016.000","hPa","35.9","pmil","0","55.690","deg","20.000","°C","100.000","%a.s.","22.400","deg","20.000","°C","962.000","hPa","0.861","-0.02617","0.00035","0","0","13.56","Humid","35.35","0","78.50","280510.70","SABD0002000014","AAV2.0.0.13","3.0.3.1703","PSt7-10","180509-002","9/13/2019 10:46:52 AM","0000-00","0","no battery","V"
"06/11/2023","11:39:39","9","default","547630319","OXY_CH9","43.692","min","178.492","μmol/L","Humid","22.445","deg","124765","µV","26.713","°C","1016.000","hPa","35.9","pmil","0","55.690","deg","20.000","°C","100.000","%a.s.","22.400","deg","20.000","°C","962.000","hPa","0.861","-0.02617","0.00035","0","0","13.56","Humid","35.35","0","78.50","280513.60","SABD0002000014","AAV2.0.0.13","3.0.3.1703","PSt7-10","180509-002","9/13/2019 10:46:52 AM","0000-00","0","no battery","V"
"06/11/2023","11:39:40","9","default","547630319","OXY_CH9","43.708","min","178.461","μmol/L","Humid","22.447","deg","124759","µV","26.713","°C","1016.000","hPa","35.9","pmil","0","55.690","deg","20.000","°C","100.000","%a.s.","22.400","deg","20.000","°C","962.000","hPa","0.861","-0.02617","0.00035","0","0","13.56","Humid","35.35","0","78.50","280513.55","SABD0002000014","AAV2.0.0.13","3.0.3.1703","PSt7-10","180509-002","9/13/2019 10:46:52 AM","0000-00","0","no battery","V"
"06/11/2023","11:39:41","9","default","547630319","OXY_CH9","43.725","min","178.570","μmol/L","Humid","22.442","deg","124753","µV","26.707","°C","1016.000","hPa","35.9","pmil","0","55.690","deg","20.000","°C","100.000","%a.s.","22.400","deg","20.000","°C","962.000","hPa","0.861","-0.02617","0.00035","0","0","13.56","Humid","35.35","0","78.50","280503.53","SABD0002000014","AAV2.0.0.13","3.0.3.1703","PSt7-10","180509-002","9/13/2019 10:46:52 AM","0000-00","0","no battery","V"
"06/11/2023","11:39:42","9","default","547630319","OXY_CH9","43.742","min","178.618","μmol/L","Humid","22.441","deg","124750","µV","26.701","°C","1016.000","hPa","35.9","pmil","0","55.690","deg","20.000","°C","100.000","%a.s.","22.400","deg","20.000","°C","962.000","hPa","0.861","-0.02617","0.00035","0","0","13.56","Humid","35.35","0","78.50","280506.91","SABD0002000014","AAV2.0.0.13","3.0.3.1703","PSt7-10","180509-002","9/13/2019 10:46:52 AM","0000-00","0","no battery","V"
"06/11/2023","11:39:43","9","default","547630319","OXY_CH9","43.758","min","178.631","μmol/L","Humid","22.438","deg","124738","µV","26.707","°C","1016.000","hPa","35.9","pmil","0","55.690","deg","20.000","°C","100.000","%a.s.","22.400","deg","20.000","°C","962.000","hPa","0.861","-0.02617","0.00035","0","0","13.56","Humid","35.35","0","78.50","280499.87","SABD0002000014","AAV2.0.0.13","3.0.3.1703","PSt7-10","180509-002","9/13/2019 10:46:52 AM","0000-00","0","no battery","V"
"06/11/2023","11:39:44","9","default","547630319","OXY_CH9","43.775","min","178.585","μmol/L","Humid","22.441","deg","124740","µV","26.707","°C","1016.000","hPa","35.9","pmil","0","55.690","deg","20.000","°C","100.000","%a.s.","22.400","deg","20.000","°C","962.000","hPa","0.861","-0.02617","0.00035","0","0","13.56","Humid","35.35","0","78.50","280515.49","SABD0002000014","AAV2.0.0.13","3.0.3.1703","PSt7-10","180509-002","9/13/2019 10:46:52 AM","0000-00","0","no battery","V"
"06/11/2023","11:39:45","9","default","547630319","OXY_CH9","43.792","min","178.633","μmol/L","Humid","22.440","deg","124722","µV","26.701","°C","1016.000","hPa","35.9","pmil","0","55.690","deg","20.000","°C","100.000","%a.s.","22.400","deg","20.000","°C","962.000","hPa","0.861","-0.02617","0.00035","0","0","13.56","Humid","35.35","0","78.50","280506.66","SABD0002000014","AAV2.0.0.13","3.0.3.1703","PSt7-10","180509-002","9/13/2019 10:46:52 AM","0000-00","0","no battery","V"
"06/11/2023","11:39:46","9","default","547630319","OXY_CH9","43.808","min","178.616","μmol/L","Humid","22.439","deg","124716","µV","26.707","°C","1016.000","hPa","35.9","pmil","0","55.690","deg","20.000","°C","100.000","%a.s.","22.400","deg","20.000","°C","962.000","hPa","0.861","-0.02617","0.00035","0","0","13.56","Humid","35.35","0","78.50","280515.47","SABD0002000014","AAV2.0.0.13","3.0.3.1703","PSt7-10","180509-002","9/13/2019 10:46:52 AM","0000-00","0","no battery","V"
"06/11/2023","11:39:47","9","default","547630319","OXY_CH9","43.825","min","178.599","μmol/L","Humid","22.438","deg","124710","µV","26.713","°C","1016.000","hPa","35.9","pmil","0","55.690","deg","20.000","°C","100.000","%a.s.","22.400","deg","20.000","°C","962.000","hPa","0.861","-0.02617","0.00035","0","0","13.56","Humid","35.35","0","78.50","280515.64","SABD0002000014","AAV2.0.0.13","3.0.3.1703","PSt7-10","180509-002","9/13/2019 10:46:52 AM","0000-00","0","no battery","V"
"06/11/2023","11:39:48","9","default","547630319","OXY_CH9","43.842","min","178.738","μmol/L","Humid","22.431","deg","124701","µV","26.707","°C","1016.000","hPa","35.9","pmil","0","55.690","deg","20.000","°C","100.000","%a.s.","22.400","deg","20.000","°C","962.000","hPa","0.861","-0.02617","0.00035","0","0","13.56","Humid","35.35","0","78.50","280507.23","SABD0002000014","AAV2.0.0.13","3.0.3.1703","PSt7-10","180509-002","9/13/2019 10:46:52 AM","0000-00","0","no battery","V"
"06/11/2023","11:39:49","9","default","547630319","OXY_CH9","43.858","min","178.662","μmol/L","Humid","22.436","deg","124693","µV","26.707","°C","1016.000","hPa","35.9","pmil","0","55.690","deg","20.000","°C","100.000","%a.s.","22.400","deg","20.000","°C","962.000","hPa","0.861","-0.02617","0.00035","0","0","13.56","Humid","35.35","0","78.50","280502.01","SABD0002000014","AAV2.0.0.13","3.0.3.1703","PSt7-10","180509-002","9/13/2019 10:46:52 AM","0000-00","0","no battery","V"
"06/11/2023","11:39:50","9","default","547630319","OXY_CH9","43.875","min","178.723","μmol/L","Humid","22.432","deg","124682","µV","26.707","°C","1016.000","hPa","35.9","pmil","0","55.690","deg","20.000","°C","100.000","%a.s.","22.400","deg","20.000","°C","962.000","hPa","0.861","-0.02617","0.00035","0","0","13.56","Humid","35.35","0","78.50","280512.71","SABD0002000014","AAV2.0.0.13","3.0.3.1703","PSt7-10","180509-002","9/13/2019 10:46:52 AM","0000-00","0","no battery","V"
"06/11/2023","11:39:51","9","default","547630319","OXY_CH9","43.892","min","178.769","μmol/L","Humid","22.429","deg","124674","µV","26.707","°C","1016.000","hPa","35.9","pmil","0","55.690","deg","20.000","°C","100.000","%a.s.","22.400","deg","20.000","°C","962.000","hPa","0.861","-0.02617","0.00035","0","0","13.56","Humid","35.35","0","78.50","280522.25","SABD0002000014","AAV2.0.0.13","3.0.3.1703","PSt7-10","180509-002","9/13/2019 10:46:52 AM","0000-00","0","no battery","V"
"06/11/2023","11:39:52","9","default","547630319","OXY_CH9","43.908","min","178.708","μmol/L","Humid","22.433","deg","124664","µV","26.707","°C","1016.000","hPa","35.9","pmil","0","55.690","deg","20.000","°C","100.000","%a.s.","22.400","deg","20.000","°C","962.000","hPa","0.861","-0.02617","0.00035","0","0","13.56","Humid","35.35","0","78.50","280516.13","SABD0002000014","AAV2.0.0.13","3.0.3.1703","PSt7-10","180509-002","9/13/2019 10:46:52 AM","0000-00","0","no battery","V"
"06/11/2023","11:39:53","9","default","547630319","OXY_CH9","43.925","min","178.830","μmol/L","Humid","22.425","deg","124659","µV","26.707","°C","1016.000","hPa","35.9","pmil","0","55.690","deg","20.000","°C","100.000","%a.s.","22.400","deg","20.000","°C","962.000","hPa","0.861","-0.02617","0.00035","0","0","13.56","Humid","35.35","0","78.50","280524.87","SABD0002000014","AAV2.0.0.13","3.0.3.1703","PSt7-10","180509-002","9/13/2019 10:46:52 AM","0000-00","0","no battery","V"
"06/11/2023","11:39:54","9","default","547630319","OXY_CH9","43.942","min","178.704","μmol/L","Humid","22.429","deg","124656","µV","26.720","°C","1016.000","hPa","35.9","pmil","0","55.690","deg","20.000","°C","100.000","%a.s.","22.400","deg","20.000","°C","962.000","hPa","0.861","-0.02617","0.00035","0","0","13.56","Humid","35.35","0","78.50","280516.91","SABD0002000014","AAV2.0.0.13","3.0.3.1703","PSt7-10","180509-002","9/13/2019 10:46:52 AM","0000-00","0","no battery","V"
"06/11/2023","11:39:55","9","default","547630319","OXY_CH9","43.958","min","178.784","μmol/L","Humid","22.428","deg","124635","µV","26.707","°C","1016.000","hPa","35.9","pmil","0","55.690","deg","20.000","°C","100.000","%a.s.","22.400","deg","20.000","°C","962.000","hPa","0.861","-0.02617","0.00035","0","0","13.56","Humid","35.35","0","78.50","280510.34","SABD0002000014","AAV2.0.0.13","3.0.3.1703","PSt7-10","180509-002","9/13/2019 10:46:52 AM","0000-00","0","no battery","V"
"06/11/2023","11:39:56","9","default","547630319","OXY_CH9","43.975","min","178.815","μmol/L","Humid","22.426","deg","124639","µV","26.707","°C","1016.000","hPa","35.9","pmil","0","55.690","deg","20.000","°C","100.000","%a.s.","22.400","deg","20.000","°C","962.000","hPa","0.861","-0.02617","0.00035","0","0","13.56","Humid","35.35","0","78.50","280515.07","SABD0002000014","AAV2.0.0.13","3.0.3.1703","PSt7-10","180509-002","9/13/2019 10:46:52 AM","0000-00","0","no battery","V"
"06/11/2023","11:39:57","9","default","547630319","OXY_CH9","43.992","min","178.815","μmol/L","Humid","22.426","deg","124630","µV","26.707","°C","1016.000","hPa","35.9","pmil","0","55.690","deg","20.000","°C","100.000","%a.s.","22.400","deg","20.000","°C","962.000","hPa","0.861","-0.02617","0.00035","0","0","13.56","Humid","35.35","0","78.50","280510.21","SABD0002000014","AAV2.0.0.13","3.0.3.1703","PSt7-10","180509-002","9/13/2019 10:46:52 AM","0000-00","0","no battery","V"
"06/11/2023","11:39:58","9","default","547630319","OXY_CH9","44.008","min","178.891","μmol/L","Humid","22.421","deg","124614","µV","26.707","°C","1016.000","hPa","35.9","pmil","0","55.690","deg","20.000","°C","100.000","%a.s.","22.400","deg","20.000","°C","962.000","hPa","0.861","-0.02617","0.00035","0","0","13.56","Humid","35.35","0","78.50","280490.92","SABD0002000014","AAV2.0.0.13","3.0.3.1703","PSt7-10","180509-002","9/13/2019 10:46:52 AM","0000-00","0","no battery","V"
"06/11/2023","11:39:59","9","default","547630319","OXY_CH9","44.025","min","178.891","μmol/L","Humid","22.421","deg","124612","µV","26.707","°C","1016.000","hPa","35.9","pmil","0","55.690","deg","20.000","°C","100.000","%a.s.","22.400","deg","20.000","°C","962.000","hPa","0.861","-0.02617","0.00035","0","0","13.56","Humid","35.35","0","78.50","280507.70","SABD0002000014","AAV2.0.0.13","3.0.3.1703","PSt7-10","180509-002","9/13/2019 10:46:52 AM","0000-00","0","no battery","V"
"06/11/2023","11:40:00","9","default","547630319","OXY_CH9","44.042","min","178.889","μmol/L","Humid","22.419","deg","124608","µV","26.713","°C","1016.000","hPa","35.9","pmil","0","55.690","deg","20.000","°C","100.000","%a.s.","22.400","deg","20.000","°C","962.000","hPa","0.861","-0.02617","0.00035","0","0","13.56","Humid","35.35","0","78.50","280517.48","SABD0002000014","AAV2.0.0.13","3.0.3.1703","PSt7-10","180509-002","9/13/2019 10:46:52 AM","0000-00","0","no battery","V"
"06/11/2023","11:40:01","9","default","547630319","OXY_CH9","44.058","min","178.954","μmol/L","Humid","22.419","deg","124587","µV","26.701","°C","1016.000","hPa","35.9","pmil","0","55.690","deg","20.000","°C","100.000","%a.s.","22.400","deg","20.000","°C","962.000","hPa","0.861","-0.02617","0.00035","0","0","13.56","Humid","35.35","0","78.50","280518.77","SABD0002000014","AAV2.0.0.13","3.0.3.1703","PSt7-10","180509-002","9/13/2019 10:46:52 AM","0000-00","0","no battery","V"
"06/11/2023","11:40:02","9","default","547630319","OXY_CH9","44.075","min","178.951","μmol/L","Humid","22.415","deg","124591","µV","26.713","°C","1016.000","hPa","35.9","pmil","0","55.690","deg","20.000","°C","100.000","%a.s.","22.400","deg","20.000","°C","962.000","hPa","0.861","-0.02617","0.00035","0","0","13.56","Humid","35.35","0","78.50","280520.96","SABD0002000014","AAV2.0.0.13","3.0.3.1703","PSt7-10","180509-002","9/13/2019 10:46:52 AM","0000-00","0","no battery","V"
"06/11/2023","11:40:03","9","default","547630319","OXY_CH9","44.092","min","178.999","μmol/L","Humid","22.414","deg","124576","µV","26.707","°C","1016.000","hPa","35.9","pmil","0","55.690","deg","20.000","°C","100.000","%a.s.","22.400","deg","20.000","°C","962.000","hPa","0.861","-0.02617","0.00035","0","0","13.56","Humid","35.35","0","78.50","280508.90","SABD0002000014","AAV2.0.0.13","3.0.3.1703","PSt7-10","180509-002","9/13/2019 10:46:52 AM","0000-00","0","no battery","V"
"06/11/2023","11:40:04","9","default","547630319","OXY_CH9","44.108","min","179.012","μmol/L","Humid","22.411","deg","124570","µV","26.713","°C","1016.000","hPa","35.9","pmil","0","55.690","deg","20.000","°C","100.000","%a.s.","22.400","deg","20.000","°C","962.000","hPa","0.861","-0.02617","0.00035","0","0","13.56","Humid","35.35","0","78.50","280520.07","SABD0002000014","AAV2.0.0.13","3.0.3.1703","PSt7-10","180509-002","9/13/2019 10:46:52 AM","0000-00","0","no battery","V"
"06/11/2023","11:40:05","9","default","547630319","OXY_CH9","44.125","min","179.046","μmol/L","Humid","22.413","deg","124548","µV","26.701","°C","1016.000","hPa","35.9","pmil","0","55.690","deg","20.000","°C","100.000","%a.s.","22.400","deg","20.000","°C","962.000","hPa","0.861","-0.02617","0.00035","0","0","13.56","Humid","35.35","0","78.50","280508.13","SABD0002000014","AAV2.0.0.13","3.0.3.1703","PSt7-10","180509-002","9/13/2019 10:46:52 AM","0000-00","0","no battery","V"
"06/11/2023","11:40:06","9","default","547630319","OXY_CH9","44.142","min","179.029","μmol/L","Humid","22.412","deg","124553","µV","26.707","°C","1016.000","hPa","35.9","pmil","0","55.690","deg","20.000","°C","100.000","%a.s.","22.400","deg","20.000","°C","962.000","hPa","0.861","-0.02617","0.00035","0","0","13.56","Humid","35.35","0","78.50","280507.13","SABD0002000014","AAV2.0.0.13","3.0.3.1703","PSt7-10","180509-002","9/13/2019 10:46:52 AM","0000-00","0","no battery","V"
"06/11/2023","11:40:07","9","default","547630319","OXY_CH9","44.158","min","179.092","μmol/L","Humid","22.410","deg","124545","µV","26.701","°C","1016.000","hPa","35.9","pmil","0","55.690","deg","20.000","°C","100.000","%a.s.","22.400","deg","20.000","°C","962.000","hPa","0.861","-0.02617","0.00035","0","0","13.56","Humid","35.35","0","78.50","280501.95","SABD0002000014","AAV2.0.0.13","3.0.3.1703","PSt7-10","180509-002","9/13/2019 10:46:52 AM","0000-00","0","no battery","V"
"06/11/2023","11:40:08","9","default","547630319","OXY_CH9","44.175","min","179.138","μmol/L","Humid","22.407","deg","124537","µV","26.701","°C","1016.000","hPa","35.9","pmil","0","55.690","deg","20.000","°C","100.000","%a.s.","22.400","deg","20.000","°C","962.000","hPa","0.861","-0.02617","0.00035","0","0","13.56","Humid","35.35","0","78.50","280508.99","SABD0002000014","AAV2.0.0.13","3.0.3.1703","PSt7-10","180509-002","9/13/2019 10:46:52 AM","0000-00","0","no battery","V"
"06/11/2023","11:40:09","9","default","547630319","OXY_CH9","44.192","min","179.075","μmol/L","Humid","22.409","deg","124529","µV","26.707","°C","1016.000","hPa","35.9","pmil","0","55.690","deg","20.000","°C","100.000","%a.s.","22.400","deg","20.000","°C","962.000","hPa","0.861","-0.02617","0.00035","0","0","13.56","Humid","35.35","0","78.50","280506.07","SABD0002000014","AAV2.0.0.13","3.0.3.1703","PSt7-10","180509-002","9/13/2019 10:46:52 AM","0000-00","0","no battery","V"
"06/11/2023","11:40:10","9","default","547630319","OXY_CH9","44.208","min","179.075","μmol/L","Humid","22.409","deg","124524","µV","26.707","°C","1016.000","hPa","35.9","pmil","0","55.690","deg","20.000","°C","100.000","%a.s.","22.400","deg","20.000","°C","962.000","hPa","0.861","-0.02617","0.00035","0","0","13.56","Humid","35.35","0","78.50","280499.05","SABD0002000014","AAV2.0.0.13","3.0.3.1703","PSt7-10","180509-002","9/13/2019 10:46:52 AM","0000-00","0","no battery","V"
"06/11/2023","11:40:11","9","default","547630319","OXY_CH9","44.225","min","179.137","μmol/L","Humid","22.405","deg","124507","µV","26.707","°C","1016.000","hPa","35.9","pmil","0","55.690","deg","20.000","°C","100.000","%a.s.","22.400","deg","20.000","°C","962.000","hPa","0.861","-0.02617","0.00035","0","0","13.56","Humid","35.35","0","78.50","280510.67","SABD0002000014","AAV2.0.0.13","3.0.3.1703","PSt7-10","180509-002","9/13/2019 10:46:52 AM","0000-00","0","no battery","V"
"06/11/2023","11:40:12","9","default","547630319","OXY_CH9","44.242","min","179.106","μmol/L","Humid","22.407","deg","124492","µV","26.707","°C","1016.000","hPa","35.9","pmil","0","55.690","deg","20.000","°C","100.000","%a.s.","22.400","deg","20.000","°C","962.000","hPa","0.861","-0.02617","0.00035","0","0","13.56","Humid","35.35","0","78.50","280493.39","SABD0002000014","AAV2.0.0.13","3.0.3.1703","PSt7-10","180509-002","9/13/2019 10:46:52 AM","0000-00","0","no battery","V"
"06/11/2023","11:40:13","9","default","547630319","OXY_CH9","44.258","min","179.152","μmol/L","Humid","22.404","deg","124490","µV","26.707","°C","1016.000","hPa","35.9","pmil","0","55.690","deg","20.000","°C","100.000","%a.s.","22.400","deg","20.000","°C","962.000","hPa","0.861","-0.02617","0.00035","0","0","13.56","Humid","35.35","0","78.50","280497.18","SABD0002000014","AAV2.0.0.13","3.0.3.1703","PSt7-10","180509-002","9/13/2019 10:46:52 AM","0000-00","0","no battery","V"
"06/11/2023","11:40:14","9","default","547630319","OXY_CH9","44.275","min","179.165","μmol/L","Humid","22.401","deg","124479","µV","26.713","°C","1016.000","hPa","35.9","pmil","0","55.690","deg","20.000","°C","100.000","%a.s.","22.400","deg","20.000","°C","962.000","hPa","0.861","-0.02617","0.00035","0","0","13.56","Humid","35.35","0","78.50","280506.98","SABD0002000014","AAV2.0.0.13","3.0.3.1703","PSt7-10","180509-002","9/13/2019 10:46:52 AM","0000-00","0","no battery","V"
"06/11/2023","11:40:15","9","default","547630319","OXY_CH9","44.291","min","179.229","μmol/L","Humid","22.399","deg","124473","µV","26.707","°C","1016.000","hPa","35.9","pmil","0","55.690","deg","20.000","°C","100.000","%a.s.","22.400","deg","20.000","°C","962.000","hPa","0.861","-0.02617","0.00035","0","0","13.56","Humid","35.35","0","78.50","280503.57","SABD0002000014","AAV2.0.0.13","3.0.3.1703","PSt7-10","180509-002","9/13/2019 10:46:52 AM","0000-00","0","no battery","V"
"06/11/2023","11:40:16","9","default","547630319","OXY_CH9","44.308","min","179.196","μmol/L","Humid","22.399","deg","124469","µV","26.713","°C","1016.000","hPa","35.9","pmil","0","55.690","deg","20.000","°C","100.000","%a.s.","22.400","deg","20.000","°C","962.000","hPa","0.861","-0.02617","0.00035","0","0","13.56","Humid","35.35","0","78.50","280508.30","SABD0002000014","AAV2.0.0.13","3.0.3.1703","PSt7-10","180509-002","9/13/2019 10:46:52 AM","0000-00","0","no battery","V"
"06/11/2023","11:40:17","9","default","547630319","OXY_CH9","44.325","min","179.230","μmol/L","Humid","22.401","deg","124457","µV","26.701","°C","1016.000","hPa","35.9","pmil","0","55.690","deg","20.000","°C","100.000","%a.s.","22.400","deg","20.000","°C","962.000","hPa","0.861","-0.02617","0.00035","0","0","13.56","Humid","35.35","0","78.50","280519.63","SABD0002000014","AAV2.0.0.13","3.0.3.1703","PSt7-10","180509-002","9/13/2019 10:46:52 AM","0000-00","0","no battery","V"
"06/11/2023","11:40:18","9","default","547630319","OXY_CH9","44.341","min","179.305","μmol/L","Humid","22.394","deg","124450","µV","26.707","°C","1016.000","hPa","35.9","pmil","0","55.690","deg","20.000","°C","100.000","%a.s.","22.400","deg","20.000","°C","962.000","hPa","0.861","-0.02617","0.00035","0","0","13.56","Humid","35.35","0","78.50","280503.56","SABD0002000014","AAV2.0.0.13","3.0.3.1703","PSt7-10","180509-002","9/13/2019 10:46:52 AM","0000-00","0","no battery","V"
"06/11/2023","11:40:19","9","default","547630319","OXY_CH9","44.358","min","179.321","μmol/L","Humid","22.393","deg","124444","µV","26.707","°C","1016.000","hPa","35.9","pmil","0","55.690","deg","20.000","°C","100.000","%a.s.","22.400","deg","20.000","°C","962.000","hPa","0.861","-0.02617","0.00035","0","0","13.56","Humid","35.35","0","78.50","280512.24","SABD0002000014","AAV2.0.0.13","3.0.3.1703","PSt7-10","180509-002","9/13/2019 10:46:52 AM","0000-00","0","no battery","V"
"06/11/2023","11:40:20","9","default","547630319","OXY_CH9","44.375","min","179.336","μmol/L","Humid","22.392","deg","124438","µV","26.707","°C","1016.000","hPa","35.9","pmil","0","55.690","deg","20.000","°C","100.000","%a.s.","22.400","deg","20.000","°C","962.000","hPa","0.861","-0.02617","0.00035","0","0","13.56","Humid","35.35","0","78.50","280512.39","SABD0002000014","AAV2.0.0.13","3.0.3.1703","PSt7-10","180509-002","9/13/2019 10:46:52 AM","0000-00","0","no battery","V"
"06/11/2023","11:40:21","9","default","547630319","OXY_CH9","44.391","min","179.321","μmol/L","Humid","22.393","deg","124413","µV","26.707","°C","1016.000","hPa","35.9","pmil","0","55.690","deg","20.000","°C","100.000","%a.s.","22.400","deg","20.000","°C","962.000","hPa","0.861","-0.02617","0.00035","0","0","13.56","Humid","35.35","0","78.50","280483.53","SABD0002000014","AAV2.0.0.13","3.0.3.1703","PSt7-10","180509-002","9/13/2019 10:46:52 AM","0000-00","0","no battery","V"
"06/11/2023","11:40:22","9","default","547630319","OXY_CH9","44.408","min","179.304","μmol/L","Humid","22.392","deg","124417","µV","26.713","°C","1016.000","hPa","35.9","pmil","0","55.690","deg","20.000","°C","100.000","%a.s.","22.400","deg","20.000","°C","962.000","hPa","0.861","-0.02617","0.00035","0","0","13.56","Humid","35.35","0","78.50","280515.06","SABD0002000014","AAV2.0.0.13","3.0.3.1703","PSt7-10","180509-002","9/13/2019 10:46:52 AM","0000-00","0","no battery","V"
"06/11/2023","11:40:23","9","default","547630319","OXY_CH9","44.425","min","179.413","μmol/L","Humid","22.387","deg","124406","µV","26.707","°C","1016.000","hPa","35.9","pmil","0","55.690","deg","20.000","°C","100.000","%a.s.","22.400","deg","20.000","°C","962.000","hPa","0.861","-0.02617","0.00035","0","0","13.56","Humid","35.35","0","78.50","280505.15","SABD0002000014","AAV2.0.0.13","3.0.3.1703","PSt7-10","180509-002","9/13/2019 10:46:52 AM","0000-00","0","no battery","V"
"06/11/2023","11:40:24","9","default","547630319","OXY_CH9","44.441","min","179.288","μmol/L","Humid","22.393","deg","124400","µV","26.713","°C","1016.000","hPa","35.9","pmil","0","55.690","deg","20.000","°C","100.000","%a.s.","22.400","deg","20.000","°C","962.000","hPa","0.861","-0.02617","0.00035","0","0","13.56","Humid","35.35","0","78.50","280489.47","SABD0002000014","AAV2.0.0.13","3.0.3.1703","PSt7-10","180509-002","9/13/2019 10:46:52 AM","0000-00","0","no battery","V"
"06/11/2023","11:40:25","9","default","547630319","OXY_CH9","44.458","min","179.382","μmol/L","Humid","22.389","deg","124397","µV","26.707","°C","1016.000","hPa","35.9","pmil","0","55.690","deg","20.000","°C","100.000","%a.s.","22.400","deg","20.000","°C","962.000","hPa","0.861","-0.02617","0.00035","0","0","13.56","Humid","35.35","0","78.50","280501.53","SABD0002000014","AAV2.0.0.13","3.0.3.1703","PSt7-10","180509-002","9/13/2019 10:46:52 AM","0000-00","0","no battery","V"
"06/11/2023","11:40:26","9","default","547630319","OXY_CH9","44.475","min","179.427","μmol/L","Humid","22.384","deg","124380","µV","26.713","°C","1016.000","hPa","35.9","pmil","0","55.690","deg","20.000","°C","100.000","%a.s.","22.400","deg","20.000","°C","962.000","hPa","0.861","-0.02617","0.00035","0","0","13.56","Humid","35.35","0","78.50","280487.98","SABD0002000014","AAV2.0.0.13","3.0.3.1703","PSt7-10","180509-002","9/13/2019 10:46:52 AM","0000-00","0","no battery","V"
"06/11/2023","11:40:27","9","default","547630319","OXY_CH9","44.491","min","179.427","μmol/L","Humid","22.384","deg","124374","µV","26.713","°C","1016.000","hPa","35.9","pmil","0","55.690","deg","20.000","°C","100.000","%a.s.","22.400","deg","20.000","°C","962.000","hPa","0.861","-0.02617","0.00035","0","0","13.56","Humid","35.35","0","78.50","280492.13","SABD0002000014","AAV2.0.0.13","3.0.3.1703","PSt7-10","180509-002","9/13/2019 10:46:52 AM","0000-00","0","no battery","V"
"06/11/2023","11:40:28","9","default","547630319","OXY_CH9","44.508","min","179.474","μmol/L","Humid","22.383","deg","124362","µV","26.707","°C","1016.000","hPa","35.9","pmil","0","55.690","deg","20.000","°C","100.000","%a.s.","22.400","deg","20.000","°C","962.000","hPa","0.861","-0.02617","0.00035","0","0","13.56","Humid","35.35","0","78.50","280496.49","SABD0002000014","AAV2.0.0.13","3.0.3.1703","PSt7-10","180509-002","9/13/2019 10:46:52 AM","0000-00","0","no battery","V"
"06/11/2023","11:40:29","9","default","547630319","OXY_CH9","44.525","min","179.474","μmol/L","Humid","22.383","deg","124362","µV","26.707","°C","1016.000","hPa","35.9","pmil","0","55.690","deg","20.000","°C","100.000","%a.s.","22.400","deg","20.000","°C","962.000","hPa","0.861","-0.02617","0.00035","0","0","13.56","Humid","35.35","0","78.50","280496.31","SABD0002000014","AAV2.0.0.13","3.0.3.1703","PSt7-10","180509-002","9/13/2019 10:46:52 AM","0000-00","0","no battery","V"
"06/11/2023","11:40:30","9","default","547630319","OXY_CH9","44.541","min","179.551","μmol/L","Humid","22.378","deg","124344","µV","26.707","°C","1016.000","hPa","35.9","pmil","0","55.690","deg","20.000","°C","100.000","%a.s.","22.400","deg","20.000","°C","962.000","hPa","0.861","-0.02617","0.00035","0","0","13.56","Humid","35.35","0","78.50","280480.55","SABD0002000014","AAV2.0.0.13","3.0.3.1703","PSt7-10","180509-002","9/13/2019 10:46:52 AM","0000-00","0","no battery","V"
"06/11/2023","11:40:31","9","default","547630319","OXY_CH9","44.558","min","179.521","μmol/L","Humid","22.380","deg","124340","µV","26.707","°C","1016.000","hPa","35.9","pmil","0","55.690","deg","20.000","°C","100.000","%a.s.","22.400","deg","20.000","°C","962.000","hPa","0.861","-0.02617","0.00035","0","0","13.56","Humid","35.35","0","78.50","280492.20","SABD0002000014","AAV2.0.0.13","3.0.3.1703","PSt7-10","180509-002","9/13/2019 10:46:52 AM","0000-00","0","no battery","V"
"06/11/2023","11:40:32","9","default","547630319","OXY_CH9","44.575","min","179.598","μmol/L","Humid","22.375","deg","124336","µV","26.707","°C","1016.000","hPa","35.9","pmil","0","55.690","deg","20.000","°C","100.000","%a.s.","22.400","deg","20.000","°C","962.000","hPa","0.861","-0.02617","0.00035","0","0","13.56","Humid","35.35","0","78.50","280499.75","SABD0002000014","AAV2.0.0.13","3.0.3.1703","PSt7-10","180509-002","9/13/2019 10:46:52 AM","0000-00","0","no battery","V"
"06/11/2023","11:40:33","9","default","547630319","OXY_CH9","44.591","min","179.584","μmol/L","Humid","22.378","deg","124319","µV","26.701","°C","1016.000","hPa","35.9","pmil","0","55.690","deg","20.000","°C","100.000","%a.s.","22.400","deg","20.000","°C","962.000","hPa","0.861","-0.02617","0.00035","0","0","13.56","Humid","35.35","0","78.50","280487.31","SABD0002000014","AAV2.0.0.13","3.0.3.1703","PSt7-10","180509-002","9/13/2019 10:46:52 AM","0000-00","0","no battery","V"
"06/11/2023","11:40:34","9","default","547630319","OXY_CH9","44.608","min","179.630","μmol/L","Humid","22.375","deg","124319","µV","26.701","°C","1016.000","hPa","35.9","pmil","0","55.690","deg","20.000","°C","100.000","%a.s.","22.400","deg","20.000","°C","962.000","hPa","0.861","-0.02617","0.00035","0","0","13.56","Humid","35.35","0","78.50","280488.35","SABD0002000014","AAV2.0.0.13","3.0.3.1703","PSt7-10","180509-002","9/13/2019 10:46:52 AM","0000-00","0","no battery","V"
"06/11/2023","11:40:35","9","default","547630319","OXY_CH9","44.625","min","179.598","μmol/L","Humid","22.375","deg","124305","µV","26.707","°C","1016.000","hPa","35.9","pmil","0","55.690","deg","20.000","°C","100.000","%a.s.","22.400","deg","20.000","°C","962.000","hPa","0.861","-0.02617","0.00035","0","0","13.56","Humid","35.35","0","78.50","280484.88","SABD0002000014","AAV2.0.0.13","3.0.3.1703","PSt7-10","180509-002","9/13/2019 10:46:52 AM","0000-00","0","no battery","V"
"06/11/2023","11:40:36","9","default","547630319","OXY_CH9","44.641","min","179.630","μmol/L","Humid","22.375","deg","124303","µV","26.701","°C","1016.000","hPa","35.9","pmil","0","55.690","deg","20.000","°C","100.000","%a.s.","22.400","deg","20.000","°C","962.000","hPa","0.861","-0.02617","0.00035","0","0","13.56","Humid","35.35","0","78.50","280482.55","SABD0002000014","AAV2.0.0.13","3.0.3.1703","PSt7-10","180509-002","9/13/2019 10:46:52 AM","0000-00","0","no battery","V"
"06/11/2023","11:40:37","9","default","547630319","OXY_CH9","44.658","min","179.692","μmol/L","Humid","22.371","deg","124300","µV","26.701","°C","1016.000","hPa","35.9","pmil","0","55.690","deg","20.000","°C","100.000","%a.s.","22.400","deg","20.000","°C","962.000","hPa","0.861","-0.02617","0.00035","0","0","13.56","Humid","35.35","0","78.50","280488.35","SABD0002000014","AAV2.0.0.13","3.0.3.1703","PSt7-10","180509-002","9/13/2019 10:46:52 AM","0000-00","0","no battery","V"
"06/11/2023","11:40:38","9","default","547630319","OXY_CH9","44.675","min","179.705","μmol/L","Humid","22.368","deg","124293","µV","26.707","°C","1016.000","hPa","35.9","pmil","0","55.690","deg","20.000","°C","100.000","%a.s.","22.400","deg","20.000","°C","962.000","hPa","0.861","-0.02617","0.00035","0","0","13.56","Humid","35.35","0","78.50","280490.69","SABD0002000014","AAV2.0.0.13","3.0.3.1703","PSt7-10","180509-002","9/13/2019 10:46:52 AM","0000-00","0","no battery","V"
"06/11/2023","11:40:39","9","default","547630319","OXY_CH9","44.691","min","179.690","μmol/L","Humid","22.369","deg","124270","µV","26.707","°C","1016.000","hPa","35.9","pmil","0","55.690","deg","20.000","°C","100.000","%a.s.","22.400","deg","20.000","°C","962.000","hPa","0.861","-0.02617","0.00035","0","0","13.56","Humid","35.35","0","78.50","280485.58","SABD0002000014","AAV2.0.0.13","3.0.3.1703","PSt7-10","180509-002","9/13/2019 10:46:52 AM","0000-00","0","no battery","V"
"06/11/2023","11:40:40","9","default","547630319","OXY_CH9","44.708","min","179.738","μmol/L","Humid","22.368","deg","124274","µV","26.701","°C","1016.000","hPa","35.9","pmil","0","55.690","deg","20.000","°C","100.000","%a.s.","22.400","deg","20.000","°C","962.000","hPa","0.861","-0.02617","0.00035","0","0","13.56","Humid","35.35","0","78.50","280494.88","SABD0002000014","AAV2.0.0.13","3.0.3.1703","PSt7-10","180509-002","9/13/2019 10:46:52 AM","0000-00","0","no battery","V"
"06/11/2023","11:40:41","9","default","547630319","OXY_CH9","44.725","min","179.721","μmol/L","Humid","22.367","deg","124269","µV","26.707","°C","1016.000","hPa","35.9","pmil","0","55.690","deg","20.000","°C","100.000","%a.s.","22.400","deg","20.000","°C","962.000","hPa","0.861","-0.02617","0.00035","0","0","13.56","Humid","35.35","0","78.50","280499.42","SABD0002000014","AAV2.0.0.13","3.0.3.1703","PSt7-10","180509-002","9/13/2019 10:46:52 AM","0000-00","0","no battery","V"
"06/11/2023","11:40:42","9","default","547630319","OXY_CH9","44.741","min","179.738","μmol/L","Humid","22.368","deg","124258","µV","26.701","°C","1016.000","hPa","35.9","pmil","0","55.690","deg","20.000","°C","100.000","%a.s.","22.400","deg","20.000","°C","962.000","hPa","0.861","-0.02617","0.00035","0","0","13.56","Humid","35.35","0","78.50","280490.04","SABD0002000014","AAV2.0.0.13","3.0.3.1703","PSt7-10","180509-002","9/13/2019 10:46:52 AM","0000-00","0","no battery","V"
"06/11/2023","11:40:43","9","default","547630319","OXY_CH9","44.758","min","179.721","μmol/L","Humid","22.367","deg","124254","µV","26.707","°C","1016.000","hPa","35.9","pmil","0","55.690","deg","20.000","°C","100.000","%a.s.","22.400","deg","20.000","°C","962.000","hPa","0.861","-0.02617","0.00035","0","0","13.56","Humid","35.35","0","78.50","280485.24","SABD0002000014","AAV2.0.0.13","3.0.3.1703","PSt7-10","180509-002","9/13/2019 10:46:52 AM","0000-00","0","no battery","V"
"06/11/2023","11:40:44","9","default","547630319","OXY_CH9","44.775","min","179.815","μmol/L","Humid","22.363","deg","124246","µV","26.701","°C","1016.000","hPa","35.9","pmil","0","55.690","deg","20.000","°C","100.000","%a.s.","22.400","deg","20.000","°C","962.000","hPa","0.861","-0.02617","0.00035","0","0","13.56","Humid","35.35","0","78.50","280489.25","SABD0002000014","AAV2.0.0.13","3.0.3.1703","PSt7-10","180509-002","9/13/2019 10:46:52 AM","0000-00","0","no battery","V"
"06/11/2023","11:40:45","9","default","547630319","OXY_CH9","44.791","min","179.813","μmol/L","Humid","22.361","deg","124230","µV","26.707","°C","1016.000","hPa","35.9","pmil","0","55.690","deg","20.000","°C","100.000","%a.s.","22.400","deg","20.000","°C","962.000","hPa","0.861","-0.02617","0.00035","0","0","13.56","Humid","35.35","0","78.50","280475.96","SABD0002000014","AAV2.0.0.13","3.0.3.1703","PSt7-10","180509-002","9/13/2019 10:46:52 AM","0000-00","0","no battery","V"
"06/11/2023","11:40:46","9","default","547630319","OXY_CH9","44.808","min","179.796","μmol/L","Humid","22.360","deg","124229","µV","26.713","°C","1016.000","hPa","35.9","pmil","0","55.690","deg","20.000","°C","100.000","%a.s.","22.400","deg","20.000","°C","962.000","hPa","0.861","-0.02617","0.00035","0","0","13.56","Humid","35.35","0","78.50","280485.32","SABD0002000014","AAV2.0.0.13","3.0.3.1703","PSt7-10","180509-002","9/13/2019 10:46:52 AM","0000-00","0","no battery","V"
"06/11/2023","11:40:47","9","default","547630319","OXY_CH9","44.824","min","179.861","μmol/L","Humid","22.360","deg","124207","µV","26.701","°C","1016.000","hPa","35.9","pmil","0","55.690","deg","20.000","°C","100.000","%a.s.","22.400","deg","20.000","°C","962.000","hPa","0.861","-0.02617","0.00035","0","0","13.56","Humid","35.35","0","78.50","280489.46","SABD0002000014","AAV2.0.0.13","3.0.3.1703","PSt7-10","180509-002","9/13/2019 10:46:52 AM","0000-00","0","no battery","V"
"06/11/2023","11:40:48","9","default","547630319","OXY_CH9","44.842","min","179.906","μmol/L","Humid","22.355","deg","124222","µV","26.707","°C","1016.000","hPa","35.9","pmil","0","55.690","deg","20.000","°C","100.000","%a.s.","22.400","deg","20.000","°C","962.000","hPa","0.861","-0.02617","0.00035","0","0","13.56","Humid","35.35","0","78.50","280499.38","SABD0002000014","AAV2.0.0.13","3.0.3.1703","PSt7-10","180509-002","9/13/2019 10:46:52 AM","0000-00","0","no battery","V"
"06/11/2023","11:40:49","9","default","547630319","OXY_CH9","44.858","min","179.859","μmol/L","Humid","22.358","deg","124207","µV","26.707","°C","1016.000","hPa","35.9","pmil","0","55.690","deg","20.000","°C","100.000","%a.s.","22.400","deg","20.000","°C","962.000","hPa","0.861","-0.02617","0.00035","0","0","13.56","Humid","35.35","0","78.50","280497.21","SABD0002000014","AAV2.0.0.13","3.0.3.1703","PSt7-10","180509-002","9/13/2019 10:46:52 AM","0000-00","0","no battery","V"
"06/11/2023","11:40:50","9","default","547630319","OXY_CH9","44.875","min","179.827","μmol/L","Humid","22.358","deg","124201","µV","26.713","°C","1016.000","hPa","35.9","pmil","0","55.690","deg","20.000","°C","100.000","%a.s.","22.400","deg","20.000","°C","962.000","hPa","0.861","-0.02617","0.00035","0","0","13.56","Humid","35.35","0","78.50","280504.82","SABD0002000014","AAV2.0.0.13","3.0.3.1703","PSt7-10","180509-002","9/13/2019 10:46:52 AM","0000-00","0","no battery","V"
"06/11/2023","11:40:51","9","default","547630319","OXY_CH9","44.892","min","179.908","μmol/L","Humid","22.357","deg","124195","µV","26.701","°C","1016.000","hPa","35.9","pmil","0","55.690","deg","20.000","°C","100.000","%a.s.","22.400","deg","20.000","°C","962.000","hPa","0.861","-0.02617","0.00035","0","0","13.56","Humid","35.35","0","78.50","280497.48","SABD0002000014","AAV2.0.0.13","3.0.3.1703","PSt7-10","180509-002","9/13/2019 10:46:52 AM","0000-00","0","no battery","V"
"06/11/2023","11:40:52","9","default","547630319","OXY_CH9","44.908","min","179.906","μmol/L","Humid","22.355","deg","124183","µV","26.707","°C","1016.000","hPa","35.9","pmil","0","55.690","deg","20.000","°C","100.000","%a.s.","22.400","deg","20.000","°C","962.000","hPa","0.861","-0.02617","0.00035","0","0","13.56","Humid","35.35","0","78.50","280495.77","SABD0002000014","AAV2.0.0.13","3.0.3.1703","PSt7-10","180509-002","9/13/2019 10:46:52 AM","0000-00","0","no battery","V"
"06/11/2023","11:40:53","9","default","547630319","OXY_CH9","44.925","min","179.904","μmol/L","Humid","22.353","deg","124174","µV","26.713","°C","1016.000","hPa","35.9","pmil","0","55.690","deg","20.000","°C","100.000","%a.s.","22.400","deg","20.000","°C","962.000","hPa","0.861","-0.02617","0.00035","0","0","13.56","Humid","35.35","0","78.50","280492.60","SABD0002000014","AAV2.0.0.13","3.0.3.1703","PSt7-10","180509-002","9/13/2019 10:46:52 AM","0000-00","0","no battery","V"
"06/11/2023","11:40:54","9","default","547630319","OXY_CH9","44.941","min","179.952","μmol/L","Humid","22.352","deg","124160","µV","26.707","°C","1016.000","hPa","35.9","pmil","0","55.690","deg","20.000","°C","100.000","%a.s.","22.400","deg","20.000","°C","962.000","hPa","0.861","-0.02617","0.00035","0","0","13.56","Humid","35.35","0","78.50","280496.70","SABD0002000014","AAV2.0.0.13","3.0.3.1703","PSt7-10","180509-002","9/13/2019 10:46:52 AM","0000-00","0","no battery","V"
"06/11/2023","11:40:55","9","default","547630319","OXY_CH9","44.958","min","179.950","μmol/L","Humid","22.350","deg","124156","µV","26.713","°C","1016.000","hPa","35.9","pmil","0","55.690","deg","20.000","°C","100.000","%a.s.","22.400","deg","20.000","°C","962.000","hPa","0.861","-0.02617","0.00035","0","0","13.56","Humid","35.35","0","78.50","280480.02","SABD0002000014","AAV2.0.0.13","3.0.3.1703","PSt7-10","180509-002","9/13/2019 10:46:52 AM","0000-00","0","no battery","V"
"06/11/2023","11:40:56","9","default","547630319","OXY_CH9","44.975","min","179.966","μmol/L","Humid","22.349","deg","124146","µV","26.713","°C","1016.000","hPa","35.9","pmil","0","55.690","deg","20.000","°C","100.000","%a.s.","22.400","deg","20.000","°C","962.000","hPa","0.861","-0.02617","0.00035","0","0","13.56","Humid","35.35","0","78.50","280484.90","SABD0002000014","AAV2.0.0.13","3.0.3.1703","PSt7-10","180509-002","9/13/2019 10:46:52 AM","0000-00","0","no battery","V"
"06/11/2023","11:40:57","9","default","547630319","OXY_CH9","44.991","min","180.062","μmol/L","Humid","22.347","deg","124138","µV","26.701","°C","1016.000","hPa","35.9","pmil","0","55.690","deg","20.000","°C","100.000","%a.s.","22.400","deg","20.000","°C","962.000","hPa","0.861","-0.02617","0.00035","0","0","13.56","Humid","35.35","0","78.50","280486.05","SABD0002000014","AAV2.0.0.13","3.0.3.1703","PSt7-10","180509-002","9/13/2019 10:46:52 AM","0000-00","0","no battery","V"
"06/11/2023","11:40:58","9","default","547630319","OXY_CH9","45.008","min","180.029","μmol/L","Humid","22.347","deg","124128","µV","26.707","°C","1016.000","hPa","35.9","pmil","0","55.690","deg","20.000","°C","100.000","%a.s.","22.400","deg","20.000","°C","962.000","hPa","0.861","-0.02617","0.00035","0","0","13.56","Humid","35.35","0","78.50","280489.01","SABD0002000014","AAV2.0.0.13","3.0.3.1703","PSt7-10","180509-002","9/13/2019 10:46:52 AM","0000-00","0","no battery","V"
"06/11/2023","11:40:59","9","default","547630319","OXY_CH9","45.025","min","180.108","μmol/L","Humid","22.344","deg","124120","µV","26.701","°C","1016.000","hPa","35.9","pmil","0","55.690","deg","20.000","°C","100.000","%a.s.","22.400","deg","20.000","°C","962.000","hPa","0.861","-0.02617","0.00035","0","0","13.56","Humid","35.35","0","78.50","280488.72","SABD0002000014","AAV2.0.0.13","3.0.3.1703","PSt7-10","180509-002","9/13/2019 10:46:52 AM","0000-00","0","no battery","V"
"06/11/2023","11:41:00","9","default","547630319","OXY_CH9","45.042","min","180.027","μmol/L","Humid","22.345","deg","124118","µV","26.713","°C","1016.000","hPa","35.9","pmil","0","55.690","deg","20.000","°C","100.000","%a.s.","22.400","deg","20.000","°C","962.000","hPa","0.861","-0.02617","0.00035","0","0","13.56","Humid","35.35","0","78.50","280503.79","SABD0002000014","AAV2.0.0.13","3.0.3.1703","PSt7-10","180509-002","9/13/2019 10:46:52 AM","0000-00","0","no battery","V"
"06/11/2023","11:41:01","9","default","547630319","OXY_CH9","45.058","min","180.106","μmol/L","Humid","22.342","deg","124108","µV","26.707","°C","1016.000","hPa","35.9","pmil","0","55.690","deg","20.000","°C","100.000","%a.s.","22.400","deg","20.000","°C","962.000","hPa","0.861","-0.02617","0.00035","0","0","13.56","Humid","35.35","0","78.50","280501.27","SABD0002000014","AAV2.0.0.13","3.0.3.1703","PSt7-10","180509-002","9/13/2019 10:46:52 AM","0000-00","0","no battery","V"
"06/11/2023","11:41:02","9","default","547630319","OXY_CH9","45.075","min","180.106","μmol/L","Humid","22.342","deg","124101","µV","26.707","°C","1016.000","hPa","35.9","pmil","0","55.690","deg","20.000","°C","100.000","%a.s.","22.400","deg","20.000","°C","962.000","hPa","0.861","-0.02617","0.00035","0","0","13.56","Humid","35.35","0","78.50","280501.79","SABD0002000014","AAV2.0.0.13","3.0.3.1703","PSt7-10","180509-002","9/13/2019 10:46:52 AM","0000-00","0","no battery","V"
"06/11/2023","11:41:03","9","default","547630319","OXY_CH9","45.092","min","180.170","μmol/L","Humid","22.340","deg","124090","µV","26.701","°C","1016.000","hPa","35.9","pmil","0","55.690","deg","20.000","°C","100.000","%a.s.","22.400","deg","20.000","°C","962.000","hPa","0.861","-0.02617","0.00035","0","0","13.56","Humid","35.35","0","78.50","280502.18","SABD0002000014","AAV2.0.0.13","3.0.3.1703","PSt7-10","180509-002","9/13/2019 10:46:52 AM","0000-00","0","no battery","V"
"06/11/2023","11:41:04","9","default","547630319","OXY_CH9","45.108","min","180.151","μmol/L","Humid","22.337","deg","124074","µV","26.713","°C","1016.000","hPa","35.9","pmil","0","55.690","deg","20.000","°C","100.000","%a.s.","22.400","deg","20.000","°C","962.000","hPa","0.861","-0.02617","0.00035","0","0","13.56","Humid","35.35","0","78.50","280501.30","SABD0002000014","AAV2.0.0.13","3.0.3.1703","PSt7-10","180509-002","9/13/2019 10:46:52 AM","0000-00","0","no battery","V"
"06/11/2023","11:41:05","9","default","547630319","OXY_CH9","45.125","min","180.199","μmol/L","Humid","22.336","deg","124066","µV","26.707","°C","1016.000","hPa","35.9","pmil","0","55.690","deg","20.000","°C","100.000","%a.s.","22.400","deg","20.000","°C","962.000","hPa","0.861","-0.02617","0.00035","0","0","13.56","Humid","35.35","0","78.50","280495.94","SABD0002000014","AAV2.0.0.13","3.0.3.1703","PSt7-10","180509-002","9/13/2019 10:46:52 AM","0000-00","0","no battery","V"
"06/11/2023","11:41:06","9","default","547630319","OXY_CH9","45.142","min","180.261","μmol/L","Humid","22.332","deg","124057","µV","26.707","°C","1016.000","hPa","35.9","pmil","0","55.690","deg","20.000","°C","100.000","%a.s.","22.400","deg","20.000","°C","962.000","hPa","0.861","-0.02617","0.00035","0","0","13.56","Humid","35.35","0","78.50","280492.88","SABD0002000014","AAV2.0.0.13","3.0.3.1703","PSt7-10","180509-002","9/13/2019 10:46:52 AM","0000-00","0","no battery","V"
"06/11/2023","11:41:07","9","default","547630319","OXY_CH9","45.158","min","180.230","μmol/L","Humid","22.334","deg","124050","µV","26.707","°C","1016.000","hPa","35.9","pmil","0","55.690","deg","20.000","°C","100.000","%a.s.","22.400","deg","20.000","°C","962.000","hPa","0.861","-0.02617","0.00035","0","0","13.56","Humid","35.35","0","78.50","280481.89","SABD0002000014","AAV2.0.0.13","3.0.3.1703","PSt7-10","180509-002","9/13/2019 10:46:52 AM","0000-00","0","no battery","V"
"06/11/2023","11:41:08","9","default","547630319","OXY_CH9","45.175","min","180.228","μmol/L","Humid","22.332","deg","124040","µV","26.713","°C","1016.000","hPa","35.9","pmil","0","55.690","deg","20.000","°C","100.000","%a.s.","22.400","deg","20.000","°C","962.000","hPa","0.861","-0.02617","0.00035","0","0","13.56","Humid","35.35","0","78.50","280488.85","SABD0002000014","AAV2.0.0.13","3.0.3.1703","PSt7-10","180509-002","9/13/2019 10:46:52 AM","0000-00","0","no battery","V"
"06/11/2023","11:41:09","9","default","547630319","OXY_CH9","45.192","min","180.294","μmol/L","Humid","22.332","deg","124027","µV","26.701","°C","1016.000","hPa","35.9","pmil","0","55.690","deg","20.000","°C","100.000","%a.s.","22.400","deg","20.000","°C","962.000","hPa","0.861","-0.02617","0.00035","0","0","13.56","Humid","35.35","0","78.50","280487.72","SABD0002000014","AAV2.0.0.13","3.0.3.1703","PSt7-10","180509-002","9/13/2019 10:46:52 AM","0000-00","0","no battery","V"
"06/11/2023","11:41:10","9","default","547630319","OXY_CH9","45.208","min","180.261","μmol/L","Humid","22.332","deg","124024","µV","26.707","°C","1016.000","hPa","35.9","pmil","0","55.690","deg","20.000","°C","100.000","%a.s.","22.400","deg","20.000","°C","962.000","hPa","0.861","-0.02617","0.00035","0","0","13.56","Humid","35.35","0","78.50","280487.41","SABD0002000014","AAV2.0.0.13","3.0.3.1703","PSt7-10","180509-002","9/13/2019 10:46:52 AM","0000-00","0","no battery","V"
"06/11/2023","11:41:11","9","default","547630319","OXY_CH9","45.225","min","180.307","μmol/L","Humid","22.329","deg","124019","µV","26.707","°C","1016.000","hPa","35.9","pmil","0","55.690","deg","20.000","°C","100.000","%a.s.","22.400","deg","20.000","°C","962.000","hPa","0.861","-0.02617","0.00035","0","0","13.56","Humid","35.35","0","78.50","280476.32","SABD0002000014","AAV2.0.0.13","3.0.3.1703","PSt7-10","180509-002","9/13/2019 10:46:52 AM","0000-00","0","no battery","V"
"06/11/2023","11:41:12","9","default","547630319","OXY_CH9","45.241","min","180.325","μmol/L","Humid","22.330","deg","124006","µV","26.701","°C","1016.000","hPa","35.9","pmil","0","55.690","deg","20.000","°C","100.000","%a.s.","22.400","deg","20.000","°C","962.000","hPa","0.861","-0.02617","0.00035","0","0","13.56","Humid","35.35","0","78.50","280478.88","SABD0002000014","AAV2.0.0.13","3.0.3.1703","PSt7-10","180509-002","9/13/2019 10:46:52 AM","0000-00","0","no battery","V"
"06/11/2023","11:41:13","9","default","547630319","OXY_CH9","45.258","min","180.290","μmol/L","Humid","22.328","deg","123999","µV","26.713","°C","1016.000","hPa","35.9","pmil","0","55.690","deg","20.000","°C","100.000","%a.s.","22.400","deg","20.000","°C","962.000","hPa","0.861","-0.02617","0.00035","0","0","13.56","Humid","35.35","0","78.50","280485.15","SABD0002000014","AAV2.0.0.13","3.0.3.1703","PSt7-10","180509-002","9/13/2019 10:46:52 AM","0000-00","0","no battery","V"
"06/11/2023","11:41:14","9","default","547630319","OXY_CH9","45.275","min","180.337","μmol/L","Humid","22.325","deg","123991","µV","26.713","°C","1016.000","hPa","35.9","pmil","0","55.690","deg","20.000","°C","100.000","%a.s.","22.400","deg","20.000","°C","962.000","hPa","0.861","-0.02617","0.00035","0","0","13.56","Humid","35.35","0","78.50","280478.18","SABD0002000014","AAV2.0.0.13","3.0.3.1703","PSt7-10","180509-002","9/13/2019 10:46:52 AM","0000-00","0","no battery","V"
"06/11/2023","11:41:15","9","default","547630319","OXY_CH9","45.291","min","180.338","μmol/L","Humid","22.327","deg","123983","µV","26.707","°C","1016.000","hPa","35.9","pmil","0","55.690","deg","20.000","°C","100.000","%a.s.","22.400","deg","20.000","°C","962.000","hPa","0.861","-0.02617","0.00035","0","0","13.56","Humid","35.35","0","78.50","280484.19","SABD0002000014","AAV2.0.0.13","3.0.3.1703","PSt7-10","180509-002","9/13/2019 10:46:52 AM","0000-00","0","no battery","V"
"06/11/2023","11:41:16","9","default","547630319","OXY_CH9","45.308","min","180.321","μmol/L","Humid","22.326","deg","123968","µV","26.713","°C","1016.000","hPa","35.9","pmil","0","55.690","deg","20.000","°C","100.000","%a.s.","22.400","deg","20.000","°C","962.000","hPa","0.861","-0.02617","0.00035","0","0","13.56","Humid","35.35","0","78.50","280490.60","SABD0002000014","AAV2.0.0.13","3.0.3.1703","PSt7-10","180509-002","9/13/2019 10:46:52 AM","0000-00","0","no battery","V"
"06/11/2023","11:41:17","9","default","547630319","OXY_CH9","45.325","min","180.416","μmol/L","Humid","22.322","deg","123957","µV","26.707","°C","1016.000","hPa","35.9","pmil","0","55.690","deg","20.000","°C","100.000","%a.s.","22.400","deg","20.000","°C","962.000","hPa","0.861","-0.02617","0.00035","0","0","13.56","Humid","35.35","0","78.50","280479.06","SABD0002000014","AAV2.0.0.13","3.0.3.1703","PSt7-10","180509-002","9/13/2019 10:46:52 AM","0000-00","0","no battery","V"
"06/11/2023","11:41:18","9","default","547630319","OXY_CH9","45.342","min","180.445","μmol/L","Humid","22.318","deg","123955","µV","26.713","°C","1016.000","hPa","35.9","pmil","0","55.690","deg","20.000","°C","100.000","%a.s.","22.400","deg","20.000","°C","962.000","hPa","0.861","-0.02617","0.00035","0","0","13.56","Humid","35.35","0","78.50","280484.82","SABD0002000014","AAV2.0.0.13","3.0.3.1703","PSt7-10","180509-002","9/13/2019 10:46:52 AM","0000-00","0","no battery","V"
"06/11/2023","11:41:19","9","default","547630319","OXY_CH9","45.358","min","180.462","μmol/L","Humid","22.319","deg","123943","µV","26.707","°C","1016.000","hPa","35.9","pmil","0","55.690","deg","20.000","°C","100.000","%a.s.","22.400","deg","20.000","°C","962.000","hPa","0.861","-0.02617","0.00035","0","0","13.56","Humid","35.35","0","78.50","280486.37","SABD0002000014","AAV2.0.0.13","3.0.3.1703","PSt7-10","180509-002","9/13/2019 10:46:52 AM","0000-00","0","no battery","V"
"06/11/2023","11:41:20","9","default","547630319","OXY_CH9","45.375","min","180.493","μmol/L","Humid","22.317","deg","123931","µV","26.707","°C","1016.000","hPa","35.9","pmil","0","55.690","deg","20.000","°C","100.000","%a.s.","22.400","deg","20.000","°C","962.000","hPa","0.861","-0.02617","0.00035","0","0","13.56","Humid","35.35","0","78.50","280470.06","SABD0002000014","AAV2.0.0.13","3.0.3.1703","PSt7-10","180509-002","9/13/2019 10:46:52 AM","0000-00","0","no battery","V"
"06/11/2023","11:41:21","9","default","547630319","OXY_CH9","45.392","min","180.540","μmol/L","Humid","22.314","deg","123928","µV","26.707","°C","1016.000","hPa","35.9","pmil","0","55.690","deg","20.000","°C","100.000","%a.s.","22.400","deg","20.000","°C","962.000","hPa","0.861","-0.02617","0.00035","0","0","13.56","Humid","35.35","0","78.50","280481.13","SABD0002000014","AAV2.0.0.13","3.0.3.1703","PSt7-10","180509-002","9/13/2019 10:46:52 AM","0000-00","0","no battery","V"
"06/11/2023","11:41:22","9","default","547630319","OXY_CH9","45.408","min","180.507","μmol/L","Humid","22.314","deg","123925","µV","26.713","°C","1016.000","hPa","35.9","pmil","0","55.690","deg","20.000","°C","100.000","%a.s.","22.400","deg","20.000","°C","962.000","hPa","0.861","-0.02617","0.00035","0","0","13.56","Humid","35.35","0","78.50","280490.62","SABD0002000014","AAV2.0.0.13","3.0.3.1703","PSt7-10","180509-002","9/13/2019 10:46:52 AM","0000-00","0","no battery","V"
"06/11/2023","11:41:23","9","default","547630319","OXY_CH9","45.425","min","180.507","μmol/L","Humid","22.314","deg","123908","µV","26.713","°C","1016.000","hPa","35.9","pmil","0","55.690","deg","20.000","°C","100.000","%a.s.","22.400","deg","20.000","°C","962.000","hPa","0.861","-0.02617","0.00035","0","0","13.56","Humid","35.35","0","78.50","280470.93","SABD0002000014","AAV2.0.0.13","3.0.3.1703","PSt7-10","180509-002","9/13/2019 10:46:52 AM","0000-00","0","no battery","V"
"06/11/2023","11:41:24","9","default","547630319","OXY_CH9","45.442","min","180.602","μmol/L","Humid","22.310","deg","123910","µV","26.707","°C","1016.000","hPa","35.9","pmil","0","55.690","deg","20.000","°C","100.000","%a.s.","22.400","deg","20.000","°C","962.000","hPa","0.861","-0.02617","0.00035","0","0","13.56","Humid","35.35","0","78.50","280473.01","SABD0002000014","AAV2.0.0.13","3.0.3.1703","PSt7-10","180509-002","9/13/2019 10:46:52 AM","0000-00","0","no battery","V"
"06/11/2023","11:41:25","9","default","547630319","OXY_CH9","45.459","min","180.631","μmol/L","Humid","22.306","deg","123896","µV","26.713","°C","1016.000","hPa","35.9","pmil","0","55.690","deg","20.000","°C","100.000","%a.s.","22.400","deg","20.000","°C","962.000","hPa","0.861","-0.02617","0.00035","0","0","13.56","Humid","35.35","0","78.50","280484.57","SABD0002000014","AAV2.0.0.13","3.0.3.1703","PSt7-10","180509-002","9/13/2019 10:46:52 AM","0000-00","0","no battery","V"
"06/11/2023","11:41:26","9","default","547630319","OXY_CH9","45.475","min","180.552","μmol/L","Humid","22.309","deg","123889","µV","26.720","°C","1016.000","hPa","35.9","pmil","0","55.690","deg","20.000","°C","100.000","%a.s.","22.400","deg","20.000","°C","962.000","hPa","0.861","-0.02617","0.00035","0","0","13.56","Humid","35.35","0","78.50","280473.59","SABD0002000014","AAV2.0.0.13","3.0.3.1703","PSt7-10","180509-002","9/13/2019 10:46:52 AM","0000-00","0","no battery","V"
"06/11/2023","11:41:27","9","default","547630319","OXY_CH9","45.492","min","180.664","μmol/L","Humid","22.306","deg","123885","µV","26.707","°C","1016.000","hPa","35.9","pmil","0","55.690","deg","20.000","°C","100.000","%a.s.","22.400","deg","20.000","°C","962.000","hPa","0.861","-0.02617","0.00035","0","0","13.56","Humid","35.35","0","78.50","280476.44","SABD0002000014","AAV2.0.0.13","3.0.3.1703","PSt7-10","180509-002","9/13/2019 10:46:52 AM","0000-00","0","no battery","V"
"06/11/2023","11:41:28","9","default","547630319","OXY_CH9","45.508","min","180.679","μmol/L","Humid","22.305","deg","123871","µV","26.707","°C","1016.000","hPa","35.9","pmil","0","55.690","deg","20.000","°C","100.000","%a.s.","22.400","deg","20.000","°C","962.000","hPa","0.861","-0.02617","0.00035","0","0","13.56","Humid","35.35","0","78.50","280482.21","SABD0002000014","AAV2.0.0.13","3.0.3.1703","PSt7-10","180509-002","9/13/2019 10:46:52 AM","0000-00","0","no battery","V"
"06/11/2023","11:41:29","9","default","547630319","OXY_CH9","45.525","min","180.646","μmol/L","Humid","22.305","deg","123866","µV","26.713","°C","1016.000","hPa","35.9","pmil","0","55.690","deg","20.000","°C","100.000","%a.s.","22.400","deg","20.000","°C","962.000","hPa","0.861","-0.02617","0.00035","0","0","13.56","Humid","35.35","0","78.50","280469.44","SABD0002000014","AAV2.0.0.13","3.0.3.1703","PSt7-10","180509-002","9/13/2019 10:46:52 AM","0000-00","0","no battery","V"
"06/11/2023","11:41:30","9","default","547630319","OXY_CH9","45.542","min","180.726","μmol/L","Humid","22.302","deg","123853","µV","26.707","°C","1016.000","hPa","35.9","pmil","0","55.690","deg","20.000","°C","100.000","%a.s.","22.400","deg","20.000","°C","962.000","hPa","0.861","-0.02617","0.00035","0","0","13.56","Humid","35.35","0","78.50","280479.42","SABD0002000014","AAV2.0.0.13","3.0.3.1703","PSt7-10","180509-002","9/13/2019 10:46:52 AM","0000-00","0","no battery","V"
"06/11/2023","11:41:31","9","default","547630319","OXY_CH9","45.558","min","180.710","μmol/L","Humid","22.303","deg","123847","µV","26.707","°C","1016.000","hPa","35.9","pmil","0","55.690","deg","20.000","°C","100.000","%a.s.","22.400","deg","20.000","°C","962.000","hPa","0.861","-0.02617","0.00035","0","0","13.56","Humid","35.35","0","78.50","280473.63","SABD0002000014","AAV2.0.0.13","3.0.3.1703","PSt7-10","180509-002","9/13/2019 10:46:52 AM","0000-00","0","no battery","V"
"06/11/2023","11:41:32","9","default","547630319","OXY_CH9","45.575","min","180.724","μmol/L","Humid","22.300","deg","123840","µV","26.713","°C","1016.000","hPa","35.9","pmil","0","55.690","deg","20.000","°C","100.000","%a.s.","22.400","deg","20.000","°C","962.000","hPa","0.861","-0.02617","0.00035","0","0","13.56","Humid","35.35","0","78.50","280477.52","SABD0002000014","AAV2.0.0.13","3.0.3.1703","PSt7-10","180509-002","9/13/2019 10:46:52 AM","0000-00","0","no battery","V"
"06/11/2023","11:41:33","9","default","547630319","OXY_CH9","45.592","min","180.774","μmol/L","Humid","22.301","deg","123833","µV","26.701","°C","1016.000","hPa","35.9","pmil","0","55.690","deg","20.000","°C","100.000","%a.s.","22.400","deg","20.000","°C","962.000","hPa","0.861","-0.02617","0.00035","0","0","13.56","Humid","35.35","0","78.50","280478.79","SABD0002000014","AAV2.0.0.13","3.0.3.1703","PSt7-10","180509-002","9/13/2019 10:46:52 AM","0000-00","0","no battery","V"
"06/11/2023","11:41:34","9","default","547630319","OXY_CH9","45.608","min","180.757","μmol/L","Humid","22.300","deg","123818","µV","26.707","°C","1016.000","hPa","35.9","pmil","0","55.690","deg","20.000","°C","100.000","%a.s.","22.400","deg","20.000","°C","962.000","hPa","0.861","-0.02617","0.00035","0","0","13.56","Humid","35.35","0","78.50","280469.35","SABD0002000014","AAV2.0.0.13","3.0.3.1703","PSt7-10","180509-002","9/13/2019 10:46:52 AM","0000-00","0","no battery","V"
"06/11/2023","11:41:35","9","default","547630319","OXY_CH9","45.625","min","180.786","μmol/L","Humid","22.296","deg","123810","µV","26.713","°C","1016.000","hPa","35.9","pmil","0","55.690","deg","20.000","°C","100.000","%a.s.","22.400","deg","20.000","°C","962.000","hPa","0.861","-0.02617","0.00035","0","0","13.56","Humid","35.35","0","78.50","280472.59","SABD0002000014","AAV2.0.0.13","3.0.3.1703","PSt7-10","180509-002","9/13/2019 10:46:52 AM","0000-00","0","no battery","V"
"06/11/2023","11:41:36","9","default","547630319","OXY_CH9","45.642","min","180.739","μmol/L","Humid","22.299","deg","123805","µV","26.713","°C","1016.000","hPa","35.9","pmil","0","55.690","deg","20.000","°C","100.000","%a.s.","22.400","deg","20.000","°C","962.000","hPa","0.861","-0.02617","0.00035","0","0","13.56","Humid","35.35","0","78.50","280470.98","SABD0002000014","AAV2.0.0.13","3.0.3.1703","PSt7-10","180509-002","9/13/2019 10:46:52 AM","0000-00","0","no battery","V"
"06/11/2023","11:41:37","9","default","547630319","OXY_CH9","45.658","min","180.834","μmol/L","Humid","22.295","deg","123806","µV","26.707","°C","1016.000","hPa","35.9","pmil","0","55.690","deg","20.000","°C","100.000","%a.s.","22.400","deg","20.000","°C","962.000","hPa","0.861","-0.02617","0.00035","0","0","13.56","Humid","35.35","0","78.50","280487.54","SABD0002000014","AAV2.0.0.13","3.0.3.1703","PSt7-10","180509-002","9/13/2019 10:46:52 AM","0000-00","0","no battery","V"
"06/11/2023","11:41:38","9","default","547630319","OXY_CH9","45.675","min","180.801","μmol/L","Humid","22.295","deg","123786","µV","26.713","°C","1016.000","hPa","35.9","pmil","0","55.690","deg","20.000","°C","100.000","%a.s.","22.400","deg","20.000","°C","962.000","hPa","0.861","-0.02617","0.00035","0","0","13.56","Humid","35.35","0","78.50","280480.41","SABD0002000014","AAV2.0.0.13","3.0.3.1703","PSt7-10","180509-002","9/13/2019 10:46:52 AM","0000-00","0","no battery","V"
"06/11/2023","11:41:39","9","default","547630319","OXY_CH9","45.692","min","180.848","μmol/L","Humid","22.292","deg","123781","µV","26.713","°C","1016.000","hPa","35.9","pmil","0","55.690","deg","20.000","°C","100.000","%a.s.","22.400","deg","20.000","°C","962.000","hPa","0.861","-0.02617","0.00035","0","0","13.56","Humid","35.35","0","78.50","280483.10","SABD0002000014","AAV2.0.0.13","3.0.3.1703","PSt7-10","180509-002","9/13/2019 10:46:52 AM","0000-00","0","no battery","V"
"06/11/2023","11:41:40","9","default","547630319","OXY_CH9","45.708","min","180.910","μmol/L","Humid","22.288","deg","123771","µV","26.713","°C","1016.000","hPa","35.9","pmil","0","55.690","deg","20.000","°C","100.000","%a.s.","22.400","deg","20.000","°C","962.000","hPa","0.861","-0.02617","0.00035","0","0","13.56","Humid","35.35","0","78.50","280469.46","SABD0002000014","AAV2.0.0.13","3.0.3.1703","PSt7-10","180509-002","9/13/2019 10:46:52 AM","0000-00","0","no battery","V"
"06/11/2023","11:41:41","9","default","547630319","OXY_CH9","45.725","min","180.895","μmol/L","Humid","22.289","deg","123768","µV","26.713","°C","1016.000","hPa","35.9","pmil","0","55.690","deg","20.000","°C","100.000","%a.s.","22.400","deg","20.000","°C","962.000","hPa","0.861","-0.02617","0.00035","0","0","13.56","Humid","35.35","0","78.50","280477.61","SABD0002000014","AAV2.0.0.13","3.0.3.1703","PSt7-10","180509-002","9/13/2019 10:46:52 AM","0000-00","0","no battery","V"
"06/11/2023","11:41:42","9","default","547630319","OXY_CH9","45.741","min","180.910","μmol/L","Humid","22.288","deg","123752","µV","26.713","°C","1016.000","hPa","35.9","pmil","0","55.690","deg","20.000","°C","100.000","%a.s.","22.400","deg","20.000","°C","962.000","hPa","0.861","-0.02617","0.00035","0","0","13.56","Humid","35.35","0","78.50","280467.71","SABD0002000014","AAV2.0.0.13","3.0.3.1703","PSt7-10","180509-002","9/13/2019 10:46:52 AM","0000-00","0","no battery","V"
"06/11/2023","11:41:43","9","default","547630319","OXY_CH9","45.758","min","181.005","μmol/L","Humid","22.284","deg","123747","µV","26.707","°C","1016.000","hPa","35.9","pmil","0","55.690","deg","20.000","°C","100.000","%a.s.","22.400","deg","20.000","°C","962.000","hPa","0.861","-0.02617","0.00035","0","0","13.56","Humid","35.35","0","78.50","280473.73","SABD0002000014","AAV2.0.0.13","3.0.3.1703","PSt7-10","180509-002","9/13/2019 10:46:52 AM","0000-00","0","no battery","V"
"06/11/2023","11:41:44","9","default","547630319","OXY_CH9","45.775","min","180.926","μmol/L","Humid","22.287","deg","123736","µV","26.713","°C","1016.000","hPa","35.9","pmil","0","55.690","deg","20.000","°C","100.000","%a.s.","22.400","deg","20.000","°C","962.000","hPa","0.861","-0.02617","0.00035","0","0","13.56","Humid","35.35","0","78.50","280465.51","SABD0002000014","AAV2.0.0.13","3.0.3.1703","PSt7-10","180509-002","9/13/2019 10:46:52 AM","0000-00","0","no battery","V"
"06/11/2023","11:41:45","9","default","547630319","OXY_CH9","45.791","min","180.924","μmol/L","Humid","22.285","deg","123726","µV","26.720","°C","1016.000","hPa","35.9","pmil","0","55.690","deg","20.000","°C","100.000","%a.s.","22.400","deg","20.000","°C","962.000","hPa","0.861","-0.02617","0.00035","0","0","13.56","Humid","35.35","0","78.50","280470.81","SABD0002000014","AAV2.0.0.13","3.0.3.1703","PSt7-10","180509-002","9/13/2019 10:46:52 AM","0000-00","0","no battery","V"
"06/11/2023","11:41:46","9","default","547630319","OXY_CH9","45.809","min","181.036","μmol/L","Humid","22.282","deg","123722","µV","26.707","°C","1016.000","hPa","35.9","pmil","0","55.690","deg","20.000","°C","100.000","%a.s.","22.400","deg","20.000","°C","962.000","hPa","0.861","-0.02617","0.00035","0","0","13.56","Humid","35.35","0","78.50","280470.71","SABD0002000014","AAV2.0.0.13","3.0.3.1703","PSt7-10","180509-002","9/13/2019 10:46:52 AM","0000-00","0","no battery","V"
"06/11/2023","11:41:47","9","default","547630319","OXY_CH9","45.825","min","181.067","μmol/L","Humid","22.280","deg","123709","µV","26.707","°C","1016.000","hPa","35.9","pmil","0","55.690","deg","20.000","°C","100.000","%a.s.","22.400","deg","20.000","°C","962.000","hPa","0.861","-0.02617","0.00035","0","0","13.56","Humid","35.35","0","78.50","280453.25","SABD0002000014","AAV2.0.0.13","3.0.3.1703","PSt7-10","180509-002","9/13/2019 10:46:52 AM","0000-00","0","no battery","V"
"06/11/2023","11:41:48","9","default","547630319","OXY_CH9","45.842","min","181.083","μmol/L","Humid","22.279","deg","123710","µV","26.707","°C","1016.000","hPa","35.9","pmil","0","55.690","deg","20.000","°C","100.000","%a.s.","22.400","deg","20.000","°C","962.000","hPa","0.861","-0.02617","0.00035","0","0","13.56","Humid","35.35","0","78.50","280465.72","SABD0002000014","AAV2.0.0.13","3.0.3.1703","PSt7-10","180509-002","9/13/2019 10:46:52 AM","0000-00","0","no battery","V"
"06/11/2023","11:41:49","9","default","547630319","OXY_CH9","45.858","min","181.131","μmol/L","Humid","22.278","deg","123696","µV","26.701","°C","1016.000","hPa","35.9","pmil","0","55.690","deg","20.000","°C","100.000","%a.s.","22.400","deg","20.000","°C","962.000","hPa","0.861","-0.02617","0.00035","0","0","13.56","Humid","35.35","0","78.50","280468.74","SABD0002000014","AAV2.0.0.13","3.0.3.1703","PSt7-10","180509-002","9/13/2019 10:46:52 AM","0000-00","0","no battery","V"
"06/11/2023","11:41:50","9","default","547630319","OXY_CH9","45.875","min","181.067","μmol/L","Humid","22.280","deg","123691","µV","26.707","°C","1016.000","hPa","35.9","pmil","0","55.690","deg","20.000","°C","100.000","%a.s.","22.400","deg","20.000","°C","962.000","hPa","0.861","-0.02617","0.00035","0","0","13.56","Humid","35.35","0","78.50","280462.87","SABD0002000014","AAV2.0.0.13","3.0.3.1703","PSt7-10","180509-002","9/13/2019 10:46:52 AM","0000-00","0","no battery","V"
"06/11/2023","11:41:51","9","default","547630319","OXY_CH9","45.892","min","181.097","μmol/L","Humid","22.276","deg","123679","µV","26.713","°C","1016.000","hPa","35.9","pmil","0","55.690","deg","20.000","°C","100.000","%a.s.","22.400","deg","20.000","°C","962.000","hPa","0.861","-0.02617","0.00035","0","0","13.56","Humid","35.35","0","78.50","280470.99","SABD0002000014","AAV2.0.0.13","3.0.3.1703","PSt7-10","180509-002","9/13/2019 10:46:52 AM","0000-00","0","no battery","V"
"06/11/2023","11:41:52","9","default","547630319","OXY_CH9","45.908","min","181.097","μmol/L","Humid","22.276","deg","123669","µV","26.713","°C","1016.000","hPa","35.9","pmil","0","55.690","deg","20.000","°C","100.000","%a.s.","22.400","deg","20.000","°C","962.000","hPa","0.861","-0.02617","0.00035","0","0","13.56","Humid","35.35","0","78.50","280456.62","SABD0002000014","AAV2.0.0.13","3.0.3.1703","PSt7-10","180509-002","9/13/2019 10:46:52 AM","0000-00","0","no battery","V"
"06/11/2023","11:41:53","9","default","547630319","OXY_CH9","45.925","min","181.112","μmol/L","Humid","22.275","deg","123669","µV","26.713","°C","1016.000","hPa","35.9","pmil","0","55.690","deg","20.000","°C","100.000","%a.s.","22.400","deg","20.000","°C","962.000","hPa","0.861","-0.02617","0.00035","0","0","13.56","Humid","35.35","0","78.50","280470.00","SABD0002000014","AAV2.0.0.13","3.0.3.1703","PSt7-10","180509-002","9/13/2019 10:46:52 AM","0000-00","0","no battery","V"
"06/11/2023","11:41:54","9","default","547630319","OXY_CH9","45.941","min","181.159","μmol/L","Humid","22.272","deg","123658","µV","26.713","°C","1016.000","hPa","35.9","pmil","0","55.690","deg","20.000","°C","100.000","%a.s.","22.400","deg","20.000","°C","962.000","hPa","0.861","-0.02617","0.00035","0","0","13.56","Humid","35.35","0","78.50","280471.83","SABD0002000014","AAV2.0.0.13","3.0.3.1703","PSt7-10","180509-002","9/13/2019 10:46:52 AM","0000-00","0","no battery","V"
"06/11/2023","11:41:55","9","default","547630319","OXY_CH9","45.958","min","181.176","μmol/L","Humid","22.273","deg","123655","µV","26.707","°C","1016.000","hPa","35.9","pmil","0","55.690","deg","20.000","°C","100.000","%a.s.","22.400","deg","20.000","°C","962.000","hPa","0.861","-0.02617","0.00035","0","0","13.56","Humid","35.35","0","78.50","280468.52","SABD0002000014","AAV2.0.0.13","3.0.3.1703","PSt7-10","180509-002","9/13/2019 10:46:52 AM","0000-00","0","no battery","V"
"06/11/2023","11:41:56","9","default","547630319","OXY_CH9","45.975","min","181.206","μmol/L","Humid","22.269","deg","123646","µV","26.713","°C","1016.000","hPa","35.9","pmil","0","55.690","deg","20.000","°C","100.000","%a.s.","22.400","deg","20.000","°C","962.000","hPa","0.861","-0.02617","0.00035","0","0","13.56","Humid","35.35","0","78.50","280470.56","SABD0002000014","AAV2.0.0.13","3.0.3.1703","PSt7-10","180509-002","9/13/2019 10:46:52 AM","0000-00","0","no battery","V"
"06/11/2023","11:41:57","9","default","547630319","OXY_CH9","45.991","min","181.285","μmol/L","Humid","22.266","deg","123630","µV","26.707","°C","1016.000","hPa","35.9","pmil","0","55.690","deg","20.000","°C","100.000","%a.s.","22.400","deg","20.000","°C","962.000","hPa","0.861","-0.02617","0.00035","0","0","13.56","Humid","35.35","0","78.50","280467.31","SABD0002000014","AAV2.0.0.13","3.0.3.1703","PSt7-10","180509-002","9/13/2019 10:46:52 AM","0000-00","0","no battery","V"
"06/11/2023","11:41:58","9","default","547630319","OXY_CH9","46.008","min","181.221","μmol/L","Humid","22.268","deg","123625","µV","26.713","°C","1016.000","hPa","35.9","pmil","0","55.690","deg","20.000","°C","100.000","%a.s.","22.400","deg","20.000","°C","962.000","hPa","0.861","-0.02617","0.00035","0","0","13.56","Humid","35.35","0","78.50","280479.22","SABD0002000014","AAV2.0.0.13","3.0.3.1703","PSt7-10","180509-002","9/13/2019 10:46:52 AM","0000-00","0","no battery","V"
"06/11/2023","11:41:59","9","default","547630319","OXY_CH9","46.025","min","181.270","μmol/L","Humid","22.267","deg","123622","µV","26.707","°C","1016.000","hPa","35.9","pmil","0","55.690","deg","20.000","°C","100.000","%a.s.","22.400","deg","20.000","°C","962.000","hPa","0.861","-0.02617","0.00035","0","0","13.56","Humid","35.35","0","78.50","280471.04","SABD0002000014","AAV2.0.0.13","3.0.3.1703","PSt7-10","180509-002","9/13/2019 10:46:52 AM","0000-00","0","no battery","V"
"06/11/2023","11:42:00","9","default","547630319","OXY_CH9","46.041","min","181.284","μmol/L","Humid","22.264","deg","123605","µV","26.713","°C","1016.000","hPa","35.9","pmil","0","55.690","deg","20.000","°C","100.000","%a.s.","22.400","deg","20.000","°C","962.000","hPa","0.861","-0.02617","0.00035","0","0","13.56","Humid","35.35","0","78.50","280469.48","SABD0002000014","AAV2.0.0.13","3.0.3.1703","PSt7-10","180509-002","9/13/2019 10:46:52 AM","0000-00","0","no battery","V"
"06/11/2023","11:42:01","9","default","547630319","OXY_CH9","46.058","min","181.379","μmol/L","Humid","22.260","deg","123603","µV","26.707","°C","1016.000","hPa","35.9","pmil","0","55.690","deg","20.000","°C","100.000","%a.s.","22.400","deg","20.000","°C","962.000","hPa","0.861","-0.02617","0.00035","0","0","13.56","Humid","35.35","0","78.50","280459.42","SABD0002000014","AAV2.0.0.13","3.0.3.1703","PSt7-10","180509-002","9/13/2019 10:46:52 AM","0000-00","0","no battery","V"
"06/11/2023","11:42:02","9","default","547630319","OXY_CH9","46.075","min","181.315","μmol/L","Humid","22.262","deg","123589","µV","26.713","°C","1016.000","hPa","35.9","pmil","0","55.690","deg","20.000","°C","100.000","%a.s.","22.400","deg","20.000","°C","962.000","hPa","0.861","-0.02617","0.00035","0","0","13.56","Humid","35.35","0","78.50","280466.73","SABD0002000014","AAV2.0.0.13","3.0.3.1703","PSt7-10","180509-002","9/13/2019 10:46:52 AM","0000-00","0","no battery","V"
"06/11/2023","11:42:03","9","default","547630319","OXY_CH9","46.092","min","181.361","μmol/L","Humid","22.259","deg","123588","µV","26.713","°C","1016.000","hPa","35.9","pmil","0","55.690","deg","20.000","°C","100.000","%a.s.","22.400","deg","20.000","°C","962.000","hPa","0.861","-0.02617","0.00035","0","0","13.56","Humid","35.35","0","78.50","280458.84","SABD0002000014","AAV2.0.0.13","3.0.3.1703","PSt7-10","180509-002","9/13/2019 10:46:52 AM","0000-00","0","no battery","V"
"06/11/2023","11:42:04","9","default","547630319","OXY_CH9","46.108","min","181.394","μmol/L","Humid","22.259","deg","123569","µV","26.707","°C","1016.000","hPa","35.9","pmil","0","55.690","deg","20.000","°C","100.000","%a.s.","22.400","deg","20.000","°C","962.000","hPa","0.861","-0.02617","0.00035","0","0","13.56","Humid","35.35","0","78.50","280447.62","SABD0002000014","AAV2.0.0.13","3.0.3.1703","PSt7-10","180509-002","9/13/2019 10:46:52 AM","0000-00","0","no battery","V"
"06/11/2023","11:42:05","9","default","547630319","OXY_CH9","46.125","min","181.377","μmol/L","Humid","22.258","deg","123568","µV","26.713","°C","1016.000","hPa","35.9","pmil","0","55.690","deg","20.000","°C","100.000","%a.s.","22.400","deg","20.000","°C","962.000","hPa","0.861","-0.02617","0.00035","0","0","13.56","Humid","35.35","0","78.50","280453.88","SABD0002000014","AAV2.0.0.13","3.0.3.1703","PSt7-10","180509-002","9/13/2019 10:46:52 AM","0000-00","0","no battery","V"
"06/11/2023","11:42:06","9","default","547630319","OXY_CH9","46.142","min","181.394","μmol/L","Humid","22.259","deg","123556","µV","26.707","°C","1016.000","hPa","35.9","pmil","0","55.690","deg","20.000","°C","100.000","%a.s.","22.400","deg","20.000","°C","962.000","hPa","0.861","-0.02617","0.00035","0","0","13.56","Humid","35.35","0","78.50","280465.13","SABD0002000014","AAV2.0.0.13","3.0.3.1703","PSt7-10","180509-002","9/13/2019 10:46:52 AM","0000-00","0","no battery","V"
"06/11/2023","11:42:07","9","default","547630319","OXY_CH9","46.158","min","181.424","μmol/L","Humid","22.255","deg","123552","µV","26.713","°C","1016.000","hPa","35.9","pmil","0","55.690","deg","20.000","°C","100.000","%a.s.","22.400","deg","20.000","°C","962.000","hPa","0.861","-0.02617","0.00035","0","0","13.56","Humid","35.35","0","78.50","280459.18","SABD0002000014","AAV2.0.0.13","3.0.3.1703","PSt7-10","180509-002","9/13/2019 10:46:52 AM","0000-00","0","no battery","V"
"06/11/2023","11:42:08","9","default","547630319","OXY_CH9","46.175","min","181.457","μmol/L","Humid","22.255","deg","123542","µV","26.707","°C","1016.000","hPa","35.9","pmil","0","55.690","deg","20.000","°C","100.000","%a.s.","22.400","deg","20.000","°C","962.000","hPa","0.861","-0.02617","0.00035","0","0","13.56","Humid","35.35","0","78.50","280467.85","SABD0002000014","AAV2.0.0.13","3.0.3.1703","PSt7-10","180509-002","9/13/2019 10:46:52 AM","0000-00","0","no battery","V"
"06/11/2023","11:42:09","9","default","547630319","OXY_CH9","46.192","min","181.439","μmol/L","Humid","22.254","deg","123528","µV","26.713","°C","1016.000","hPa","35.9","pmil","0","55.690","deg","20.000","°C","100.000","%a.s.","22.400","deg","20.000","°C","962.000","hPa","0.861","-0.02617","0.00035","0","0","13.56","Humid","35.35","0","78.50","280461.90","SABD0002000014","AAV2.0.0.13","3.0.3.1703","PSt7-10","180509-002","9/13/2019 10:46:52 AM","0000-00","0","no battery","V"
"06/11/2023","11:42:10","9","default","547630319","OXY_CH9","46.208","min","181.486","μmol/L","Humid","22.251","deg","123514","µV","26.713","°C","1016.000","hPa","35.9","pmil","0","55.690","deg","20.000","°C","100.000","%a.s.","22.400","deg","20.000","°C","962.000","hPa","0.861","-0.02617","0.00035","0","0","13.56","Humid","35.35","0","78.50","280452.87","SABD0002000014","AAV2.0.0.13","3.0.3.1703","PSt7-10","180509-002","9/13/2019 10:46:52 AM","0000-00","0","no battery","V"
"06/11/2023","11:42:11","9","default","547630319","OXY_CH9","46.225","min","181.566","μmol/L","Humid","22.248","deg","123518","µV","26.707","°C","1016.000","hPa","35.9","pmil","0","55.690","deg","20.000","°C","100.000","%a.s.","22.400","deg","20.000","°C","962.000","hPa","0.861","-0.02617","0.00035","0","0","13.56","Humid","35.35","0","78.50","280467.13","SABD0002000014","AAV2.0.0.13","3.0.3.1703","PSt7-10","180509-002","9/13/2019 10:46:52 AM","0000-00","0","no battery","V"
"06/11/2023","11:42:12","9","default","547630319","OXY_CH9","46.242","min","181.549","μmol/L","Humid","22.247","deg","123508","µV","26.713","°C","1016.000","hPa","35.9","pmil","0","55.690","deg","20.000","°C","100.000","%a.s.","22.400","deg","20.000","°C","962.000","hPa","0.861","-0.02617","0.00035","0","0","13.56","Humid","35.35","0","78.50","280465.75","SABD0002000014","AAV2.0.0.13","3.0.3.1703","PSt7-10","180509-002","9/13/2019 10:46:52 AM","0000-00","0","no battery","V"
"06/11/2023","11:42:13","9","default","547630319","OXY_CH9","46.258","min","181.517","μmol/L","Humid","22.249","deg","123492","µV","26.713","°C","1016.000","hPa","35.9","pmil","0","55.690","deg","20.000","°C","100.000","%a.s.","22.400","deg","20.000","°C","962.000","hPa","0.861","-0.02617","0.00035","0","0","13.56","Humid","35.35","0","78.50","280448.43","SABD0002000014","AAV2.0.0.13","3.0.3.1703","PSt7-10","180509-002","9/13/2019 10:46:52 AM","0000-00","0","no battery","V"
"06/11/2023","11:42:14","9","default","547630319","OXY_CH9","46.275","min","181.581","μmol/L","Humid","22.247","deg","123482","µV","26.707","°C","1016.000","hPa","35.9","pmil","0","55.690","deg","20.000","°C","100.000","%a.s.","22.400","deg","20.000","°C","962.000","hPa","0.861","-0.02617","0.00035","0","0","13.56","Humid","35.35","0","78.50","280463.34","SABD0002000014","AAV2.0.0.13","3.0.3.1703","PSt7-10","180509-002","9/13/2019 10:46:52 AM","0000-00","0","no battery","V"
"06/11/2023","11:42:15","9","default","547630319","OXY_CH9","46.292","min","181.595","μmol/L","Humid","22.244","deg","123486","µV","26.713","°C","1016.000","hPa","35.9","pmil","0","55.690","deg","20.000","°C","100.000","%a.s.","22.400","deg","20.000","°C","962.000","hPa","0.861","-0.02617","0.00035","0","0","13.56","Humid","35.35","0","78.50","280472.53","SABD0002000014","AAV2.0.0.13","3.0.3.1703","PSt7-10","180509-002","9/13/2019 10:46:52 AM","0000-00","0","no battery","V"
"06/11/2023","11:42:16","9","default","547630319","OXY_CH9","46.308","min","181.595","μmol/L","Humid","22.244","deg","123468","µV","26.713","°C","1016.000","hPa","35.9","pmil","0","55.690","deg","20.000","°C","100.000","%a.s.","22.400","deg","20.000","°C","962.000","hPa","0.861","-0.02617","0.00035","0","0","13.56","Humid","35.35","0","78.50","280460.30","SABD0002000014","AAV2.0.0.13","3.0.3.1703","PSt7-10","180509-002","9/13/2019 10:46:52 AM","0000-00","0","no battery","V"
"06/11/2023","11:42:17","9","default","547630319","OXY_CH9","46.325","min","181.578","μmol/L","Humid","22.243","deg","123462","µV","26.720","°C","1016.000","hPa","35.9","pmil","0","55.690","deg","20.000","°C","100.000","%a.s.","22.400","deg","20.000","°C","962.000","hPa","0.861","-0.02617","0.00035","0","0","13.56","Humid","35.35","0","78.50","280478.82","SABD0002000014","AAV2.0.0.13","3.0.3.1703","PSt7-10","180509-002","9/13/2019 10:46:52 AM","0000-00","0","no battery","V"
"06/11/2023","11:42:18","9","default","547630319","OXY_CH9","46.342","min","181.675","μmol/L","Humid","22.241","deg","123459","µV","26.707","°C","1016.000","hPa","35.9","pmil","0","55.690","deg","20.000","°C","100.000","%a.s.","22.400","deg","20.000","°C","962.000","hPa","0.861","-0.02617","0.00035","0","0","13.56","Humid","35.35","0","78.50","280463.38","SABD0002000014","AAV2.0.0.13","3.0.3.1703","PSt7-10","180509-002","9/13/2019 10:46:52 AM","0000-00","0","no battery","V"
"06/11/2023","11:42:19","9","default","547630319","OXY_CH9","46.358","min","181.642","μmol/L","Humid","22.241","deg","123449","µV","26.713","°C","1016.000","hPa","35.9","pmil","0","55.690","deg","20.000","°C","100.000","%a.s.","22.400","deg","20.000","°C","962.000","hPa","0.861","-0.02617","0.00035","0","0","13.56","Humid","35.35","0","78.50","280478.37","SABD0002000014","AAV2.0.0.13","3.0.3.1703","PSt7-10","180509-002","9/13/2019 10:46:52 AM","0000-00","0","no battery","V"
"06/11/2023","11:42:20","9","default","547630319","OXY_CH9","46.375","min","181.691","μmol/L","Humid","22.240","deg","123443","µV","26.707","°C","1016.000","hPa","35.9","pmil","0","55.690","deg","20.000","°C","100.000","%a.s.","22.400","deg","20.000","°C","962.000","hPa","0.861","-0.02617","0.00035","0","0","13.56","Humid","35.35","0","78.50","280464.35","SABD0002000014","AAV2.0.0.13","3.0.3.1703","PSt7-10","180509-002","9/13/2019 10:46:52 AM","0000-00","0","no battery","V"
"06/11/2023","11:42:21","9","default","547630319","OXY_CH9","46.391","min","181.705","μmol/L","Humid","22.237","deg","123428","µV","26.713","°C","1016.000","hPa","35.9","pmil","0","55.690","deg","20.000","°C","100.000","%a.s.","22.400","deg","20.000","°C","962.000","hPa","0.861","-0.02617","0.00035","0","0","13.56","Humid","35.35","0","78.50","280463.50","SABD0002000014","AAV2.0.0.13","3.0.3.1703","PSt7-10","180509-002","9/13/2019 10:46:52 AM","0000-00","0","no battery","V"
"06/11/2023","11:42:22","9","default","547630319","OXY_CH9","46.408","min","181.738","μmol/L","Humid","22.237","deg","123423","µV","26.707","°C","1016.000","hPa","35.9","pmil","0","55.690","deg","20.000","°C","100.000","%a.s.","22.400","deg","20.000","°C","962.000","hPa","0.861","-0.02617","0.00035","0","0","13.56","Humid","35.35","0","78.50","280467.54","SABD0002000014","AAV2.0.0.13","3.0.3.1703","PSt7-10","180509-002","9/13/2019 10:46:52 AM","0000-00","0","no battery","V"
"06/11/2023","11:42:23","9","default","547630319","OXY_CH9","46.425","min","181.785","μmol/L","Humid","22.234","deg","123411","µV","26.707","°C","1016.000","hPa","35.9","pmil","0","55.690","deg","20.000","°C","100.000","%a.s.","22.400","deg","20.000","°C","962.000","hPa","0.861","-0.02617","0.00035","0","0","13.56","Humid","35.35","0","78.50","280463.89","SABD0002000014","AAV2.0.0.13","3.0.3.1703","PSt7-10","180509-002","9/13/2019 10:46:52 AM","0000-00","0","no battery","V"
"06/11/2023","11:42:24","9","default","547630319","OXY_CH9","46.441","min","181.752","μmol/L","Humid","22.234","deg","123401","µV","26.713","°C","1016.000","hPa","35.9","pmil","0","55.690","deg","20.000","°C","100.000","%a.s.","22.400","deg","20.000","°C","962.000","hPa","0.861","-0.02617","0.00035","0","0","13.56","Humid","35.35","0","78.50","280461.52","SABD0002000014","AAV2.0.0.13","3.0.3.1703","PSt7-10","180509-002","9/13/2019 10:46:52 AM","0000-00","0","no battery","V"
"06/11/2023","11:42:25","9","default","547630319","OXY_CH9","46.458","min","181.767","μmol/L","Humid","22.233","deg","123401","µV","26.713","°C","1016.000","hPa","35.9","pmil","0","55.690","deg","20.000","°C","100.000","%a.s.","22.400","deg","20.000","°C","962.000","hPa","0.861","-0.02617","0.00035","0","0","13.56","Humid","35.35","0","78.50","280464.96","SABD0002000014","AAV2.0.0.13","3.0.3.1703","PSt7-10","180509-002","9/13/2019 10:46:52 AM","0000-00","0","no battery","V"
"06/11/2023","11:42:26","9","default","547630319","OXY_CH9","46.475","min","181.845","μmol/L","Humid","22.228","deg","123380","µV","26.713","°C","1016.000","hPa","35.9","pmil","0","55.690","deg","20.000","°C","100.000","%a.s.","22.400","deg","20.000","°C","962.000","hPa","0.861","-0.02617","0.00035","0","0","13.56","Humid","35.35","0","78.50","280462.34","SABD0002000014","AAV2.0.0.13","3.0.3.1703","PSt7-10","180509-002","9/13/2019 10:46:52 AM","0000-00","0","no battery","V"
"06/11/2023","11:42:27","9","default","547630319","OXY_CH9","46.491","min","181.861","μmol/L","Humid","22.227","deg","123376","µV","26.713","°C","1016.000","hPa","35.9","pmil","0","55.690","deg","20.000","°C","100.000","%a.s.","22.400","deg","20.000","°C","962.000","hPa","0.861","-0.02617","0.00035","0","0","13.56","Humid","35.35","0","78.50","280459.93","SABD0002000014","AAV2.0.0.13","3.0.3.1703","PSt7-10","180509-002","9/13/2019 10:46:52 AM","0000-00","0","no battery","V"
"06/11/2023","11:42:28","9","default","547630319","OXY_CH9","46.508","min","181.877","μmol/L","Humid","22.226","deg","123368","µV","26.713","°C","1016.000","hPa","35.9","pmil","0","55.690","deg","20.000","°C","100.000","%a.s.","22.400","deg","20.000","°C","962.000","hPa","0.861","-0.02617","0.00035","0","0","13.56","Humid","35.35","0","78.50","280452.21","SABD0002000014","AAV2.0.0.13","3.0.3.1703","PSt7-10","180509-002","9/13/2019 10:46:52 AM","0000-00","0","no battery","V"
"06/11/2023","11:42:29","9","default","547630319","OXY_CH9","46.525","min","181.877","μmol/L","Humid","22.226","deg","123362","µV","26.713","°C","1016.000","hPa","35.9","pmil","0","55.690","deg","20.000","°C","100.000","%a.s.","22.400","deg","20.000","°C","962.000","hPa","0.861","-0.02617","0.00035","0","0","13.56","Humid","35.35","0","78.50","280473.39","SABD0002000014","AAV2.0.0.13","3.0.3.1703","PSt7-10","180509-002","9/13/2019 10:46:52 AM","0000-00","0","no battery","V"
"06/11/2023","11:42:30","9","default","547630319","OXY_CH9","46.541","min","181.892","μmol/L","Humid","22.225","deg","123349","µV","26.713","°C","1016.000","hPa","35.9","pmil","0","55.690","deg","20.000","°C","100.000","%a.s.","22.400","deg","20.000","°C","962.000","hPa","0.861","-0.02617","0.00035","0","0","13.56","Humid","35.35","0","78.50","280464.34","SABD0002000014","AAV2.0.0.13","3.0.3.1703","PSt7-10","180509-002","9/13/2019 10:46:52 AM","0000-00","0","no battery","V"
"06/11/2023","11:42:31","9","default","547630319","OXY_CH9","46.558","min","181.941","μmol/L","Humid","22.224","deg","123341","µV","26.707","°C","1016.000","hPa","35.9","pmil","0","55.690","deg","20.000","°C","100.000","%a.s.","22.400","deg","20.000","°C","962.000","hPa","0.861","-0.02617","0.00035","0","0","13.56","Humid","35.35","0","78.50","280455.67","SABD0002000014","AAV2.0.0.13","3.0.3.1703","PSt7-10","180509-002","9/13/2019 10:46:52 AM","0000-00","0","no battery","V"
"06/11/2023","11:42:32","9","default","547630319","OXY_CH9","46.575","min","181.925","μmol/L","Humid","22.225","deg","123334","µV","26.707","°C","1016.000","hPa","35.9","pmil","0","55.690","deg","20.000","°C","100.000","%a.s.","22.400","deg","20.000","°C","962.000","hPa","0.861","-0.02617","0.00035","0","0","13.56","Humid","35.35","0","78.50","280460.33","SABD0002000014","AAV2.0.0.13","3.0.3.1703","PSt7-10","180509-002","9/13/2019 10:46:52 AM","0000-00","0","no battery","V"
"06/11/2023","11:42:33","9","default","547630319","OXY_CH9","46.591","min","182.019","μmol/L","Humid","22.219","deg","123326","µV","26.707","°C","1016.000","hPa","35.9","pmil","0","55.690","deg","20.000","°C","100.000","%a.s.","22.400","deg","20.000","°C","962.000","hPa","0.861","-0.02617","0.00035","0","0","13.56","Humid","35.35","0","78.50","280463.16","SABD0002000014","AAV2.0.0.13","3.0.3.1703","PSt7-10","180509-002","9/13/2019 10:46:52 AM","0000-00","0","no battery","V"
"06/11/2023","11:42:34","9","default","547630319","OXY_CH9","46.608","min","181.924","μmol/L","Humid","22.223","deg","123321","µV","26.713","°C","1016.000","hPa","35.9","pmil","0","55.690","deg","20.000","°C","100.000","%a.s.","22.400","deg","20.000","°C","962.000","hPa","0.861","-0.02617","0.00035","0","0","13.56","Humid","35.35","0","78.50","280460.84","SABD0002000014","AAV2.0.0.13","3.0.3.1703","PSt7-10","180509-002","9/13/2019 10:46:52 AM","0000-00","0","no battery","V"
"06/11/2023","11:42:35","9","default","547630319","OXY_CH9","46.625","min","181.972","μmol/L","Humid","22.222","deg","123309","µV","26.707","°C","1016.000","hPa","35.9","pmil","0","55.690","deg","20.000","°C","100.000","%a.s.","22.400","deg","20.000","°C","962.000","hPa","0.861","-0.02617","0.00035","0","0","13.56","Humid","35.35","0","78.50","280446.53","SABD0002000014","AAV2.0.0.13","3.0.3.1703","PSt7-10","180509-002","9/13/2019 10:46:52 AM","0000-00","0","no battery","V"
"06/11/2023","11:42:36","9","default","547630319","OXY_CH9","46.641","min","181.939","μmol/L","Humid","22.222","deg","123307","µV","26.713","°C","1016.000","hPa","35.9","pmil","0","55.690","deg","20.000","°C","100.000","%a.s.","22.400","deg","20.000","°C","962.000","hPa","0.861","-0.02617","0.00035","0","0","13.56","Humid","35.35","0","78.50","280460.63","SABD0002000014","AAV2.0.0.13","3.0.3.1703","PSt7-10","180509-002","9/13/2019 10:46:52 AM","0000-00","0","no battery","V"
"06/11/2023","11:42:37","9","default","547630319","OXY_CH9","46.658","min","182.066","μmol/L","Humid","22.216","deg","123297","µV","26.707","°C","1016.000","hPa","35.9","pmil","0","55.690","deg","20.000","°C","100.000","%a.s.","22.400","deg","20.000","°C","962.000","hPa","0.861","-0.02617","0.00035","0","0","13.56","Humid","35.35","0","78.50","280455.76","SABD0002000014","AAV2.0.0.13","3.0.3.1703","PSt7-10","180509-002","9/13/2019 10:46:52 AM","0000-00","0","no battery","V"
"06/11/2023","11:42:38","9","default","547630319","OXY_CH9","46.675","min","181.986","μmol/L","Humid","22.219","deg","123291","µV","26.713","°C","1016.000","hPa","35.9","pmil","0","55.690","deg","20.000","°C","100.000","%a.s.","22.400","deg","20.000","°C","962.000","hPa","0.861","-0.02617","0.00035","0","0","13.56","Humid","35.35","0","78.50","280459.38","SABD0002000014","AAV2.0.0.13","3.0.3.1703","PSt7-10","180509-002","9/13/2019 10:46:52 AM","0000-00","0","no battery","V"
"06/11/2023","11:42:39","9","default","547630319","OXY_CH9","46.692","min","182.017","μmol/L","Humid","22.217","deg","123282","µV","26.713","°C","1016.000","hPa","35.9","pmil","0","55.690","deg","20.000","°C","100.000","%a.s.","22.400","deg","20.000","°C","962.000","hPa","0.861","-0.02617","0.00035","0","0","13.56","Humid","35.35","0","78.50","280452.24","SABD0002000014","AAV2.0.0.13","3.0.3.1703","PSt7-10","180509-002","9/13/2019 10:46:52 AM","0000-00","0","no battery","V"
"06/11/2023","11:42:40","9","default","547630319","OXY_CH9","46.708","min","182.097","μmol/L","Humid","22.214","deg","123277","µV","26.707","°C","1016.000","hPa","35.9","pmil","0","55.690","deg","20.000","°C","100.000","%a.s.","22.400","deg","20.000","°C","962.000","hPa","0.861","-0.02617","0.00035","0","0","13.56","Humid","35.35","0","78.50","280451.74","SABD0002000014","AAV2.0.0.13","3.0.3.1703","PSt7-10","180509-002","9/13/2019 10:46:52 AM","0000-00","0","no battery","V"
"06/11/2023","11:42:41","9","default","547630319","OXY_CH9","46.725","min","182.063","μmol/L","Humid","22.212","deg","123267","µV","26.720","°C","1016.000","hPa","35.9","pmil","0","55.690","deg","20.000","°C","100.000","%a.s.","22.400","deg","20.000","°C","962.000","hPa","0.861","-0.02617","0.00035","0","0","13.56","Humid","35.35","0","78.50","280455.47","SABD0002000014","AAV2.0.0.13","3.0.3.1703","PSt7-10","180509-002","9/13/2019 10:46:52 AM","0000-00","0","no battery","V"
"06/11/2023","11:42:42","9","default","547630319","OXY_CH9","46.742","min","182.127","μmol/L","Humid","22.210","deg","123254","µV","26.713","°C","1016.000","hPa","35.9","pmil","0","55.690","deg","20.000","°C","100.000","%a.s.","22.400","deg","20.000","°C","962.000","hPa","0.861","-0.02617","0.00035","0","0","13.56","Humid","35.35","0","78.50","280447.91","SABD0002000014","AAV2.0.0.13","3.0.3.1703","PSt7-10","180509-002","9/13/2019 10:46:52 AM","0000-00","0","no battery","V"
"06/11/2023","11:42:43","9","default","547630319","OXY_CH9","46.758","min","182.143","μmol/L","Humid","22.209","deg","123256","µV","26.713","°C","1016.000","hPa","35.9","pmil","0","55.690","deg","20.000","°C","100.000","%a.s.","22.400","deg","20.000","°C","962.000","hPa","0.861","-0.02617","0.00035","0","0","13.56","Humid","35.35","0","78.50","280473.22","SABD0002000014","AAV2.0.0.13","3.0.3.1703","PSt7-10","180509-002","9/13/2019 10:46:52 AM","0000-00","0","no battery","V"
"06/11/2023","11:42:44","9","default","547630319","OXY_CH9","46.775","min","182.127","μmol/L","Humid","22.210","deg","123253","µV","26.713","°C","1016.000","hPa","35.9","pmil","0","55.690","deg","20.000","°C","100.000","%a.s.","22.400","deg","20.000","°C","962.000","hPa","0.861","-0.02617","0.00035","0","0","13.56","Humid","35.35","0","78.50","280454.52","SABD0002000014","AAV2.0.0.13","3.0.3.1703","PSt7-10","180509-002","9/13/2019 10:46:52 AM","0000-00","0","no battery","V"
"06/11/2023","11:42:45","9","default","547630319","OXY_CH9","46.792","min","182.125","μmol/L","Humid","22.208","deg","123242","µV","26.720","°C","1016.000","hPa","35.9","pmil","0","55.690","deg","20.000","°C","100.000","%a.s.","22.400","deg","20.000","°C","962.000","hPa","0.861","-0.02617","0.00035","0","0","13.56","Humid","35.35","0","78.50","280462.52","SABD0002000014","AAV2.0.0.13","3.0.3.1703","PSt7-10","180509-002","9/13/2019 10:46:52 AM","0000-00","0","no battery","V"
"06/11/2023","11:42:46","9","default","547630319","OXY_CH9","46.808","min","182.238","μmol/L","Humid","22.205","deg","123229","µV","26.707","°C","1016.000","hPa","35.9","pmil","0","55.690","deg","20.000","°C","100.000","%a.s.","22.400","deg","20.000","°C","962.000","hPa","0.861","-0.02617","0.00035","0","0","13.56","Humid","35.35","0","78.50","280450.54","SABD0002000014","AAV2.0.0.13","3.0.3.1703","PSt7-10","180509-002","9/13/2019 10:46:52 AM","0000-00","0","no battery","V"
"06/11/2023","11:42:47","9","default","547630319","OXY_CH9","46.825","min","182.190","μmol/L","Humid","22.206","deg","123225","µV","26.713","°C","1016.000","hPa","35.9","pmil","0","55.690","deg","20.000","°C","100.000","%a.s.","22.400","deg","20.000","°C","962.000","hPa","0.861","-0.02617","0.00035","0","0","13.56","Humid","35.35","0","78.50","280456.18","SABD0002000014","AAV2.0.0.13","3.0.3.1703","PSt7-10","180509-002","9/13/2019 10:46:52 AM","0000-00","0","no battery","V"
"06/11/2023","11:42:48","9","default","547630319","OXY_CH9","46.842","min","182.204","μmol/L","Humid","22.203","deg","123219","µV","26.720","°C","1016.000","hPa","35.9","pmil","0","55.690","deg","20.000","°C","100.000","%a.s.","22.400","deg","20.000","°C","962.000","hPa","0.861","-0.02617","0.00035","0","0","13.56","Humid","35.35","0","78.50","280463.43","SABD0002000014","AAV2.0.0.13","3.0.3.1703","PSt7-10","180509-002","9/13/2019 10:46:52 AM","0000-00","0","no battery","V"
"06/11/2023","11:42:49","9","default","547630319","OXY_CH9","46.858","min","182.286","μmol/L","Humid","22.202","deg","123204","µV","26.707","°C","1016.000","hPa","35.9","pmil","0","55.690","deg","20.000","°C","100.000","%a.s.","22.400","deg","20.000","°C","962.000","hPa","0.861","-0.02617","0.00035","0","0","13.56","Humid","35.35","0","78.50","280455.01","SABD0002000014","AAV2.0.0.13","3.0.3.1703","PSt7-10","180509-002","9/13/2019 10:46:52 AM","0000-00","0","no battery","V"
"06/11/2023","11:42:50","9","default","547630319","OXY_CH9","46.875","min","182.268","μmol/L","Humid","22.201","deg","123197","µV","26.713","°C","1016.000","hPa","35.9","pmil","0","55.690","deg","20.000","°C","100.000","%a.s.","22.400","deg","20.000","°C","962.000","hPa","0.861","-0.02617","0.00035","0","0","13.56","Humid","35.35","0","78.50","280468.57","SABD0002000014","AAV2.0.0.13","3.0.3.1703","PSt7-10","180509-002","9/13/2019 10:46:52 AM","0000-00","0","no battery","V"
"06/11/2023","11:42:51","9","default","547630319","OXY_CH9","46.892","min","182.348","μmol/L","Humid","22.198","deg","123190","µV","26.707","°C","1016.000","hPa","35.9","pmil","0","55.690","deg","20.000","°C","100.000","%a.s.","22.400","deg","20.000","°C","962.000","hPa","0.861","-0.02617","0.00035","0","0","13.56","Humid","35.35","0","78.50","280455.35","SABD0002000014","AAV2.0.0.13","3.0.3.1703","PSt7-10","180509-002","9/13/2019 10:46:52 AM","0000-00","0","no battery","V"
"06/11/2023","11:42:52","9","default","547630319","OXY_CH9","46.908","min","182.284","μmol/L","Humid","22.200","deg","123183","µV","26.713","°C","1016.000","hPa","35.9","pmil","0","55.690","deg","20.000","°C","100.000","%a.s.","22.400","deg","20.000","°C","962.000","hPa","0.861","-0.02617","0.00035","0","0","13.56","Humid","35.35","0","78.50","280455.02","SABD0002000014","AAV2.0.0.13","3.0.3.1703","PSt7-10","180509-002","9/13/2019 10:46:52 AM","0000-00","0","no battery","V"
"06/11/2023","11:42:53","9","default","547630319","OXY_CH9","46.925","min","182.315","μmol/L","Humid","22.198","deg","123173","µV","26.713","°C","1016.000","hPa","35.9","pmil","0","55.690","deg","20.000","°C","100.000","%a.s.","22.400","deg","20.000","°C","962.000","hPa","0.861","-0.02617","0.00035","0","0","13.56","Humid","35.35","0","78.50","280449.61","SABD0002000014","AAV2.0.0.13","3.0.3.1703","PSt7-10","180509-002","9/13/2019 10:46:52 AM","0000-00","0","no battery","V"
"06/11/2023","11:42:54","9","default","547630319","OXY_CH9","46.942","min","182.347","μmol/L","Humid","22.196","deg","123176","µV","26.713","°C","1016.000","hPa","35.9","pmil","0","55.690","deg","20.000","°C","100.000","%a.s.","22.400","deg","20.000","°C","962.000","hPa","0.861","-0.02617","0.00035","0","0","13.56","Humid","35.35","0","78.50","280447.18","SABD0002000014","AAV2.0.0.13","3.0.3.1703","PSt7-10","180509-002","9/13/2019 10:46:52 AM","0000-00","0","no battery","V"
"06/11/2023","11:42:55","9","default","547630319","OXY_CH9","46.958","min","182.378","μmol/L","Humid","22.194","deg","123164","µV","26.713","°C","1016.000","hPa","35.9","pmil","0","55.690","deg","20.000","°C","100.000","%a.s.","22.400","deg","20.000","°C","962.000","hPa","0.861","-0.02617","0.00035","0","0","13.56","Humid","35.35","0","78.50","280441.22","SABD0002000014","AAV2.0.0.13","3.0.3.1703","PSt7-10","180509-002","9/13/2019 10:46:52 AM","0000-00","0","no battery","V"
"06/11/2023","11:42:56","9","default","547630319","OXY_CH9","46.975","min","182.362","μmol/L","Humid","22.195","deg","123150","µV","26.713","°C","1016.000","hPa","35.9","pmil","0","55.690","deg","20.000","°C","100.000","%a.s.","22.400","deg","20.000","°C","962.000","hPa","0.861","-0.02617","0.00035","0","0","13.56","Humid","35.35","0","78.50","280450.50","SABD0002000014","AAV2.0.0.13","3.0.3.1703","PSt7-10","180509-002","9/13/2019 10:46:52 AM","0000-00","0","no battery","V"
"06/11/2023","11:42:57","9","default","547630319","OXY_CH9","46.992","min","182.378","μmol/L","Humid","22.194","deg","123137","µV","26.713","°C","1016.000","hPa","35.9","pmil","0","55.690","deg","20.000","°C","100.000","%a.s.","22.400","deg","20.000","°C","962.000","hPa","0.861","-0.02617","0.00035","0","0","13.56","Humid","35.35","0","78.50","280459.97","SABD0002000014","AAV2.0.0.13","3.0.3.1703","PSt7-10","180509-002","9/13/2019 10:46:52 AM","0000-00","0","no battery","V"
"06/11/2023","11:42:58","9","default","547630319","OXY_CH9","47.008","min","182.378","μmol/L","Humid","22.194","deg","123133","µV","26.713","°C","1016.000","hPa","35.9","pmil","0","55.690","deg","20.000","°C","100.000","%a.s.","22.400","deg","20.000","°C","962.000","hPa","0.861","-0.02617","0.00035","0","0","13.56","Humid","35.35","0","78.50","280451.44","SABD0002000014","AAV2.0.0.13","3.0.3.1703","PSt7-10","180509-002","9/13/2019 10:46:52 AM","0000-00","0","no battery","V"
"06/11/2023","11:42:59","9","default","547630319","OXY_CH9","47.025","min","182.441","μmol/L","Humid","22.190","deg","123122","µV","26.713","°C","1016.000","hPa","35.9","pmil","0","55.690","deg","20.000","°C","100.000","%a.s.","22.400","deg","20.000","°C","962.000","hPa","0.861","-0.02617","0.00035","0","0","13.56","Humid","35.35","0","78.50","280447.84","SABD0002000014","AAV2.0.0.13","3.0.3.1703","PSt7-10","180509-002","9/13/2019 10:46:52 AM","0000-00","0","no battery","V"
"06/11/2023","11:43:00","9","default","547630319","OXY_CH9","47.041","min","182.441","μmol/L","Humid","22.190","deg","123121","µV","26.713","°C","1016.000","hPa","35.9","pmil","0","55.690","deg","20.000","°C","100.000","%a.s.","22.400","deg","20.000","°C","962.000","hPa","0.861","-0.02617","0.00035","0","0","13.56","Humid","35.35","0","78.50","280440.12","SABD0002000014","AAV2.0.0.13","3.0.3.1703","PSt7-10","180509-002","9/13/2019 10:46:52 AM","0000-00","0","no battery","V"
"06/11/2023","11:43:01","9","default","547630319","OXY_CH9","47.058","min","182.456","μmol/L","Humid","22.189","deg","123111","µV","26.713","°C","1016.000","hPa","35.9","pmil","0","55.690","deg","20.000","°C","100.000","%a.s.","22.400","deg","20.000","°C","962.000","hPa","0.861","-0.02617","0.00035","0","0","13.56","Humid","35.35","0","78.50","280446.24","SABD0002000014","AAV2.0.0.13","3.0.3.1703","PSt7-10","180509-002","9/13/2019 10:46:52 AM","0000-00","0","no battery","V"
"06/11/2023","11:43:02","9","default","547630319","OXY_CH9","47.075","min","182.504","μmol/L","Humid","22.186","deg","123108","µV","26.713","°C","1016.000","hPa","35.9","pmil","0","55.690","deg","20.000","°C","100.000","%a.s.","22.400","deg","20.000","°C","962.000","hPa","0.861","-0.02617","0.00035","0","0","13.56","Humid","35.35","0","78.50","280458.44","SABD0002000014","AAV2.0.0.13","3.0.3.1703","PSt7-10","180509-002","9/13/2019 10:46:52 AM","0000-00","0","no battery","V"
"06/11/2023","11:43:03","9","default","547630319","OXY_CH9","47.091","min","182.551","μmol/L","Humid","22.183","deg","123094","µV","26.713","°C","1016.000","hPa","35.9","pmil","0","55.690","deg","20.000","°C","100.000","%a.s.","22.400","deg","20.000","°C","962.000","hPa","0.861","-0.02617","0.00035","0","0","13.56","Humid","35.35","0","78.50","280447.16","SABD0002000014","AAV2.0.0.13","3.0.3.1703","PSt7-10","180509-002","9/13/2019 10:46:52 AM","0000-00","0","no battery","V"
"06/11/2023","11:43:04","9","default","547630319","OXY_CH9","47.108","min","182.551","μmol/L","Humid","22.183","deg","123087","µV","26.713","°C","1016.000","hPa","35.9","pmil","0","55.690","deg","20.000","°C","100.000","%a.s.","22.400","deg","20.000","°C","962.000","hPa","0.861","-0.02617","0.00035","0","0","13.56","Humid","35.35","0","78.50","280450.44","SABD0002000014","AAV2.0.0.13","3.0.3.1703","PSt7-10","180509-002","9/13/2019 10:46:52 AM","0000-00","0","no battery","V"
"06/11/2023","11:43:05","9","default","547630319","OXY_CH9","47.125","min","182.614","μmol/L","Humid","22.179","deg","123071","µV","26.713","°C","1016.000","hPa","35.9","pmil","0","55.690","deg","20.000","°C","100.000","%a.s.","22.400","deg","20.000","°C","962.000","hPa","0.861","-0.02617","0.00035","0","0","13.56","Humid","35.35","0","78.50","280444.30","SABD0002000014","AAV2.0.0.13","3.0.3.1703","PSt7-10","180509-002","9/13/2019 10:46:52 AM","0000-00","0","no battery","V"
"06/11/2023","11:43:06","9","default","547630319","OXY_CH9","47.141","min","182.631","μmol/L","Humid","22.180","deg","123064","µV","26.707","°C","1016.000","hPa","35.9","pmil","0","55.690","deg","20.000","°C","100.000","%a.s.","22.400","deg","20.000","°C","962.000","hPa","0.861","-0.02617","0.00035","0","0","13.56","Humid","35.35","0","78.50","280445.06","SABD0002000014","AAV2.0.0.13","3.0.3.1703","PSt7-10","180509-002","9/13/2019 10:46:52 AM","0000-00","0","no battery","V"
"06/11/2023","11:43:07","9","default","547630319","OXY_CH9","47.158","min","182.549","μmol/L","Humid","22.181","deg","123058","µV","26.720","°C","1016.000","hPa","35.9","pmil","0","55.690","deg","20.000","°C","100.000","%a.s.","22.400","deg","20.000","°C","962.000","hPa","0.861","-0.02617","0.00035","0","0","13.56","Humid","35.35","0","78.50","280450.73","SABD0002000014","AAV2.0.0.13","3.0.3.1703","PSt7-10","180509-002","9/13/2019 10:46:52 AM","0000-00","0","no battery","V"
"06/11/2023","11:43:08","9","default","547630319","OXY_CH9","47.174","min","182.647","μmol/L","Humid","22.179","deg","123043","µV","26.707","°C","1016.000","hPa","35.9","pmil","0","55.690","deg","20.000","°C","100.000","%a.s.","22.400","deg","20.000","°C","962.000","hPa","0.861","-0.02617","0.00035","0","0","13.56","Humid","35.35","0","78.50","280442.20","SABD0002000014","AAV2.0.0.13","3.0.3.1703","PSt7-10","180509-002","9/13/2019 10:46:52 AM","0000-00","0","no battery","V"
"06/11/2023","11:43:09","9","default","547630319","OXY_CH9","47.192","min","182.678","μmol/L","Humid","22.177","deg","123037","µV","26.707","°C","1016.000","hPa","35.9","pmil","0","55.690","deg","20.000","°C","100.000","%a.s.","22.400","deg","20.000","°C","962.000","hPa","0.861","-0.02617","0.00035","0","0","13.56","Humid","35.35","0","78.50","280454.50","SABD0002000014","AAV2.0.0.13","3.0.3.1703","PSt7-10","180509-002","9/13/2019 10:46:52 AM","0000-00","0","no battery","V"
"06/11/2023","11:43:10","9","default","547630319","OXY_CH9","47.208","min","182.645","μmol/L","Humid","22.177","deg","123028","µV","26.713","°C","1016.000","hPa","35.9","pmil","0","55.690","deg","20.000","°C","100.000","%a.s.","22.400","deg","20.000","°C","962.000","hPa","0.861","-0.02617","0.00035","0","0","13.56","Humid","35.35","0","78.50","280447.87","SABD0002000014","AAV2.0.0.13","3.0.3.1703","PSt7-10","180509-002","9/13/2019 10:46:52 AM","0000-00","0","no battery","V"
"06/11/2023","11:43:11","9","default","547630319","OXY_CH9","47.225","min","182.676","μmol/L","Humid","22.175","deg","123025","µV","26.713","°C","1016.000","hPa","35.9","pmil","0","55.690","deg","20.000","°C","100.000","%a.s.","22.400","deg","20.000","°C","962.000","hPa","0.861","-0.02617","0.00035","0","0","13.56","Humid","35.35","0","78.50","280445.24","SABD0002000014","AAV2.0.0.13","3.0.3.1703","PSt7-10","180509-002","9/13/2019 10:46:52 AM","0000-00","0","no battery","V"
"06/11/2023","11:43:12","9","default","547630319","OXY_CH9","47.242","min","182.645","μmol/L","Humid","22.177","deg","123017","µV","26.713","°C","1016.000","hPa","35.9","pmil","0","55.690","deg","20.000","°C","100.000","%a.s.","22.400","deg","20.000","°C","962.000","hPa","0.861","-0.02617","0.00035","0","0","13.56","Humid","35.35","0","78.50","280466.48","SABD0002000014","AAV2.0.0.13","3.0.3.1703","PSt7-10","180509-002","9/13/2019 10:46:52 AM","0000-00","0","no battery","V"
"06/11/2023","11:43:13","9","default","547630319","OXY_CH9","47.258","min","182.788","μmol/L","Humid","22.170","deg","123009","µV","26.707","°C","1016.000","hPa","35.9","pmil","0","55.690","deg","20.000","°C","100.000","%a.s.","22.400","deg","20.000","°C","962.000","hPa","0.861","-0.02617","0.00035","0","0","13.56","Humid","35.35","0","78.50","280451.22","SABD0002000014","AAV2.0.0.13","3.0.3.1703","PSt7-10","180509-002","9/13/2019 10:46:52 AM","0000-00","0","no battery","V"
"06/11/2023","11:43:14","9","default","547630319","OXY_CH9","47.275","min","182.787","μmol/L","Humid","22.168","deg","122995","µV","26.713","°C","1016.000","hPa","35.9","pmil","0","55.690","deg","20.000","°C","100.000","%a.s.","22.400","deg","20.000","°C","962.000","hPa","0.861","-0.02617","0.00035","0","0","13.56","Humid","35.35","0","78.50","280439.85","SABD0002000014","AAV2.0.0.13","3.0.3.1703","PSt7-10","180509-002","9/13/2019 10:46:52 AM","0000-00","0","no battery","V"
"06/11/2023","11:43:15","9","default","547630319","OXY_CH9","47.291","min","182.722","μmol/L","Humid","22.170","deg","122991","µV","26.720","°C","1016.000","hPa","35.9","pmil","0","55.690","deg","20.000","°C","100.000","%a.s.","22.400","deg","20.000","°C","962.000","hPa","0.861","-0.02617","0.00035","0","0","13.56","Humid","35.35","0","78.50","280440.05","SABD0002000014","AAV2.0.0.13","3.0.3.1703","PSt7-10","180509-002","9/13/2019 10:46:52 AM","0000-00","0","no battery","V"
"06/11/2023","11:43:16","9","default","547630319","OXY_CH9","47.309","min","182.771","μmol/L","Humid","22.169","deg","122981","µV","26.713","°C","1016.000","hPa","35.9","pmil","0","55.690","deg","20.000","°C","100.000","%a.s.","22.400","deg","20.000","°C","962.000","hPa","0.861","-0.02617","0.00035","0","0","13.56","Humid","35.35","0","78.50","280447.41","SABD0002000014","AAV2.0.0.13","3.0.3.1703","PSt7-10","180509-002","9/13/2019 10:46:52 AM","0000-00","0","no battery","V"
"06/11/2023","11:43:17","9","default","547630319","OXY_CH9","47.325","min","182.850","μmol/L","Humid","22.164","deg","122975","µV","26.713","°C","1016.000","hPa","35.9","pmil","0","55.690","deg","20.000","°C","100.000","%a.s.","22.400","deg","20.000","°C","962.000","hPa","0.861","-0.02617","0.00035","0","0","13.56","Humid","35.35","0","78.50","280449.62","SABD0002000014","AAV2.0.0.13","3.0.3.1703","PSt7-10","180509-002","9/13/2019 10:46:52 AM","0000-00","0","no battery","V"
"06/11/2023","11:43:18","9","default","547630319","OXY_CH9","47.342","min","182.883","μmol/L","Humid","22.164","deg","122976","µV","26.707","°C","1016.000","hPa","35.9","pmil","0","55.690","deg","20.000","°C","100.000","%a.s.","22.400","deg","20.000","°C","962.000","hPa","0.861","-0.02617","0.00035","0","0","13.56","Humid","35.35","0","78.50","280464.72","SABD0002000014","AAV2.0.0.13","3.0.3.1703","PSt7-10","180509-002","9/13/2019 10:46:52 AM","0000-00","0","no battery","V"
"06/11/2023","11:43:19","9","default","547630319","OXY_CH9","47.358","min","182.801","μmol/L","Humid","22.165","deg","122962","µV","26.720","°C","1016.000","hPa","35.9","pmil","0","55.690","deg","20.000","°C","100.000","%a.s.","22.400","deg","20.000","°C","962.000","hPa","0.861","-0.02617","0.00035","0","0","13.56","Humid","35.35","0","78.50","280438.83","SABD0002000014","AAV2.0.0.13","3.0.3.1703","PSt7-10","180509-002","9/13/2019 10:46:52 AM","0000-00","0","no battery","V"
"06/11/2023","11:43:20","9","default","547630319","OXY_CH9","47.375","min","182.832","μmol/L","Humid","22.163","deg","122947","µV","26.720","°C","1016.000","hPa","35.9","pmil","0","55.690","deg","20.000","°C","100.000","%a.s.","22.400","deg","20.000","°C","962.000","hPa","0.861","-0.02617","0.00035","0","0","13.56","Humid","35.35","0","78.50","280440.62","SABD0002000014","AAV2.0.0.13","3.0.3.1703","PSt7-10","180509-002","9/13/2019 10:46:52 AM","0000-00","0","no battery","V"
"06/11/2023","11:43:21","9","default","547630319","OXY_CH9","47.392","min","182.883","μmol/L","Humid","22.164","deg","122946","µV","26.707","°C","1016.000","hPa","35.9","pmil","0","55.690","deg","20.000","°C","100.000","%a.s.","22.400","deg","20.000","°C","962.000","hPa","0.861","-0.02617","0.00035","0","0","13.56","Humid","35.35","0","78.50","280444.21","SABD0002000014","AAV2.0.0.13","3.0.3.1703","PSt7-10","180509-002","9/13/2019 10:46:52 AM","0000-00","0","no battery","V"
"06/11/2023","11:43:22","9","default","547630319","OXY_CH9","47.409","min","182.913","μmol/L","Humid","22.160","deg","122931","µV","26.713","°C","1016.000","hPa","35.9","pmil","0","55.690","deg","20.000","°C","100.000","%a.s.","22.400","deg","20.000","°C","962.000","hPa","0.861","-0.02617","0.00035","0","0","13.56","Humid","35.35","0","78.50","280438.26","SABD0002000014","AAV2.0.0.13","3.0.3.1703","PSt7-10","180509-002","9/13/2019 10:46:52 AM","0000-00","0","no battery","V"
"06/11/2023","11:43:23","9","default","547630319","OXY_CH9","47.425","min","182.897","μmol/L","Humid","22.161","deg","122925","µV","26.713","°C","1016.000","hPa","35.9","pmil","0","55.690","deg","20.000","°C","100.000","%a.s.","22.400","deg","20.000","°C","962.000","hPa","0.861","-0.02617","0.00035","0","0","13.56","Humid","35.35","0","78.50","280442.21","SABD0002000014","AAV2.0.0.13","3.0.3.1703","PSt7-10","180509-002","9/13/2019 10:46:52 AM","0000-00","0","no battery","V"
"06/11/2023","11:43:24","9","default","547630319","OXY_CH9","47.442","min","182.927","μmol/L","Humid","22.157","deg","122919","µV","26.720","°C","1016.000","hPa","35.9","pmil","0","55.690","deg","20.000","°C","100.000","%a.s.","22.400","deg","20.000","°C","962.000","hPa","0.861","-0.02617","0.00035","0","0","13.56","Humid","35.35","0","78.50","280456.41","SABD0002000014","AAV2.0.0.13","3.0.3.1703","PSt7-10","180509-002","9/13/2019 10:46:52 AM","0000-00","0","no battery","V"
"06/11/2023","11:43:25","9","default","547630319","OXY_CH9","47.459","min","182.958","μmol/L","Humid","22.155","deg","122913","µV","26.720","°C","1016.000","hPa","35.9","pmil","0","55.690","deg","20.000","°C","100.000","%a.s.","22.400","deg","20.000","°C","962.000","hPa","0.861","-0.02617","0.00035","0","0","13.56","Humid","35.35","0","78.50","280453.79","SABD0002000014","AAV2.0.0.13","3.0.3.1703","PSt7-10","180509-002","9/13/2019 10:46:52 AM","0000-00","0","no battery","V"
"06/11/2023","11:43:26","9","default","547630319","OXY_CH9","47.475","min","183.088","μmol/L","Humid","22.151","deg","122894","µV","26.707","°C","1016.000","hPa","35.9","pmil","0","55.690","deg","20.000","°C","100.000","%a.s.","22.400","deg","20.000","°C","962.000","hPa","0.861","-0.02617","0.00035","0","0","13.56","Humid","35.35","0","78.50","280434.54","SABD0002000014","AAV2.0.0.13","3.0.3.1703","PSt7-10","180509-002","9/13/2019 10:46:52 AM","0000-00","0","no battery","V"
"06/11/2023","11:43:27","9","default","547630319","OXY_CH9","47.492","min","183.054","μmol/L","Humid","22.151","deg","122888","µV","26.713","°C","1016.000","hPa","35.9","pmil","0","55.690","deg","20.000","°C","100.000","%a.s.","22.400","deg","20.000","°C","962.000","hPa","0.861","-0.02617","0.00035","0","0","13.56","Humid","35.35","0","78.50","280453.87","SABD0002000014","AAV2.0.0.13","3.0.3.1703","PSt7-10","180509-002","9/13/2019 10:46:52 AM","0000-00","0","no battery","V"
"06/11/2023","11:43:28","9","default","547630319","OXY_CH9","47.509","min","183.039","μmol/L","Humid","22.152","deg","122880","µV","26.713","°C","1016.000","hPa","35.9","pmil","0","55.690","deg","20.000","°C","100.000","%a.s.","22.400","deg","20.000","°C","962.000","hPa","0.861","-0.02617","0.00035","0","0","13.56","Humid","35.35","0","78.50","280438.58","SABD0002000014","AAV2.0.0.13","3.0.3.1703","PSt7-10","180509-002","9/13/2019 10:46:52 AM","0000-00","0","no battery","V"
"06/11/2023","11:43:29","9","default","547630319","OXY_CH9","47.525","min","183.005","μmol/L","Humid","22.152","deg","122868","µV","26.720","°C","1016.000","hPa","35.9","pmil","0","55.690","deg","20.000","°C","100.000","%a.s.","22.400","deg","20.000","°C","962.000","hPa","0.861","-0.02617","0.00035","0","0","13.56","Humid","35.35","0","78.50","280434.28","SABD0002000014","AAV2.0.0.13","3.0.3.1703","PSt7-10","180509-002","9/13/2019 10:46:52 AM","0000-00","0","no battery","V"
"06/11/2023","11:43:30","9","default","547630319","OXY_CH9","47.542","min","183.102","μmol/L","Humid","22.148","deg","122864","µV","26.713","°C","1016.000","hPa","35.9","pmil","0","55.690","deg","20.000","°C","100.000","%a.s.","22.400","deg","20.000","°C","962.000","hPa","0.861","-0.02617","0.00035","0","0","13.56","Humid","35.35","0","78.50","280429.97","SABD0002000014","AAV2.0.0.13","3.0.3.1703","PSt7-10","180509-002","9/13/2019 10:46:52 AM","0000-00","0","no battery","V"
"06/11/2023","11:43:31","9","default","547630319","OXY_CH9","47.559","min","183.084","μmol/L","Humid","22.147","deg","122856","µV","26.720","°C","1016.000","hPa","35.9","pmil","0","55.690","deg","20.000","°C","100.000","%a.s.","22.400","deg","20.000","°C","962.000","hPa","0.861","-0.02617","0.00035","0","0","13.56","Humid","35.35","0","78.50","280426.79","SABD0002000014","AAV2.0.0.13","3.0.3.1703","PSt7-10","180509-002","9/13/2019 10:46:52 AM","0000-00","0","no battery","V"
"06/11/2023","11:43:32","9","default","547630319","OXY_CH9","47.575","min","183.088","μmol/L","Humid","22.151","deg","122837","µV","26.707","°C","1016.000","hPa","35.9","pmil","0","55.690","deg","20.000","°C","100.000","%a.s.","22.400","deg","20.000","°C","962.000","hPa","0.861","-0.02617","0.00035","0","0","13.56","Humid","35.35","0","78.50","280430.77","SABD0002000014","AAV2.0.0.13","3.0.3.1703","PSt7-10","180509-002","9/13/2019 10:46:52 AM","0000-00","0","no battery","V"
"06/11/2023","11:43:33","9","default","547630319","OXY_CH9","47.592","min","183.198","μmol/L","Humid","22.144","deg","122843","µV","26.707","°C","1016.000","hPa","35.9","pmil","0","55.690","deg","20.000","°C","100.000","%a.s.","22.400","deg","20.000","°C","962.000","hPa","0.861","-0.02617","0.00035","0","0","13.56","Humid","35.35","0","78.50","280438.06","SABD0002000014","AAV2.0.0.13","3.0.3.1703","PSt7-10","180509-002","9/13/2019 10:46:52 AM","0000-00","0","no battery","V"
"06/11/2023","11:43:34","9","default","547630319","OXY_CH9","47.609","min","183.228","μmol/L","Humid","22.140","deg","122828","µV","26.713","°C","1016.000","hPa","35.9","pmil","0","55.690","deg","20.000","°C","100.000","%a.s.","22.400","deg","20.000","°C","962.000","hPa","0.861","-0.02617","0.00035","0","0","13.56","Humid","35.35","0","78.50","280435.86","SABD0002000014","AAV2.0.0.13","3.0.3.1703","PSt7-10","180509-002","9/13/2019 10:46:52 AM","0000-00","0","no battery","V"
"06/11/2023","11:43:35","9","default","547630319","OXY_CH9","47.625","min","183.198","μmol/L","Humid","22.144","deg","122821","µV","26.707","°C","1016.000","hPa","35.9","pmil","0","55.690","deg","20.000","°C","100.000","%a.s.","22.400","deg","20.000","°C","962.000","hPa","0.861","-0.02617","0.00035","0","0","13.56","Humid","35.35","0","78.50","280437.01","SABD0002000014","AAV2.0.0.13","3.0.3.1703","PSt7-10","180509-002","9/13/2019 10:46:52 AM","0000-00","0","no battery","V"
"06/11/2023","11:43:36","9","default","547630319","OXY_CH9","47.641","min","183.196","μmol/L","Humid","22.142","deg","122814","µV","26.713","°C","1016.000","hPa","35.9","pmil","0","55.690","deg","20.000","°C","100.000","%a.s.","22.400","deg","20.000","°C","962.000","hPa","0.861","-0.02617","0.00035","0","0","13.56","Humid","35.35","0","78.50","280446.51","SABD0002000014","AAV2.0.0.13","3.0.3.1703","PSt7-10","180509-002","9/13/2019 10:46:52 AM","0000-00","0","no battery","V"
"06/11/2023","11:43:37","9","default","547630319","OXY_CH9","47.658","min","183.259","μmol/L","Humid","22.138","deg","122804","µV","26.713","°C","1016.000","hPa","35.9","pmil","0","55.690","deg","20.000","°C","100.000","%a.s.","22.400","deg","20.000","°C","962.000","hPa","0.861","-0.02617","0.00035","0","0","13.56","Humid","35.35","0","78.50","280443.72","SABD0002000014","AAV2.0.0.13","3.0.3.1703","PSt7-10","180509-002","9/13/2019 10:46:52 AM","0000-00","0","no battery","V"
"06/11/2023","11:43:38","9","default","547630319","OXY_CH9","47.675","min","183.274","μmol/L","Humid","22.135","deg","122799","µV","26.720","°C","1016.000","hPa","35.9","pmil","0","55.690","deg","20.000","°C","100.000","%a.s.","22.400","deg","20.000","°C","962.000","hPa","0.861","-0.02617","0.00035","0","0","13.56","Humid","35.35","0","78.50","280432.76","SABD0002000014","AAV2.0.0.13","3.0.3.1703","PSt7-10","180509-002","9/13/2019 10:46:52 AM","0000-00","0","no battery","V"
"06/11/2023","11:43:39","9","default","547630319","OXY_CH9","47.691","min","183.228","μmol/L","Humid","22.140","deg","122786","µV","26.713","°C","1016.000","hPa","35.9","pmil","0","55.690","deg","20.000","°C","100.000","%a.s.","22.400","deg","20.000","°C","962.000","hPa","0.861","-0.02617","0.00035","0","0","13.56","Humid","35.35","0","78.50","280442.15","SABD0002000014","AAV2.0.0.13","3.0.3.1703","PSt7-10","180509-002","9/13/2019 10:46:52 AM","0000-00","0","no battery","V"
"06/11/2023","11:43:40","9","default","547630319","OXY_CH9","47.708","min","183.340","μmol/L","Humid","22.135","deg","122783","µV","26.707","°C","1016.000","hPa","35.9","pmil","0","55.690","deg","20.000","°C","100.000","%a.s.","22.400","deg","20.000","°C","962.000","hPa","0.861","-0.02617","0.00035","0","0","13.56","Humid","35.35","0","78.50","280438.05","SABD0002000014","AAV2.0.0.13","3.0.3.1703","PSt7-10","180509-002","9/13/2019 10:46:52 AM","0000-00","0","no battery","V"
"06/11/2023","11:43:41","9","default","547630319","OXY_CH9","47.724","min","183.291","μmol/L","Humid","22.136","deg","122771","µV","26.713","°C","1016.000","hPa","35.9","pmil","0","55.690","deg","20.000","°C","100.000","%a.s.","22.400","deg","20.000","°C","962.000","hPa","0.861","-0.02617","0.00035","0","0","13.56","Humid","35.35","0","78.50","280428.12","SABD0002000014","AAV2.0.0.13","3.0.3.1703","PSt7-10","180509-002","9/13/2019 10:46:52 AM","0000-00","0","no battery","V"
"06/11/2023","11:43:42","9","default","547630319","OXY_CH9","47.741","min","183.354","μmol/L","Humid","22.132","deg","122764","µV","26.713","°C","1016.000","hPa","35.9","pmil","0","55.690","deg","20.000","°C","100.000","%a.s.","22.400","deg","20.000","°C","962.000","hPa","0.861","-0.02617","0.00035","0","0","13.56","Humid","35.35","0","78.50","280439.81","SABD0002000014","AAV2.0.0.13","3.0.3.1703","PSt7-10","180509-002","9/13/2019 10:46:52 AM","0000-00","0","no battery","V"
"06/11/2023","11:43:43","9","default","547630319","OXY_CH9","47.758","min","183.356","μmol/L","Humid","22.134","deg","122754","µV","26.707","°C","1016.000","hPa","35.9","pmil","0","55.690","deg","20.000","°C","100.000","%a.s.","22.400","deg","20.000","°C","962.000","hPa","0.861","-0.02617","0.00035","0","0","13.56","Humid","35.35","0","78.50","280436.44","SABD0002000014","AAV2.0.0.13","3.0.3.1703","PSt7-10","180509-002","9/13/2019 10:46:52 AM","0000-00","0","no battery","V"
"06/11/2023","11:43:44","9","default","547630319","OXY_CH9","47.774","min","183.321","μmol/L","Humid","22.132","deg","122746","µV","26.720","°C","1016.000","hPa","35.9","pmil","0","55.690","deg","20.000","°C","100.000","%a.s.","22.400","deg","20.000","°C","962.000","hPa","0.861","-0.02617","0.00035","0","0","13.56","Humid","35.35","0","78.50","280426.80","SABD0002000014","AAV2.0.0.13","3.0.3.1703","PSt7-10","180509-002","9/13/2019 10:46:52 AM","0000-00","0","no battery","V"
"06/11/2023","11:43:45","9","default","547630319","OXY_CH9","47.791","min","183.419","μmol/L","Humid","22.130","deg","122737","µV","26.707","°C","1016.000","hPa","35.9","pmil","0","55.690","deg","20.000","°C","100.000","%a.s.","22.400","deg","20.000","°C","962.000","hPa","0.861","-0.02617","0.00035","0","0","13.56","Humid","35.35","0","78.50","280436.45","SABD0002000014","AAV2.0.0.13","3.0.3.1703","PSt7-10","180509-002","9/13/2019 10:46:52 AM","0000-00","0","no battery","V"
"06/11/2023","11:43:46","9","default","547630319","OXY_CH9","47.808","min","183.449","μmol/L","Humid","22.126","deg","122734","µV","26.713","°C","1016.000","hPa","35.9","pmil","0","55.690","deg","20.000","°C","100.000","%a.s.","22.400","deg","20.000","°C","962.000","hPa","0.861","-0.02617","0.00035","0","0","13.56","Humid","35.35","0","78.50","280444.04","SABD0002000014","AAV2.0.0.13","3.0.3.1703","PSt7-10","180509-002","9/13/2019 10:46:52 AM","0000-00","0","no battery","V"
"06/11/2023","11:43:47","9","default","547630319","OXY_CH9","47.825","min","183.384","μmol/L","Humid","22.128","deg","122730","µV","26.720","°C","1016.000","hPa","35.9","pmil","0","55.690","deg","20.000","°C","100.000","%a.s.","22.400","deg","20.000","°C","962.000","hPa","0.861","-0.02617","0.00035","0","0","13.56","Humid","35.35","0","78.50","280435.92","SABD0002000014","AAV2.0.0.13","3.0.3.1703","PSt7-10","180509-002","9/13/2019 10:46:52 AM","0000-00","0","no battery","V"
"06/11/2023","11:43:48","9","default","547630319","OXY_CH9","47.841","min","183.467","μmol/L","Humid","22.127","deg","122718","µV","26.707","°C","1016.000","hPa","35.9","pmil","0","55.690","deg","20.000","°C","100.000","%a.s.","22.400","deg","20.000","°C","962.000","hPa","0.861","-0.02617","0.00035","0","0","13.56","Humid","35.35","0","78.50","280423.43","SABD0002000014","AAV2.0.0.13","3.0.3.1703","PSt7-10","180509-002","9/13/2019 10:46:52 AM","0000-00","0","no battery","V"
"06/11/2023","11:43:49","9","default","547630319","OXY_CH9","47.858","min","183.433","μmol/L","Humid","22.127","deg","122712","µV","26.713","°C","1016.000","hPa","35.9","pmil","0","55.690","deg","20.000","°C","100.000","%a.s.","22.400","deg","20.000","°C","962.000","hPa","0.861","-0.02617","0.00035","0","0","13.56","Humid","35.35","0","78.50","280428.08","SABD0002000014","AAV2.0.0.13","3.0.3.1703","PSt7-10","180509-002","9/13/2019 10:46:52 AM","0000-00","0","no battery","V"
"06/11/2023","11:43:50","9","default","547630319","OXY_CH9","47.874","min","183.465","μmol/L","Humid","22.125","deg","122701","µV","26.713","°C","1016.000","hPa","35.9","pmil","0","55.690","deg","20.000","°C","100.000","%a.s.","22.400","deg","20.000","°C","962.000","hPa","0.861","-0.02617","0.00035","0","0","13.56","Humid","35.35","0","78.50","280431.67","SABD0002000014","AAV2.0.0.13","3.0.3.1703","PSt7-10","180509-002","9/13/2019 10:46:52 AM","0000-00","0","no battery","V"
"06/11/2023","11:43:51","9","default","547630319","OXY_CH9","47.891","min","183.497","μmol/L","Humid","22.123","deg","122699","µV","26.713","°C","1016.000","hPa","35.9","pmil","0","55.690","deg","20.000","°C","100.000","%a.s.","22.400","deg","20.000","°C","962.000","hPa","0.861","-0.02617","0.00035","0","0","13.56","Humid","35.35","0","78.50","280418.56","SABD0002000014","AAV2.0.0.13","3.0.3.1703","PSt7-10","180509-002","9/13/2019 10:46:52 AM","0000-00","0","no battery","V"
"06/11/2023","11:43:52","9","default","547630319","OXY_CH9","47.908","min","183.495","μmol/L","Humid","22.121","deg","122687","µV","26.720","°C","1016.000","hPa","35.9","pmil","0","55.690","deg","20.000","°C","100.000","%a.s.","22.400","deg","20.000","°C","962.000","hPa","0.861","-0.02617","0.00035","0","0","13.56","Humid","35.35","0","78.50","280430.78","SABD0002000014","AAV2.0.0.13","3.0.3.1703","PSt7-10","180509-002","9/13/2019 10:46:52 AM","0000-00","0","no battery","V"
"06/11/2023","11:43:53","9","default","547630319","OXY_CH9","47.925","min","183.544","μmol/L","Humid","22.120","deg","122679","µV","26.713","°C","1016.000","hPa","35.9","pmil","0","55.690","deg","20.000","°C","100.000","%a.s.","22.400","deg","20.000","°C","962.000","hPa","0.861","-0.02617","0.00035","0","0","13.56","Humid","35.35","0","78.50","280418.29","SABD0002000014","AAV2.0.0.13","3.0.3.1703","PSt7-10","180509-002","9/13/2019 10:46:52 AM","0000-00","0","no battery","V"
"06/11/2023","11:43:54","9","default","547630319","OXY_CH9","47.942","min","183.558","μmol/L","Humid","22.117","deg","122672","µV","26.720","°C","1016.000","hPa","35.9","pmil","0","55.690","deg","20.000","°C","100.000","%a.s.","22.400","deg","20.000","°C","962.000","hPa","0.861","-0.02617","0.00035","0","0","13.56","Humid","35.35","0","78.50","280440.13","SABD0002000014","AAV2.0.0.13","3.0.3.1703","PSt7-10","180509-002","9/13/2019 10:46:52 AM","0000-00","0","no battery","V"
"06/11/2023","11:43:55","9","default","547630319","OXY_CH9","47.959","min","183.607","μmol/L","Humid","22.116","deg","122659","µV","26.713","°C","1016.000","hPa","35.9","pmil","0","55.690","deg","20.000","°C","100.000","%a.s.","22.400","deg","20.000","°C","962.000","hPa","0.861","-0.02617","0.00035","0","0","13.56","Humid","35.35","0","78.50","280432.44","SABD0002000014","AAV2.0.0.13","3.0.3.1703","PSt7-10","180509-002","9/13/2019 10:46:52 AM","0000-00","0","no battery","V"
"06/11/2023","11:43:56","9","default","547630319","OXY_CH9","47.975","min","183.607","μmol/L","Humid","22.116","deg","122649","µV","26.713","°C","1016.000","hPa","35.9","pmil","0","55.690","deg","20.000","°C","100.000","%a.s.","22.400","deg","20.000","°C","962.000","hPa","0.861","-0.02617","0.00035","0","0","13.56","Humid","35.35","0","78.50","280426.76","SABD0002000014","AAV2.0.0.13","3.0.3.1703","PSt7-10","180509-002","9/13/2019 10:46:52 AM","0000-00","0","no battery","V"
"06/11/2023","11:43:57","9","default","547630319","OXY_CH9","47.992","min","183.607","μmol/L","Humid","22.116","deg","122641","µV","26.713","°C","1016.000","hPa","35.9","pmil","0","55.690","deg","20.000","°C","100.000","%a.s.","22.400","deg","20.000","°C","962.000","hPa","0.861","-0.02617","0.00035","0","0","13.56","Humid","35.35","0","78.50","280428.47","SABD0002000014","AAV2.0.0.13","3.0.3.1703","PSt7-10","180509-002","9/13/2019 10:46:52 AM","0000-00","0","no battery","V"
"06/11/2023","11:43:58","9","default","547630319","OXY_CH9","48.008","min","183.655","μmol/L","Humid","22.113","deg","122633","µV","26.713","°C","1016.000","hPa","35.9","pmil","0","55.690","deg","20.000","°C","100.000","%a.s.","22.400","deg","20.000","°C","962.000","hPa","0.861","-0.02617","0.00035","0","0","13.56","Humid","35.35","0","78.50","280422.90","SABD0002000014","AAV2.0.0.13","3.0.3.1703","PSt7-10","180509-002","9/13/2019 10:46:52 AM","0000-00","0","no battery","V"
"06/11/2023","11:43:59","9","default","547630319","OXY_CH9","48.025","min","183.655","μmol/L","Humid","22.113","deg","122619","µV","26.713","°C","1016.000","hPa","35.9","pmil","0","55.690","deg","20.000","°C","100.000","%a.s.","22.400","deg","20.000","°C","962.000","hPa","0.861","-0.02617","0.00035","0","0","13.56","Humid","35.35","0","78.50","280427.16","SABD0002000014","AAV2.0.0.13","3.0.3.1703","PSt7-10","180509-002","9/13/2019 10:46:52 AM","0000-00","0","no battery","V"
"06/11/2023","11:44:00","9","default","547630319","OXY_CH9","48.042","min","183.701","μmol/L","Humid","22.108","deg","122615","µV","26.720","°C","1016.000","hPa","35.9","pmil","0","55.690","deg","20.000","°C","100.000","%a.s.","22.400","deg","20.000","°C","962.000","hPa","0.861","-0.02617","0.00035","0","0","13.56","Humid","35.35","0","78.50","280427.39","SABD0002000014","AAV2.0.0.13","3.0.3.1703","PSt7-10","180509-002","9/13/2019 10:46:52 AM","0000-00","0","no battery","V"
"06/11/2023","11:44:01","9","default","547630319","OXY_CH9","48.058","min","183.751","μmol/L","Humid","22.109","deg","122613","µV","26.707","°C","1016.000","hPa","35.9","pmil","0","55.690","deg","20.000","°C","100.000","%a.s.","22.400","deg","20.000","°C","962.000","hPa","0.861","-0.02617","0.00035","0","0","13.56","Humid","35.35","0","78.50","280431.62","SABD0002000014","AAV2.0.0.13","3.0.3.1703","PSt7-10","180509-002","9/13/2019 10:46:52 AM","0000-00","0","no battery","V"
"06/11/2023","11:44:02","9","default","547630319","OXY_CH9","48.075","min","183.766","μmol/L","Humid","22.106","deg","122599","µV","26.713","°C","1016.000","hPa","35.9","pmil","0","55.690","deg","20.000","°C","100.000","%a.s.","22.400","deg","20.000","°C","962.000","hPa","0.861","-0.02617","0.00035","0","0","13.56","Humid","35.35","0","78.50","280431.96","SABD0002000014","AAV2.0.0.13","3.0.3.1703","PSt7-10","180509-002","9/13/2019 10:46:52 AM","0000-00","0","no battery","V"
"06/11/2023","11:44:03","9","default","547630319","OXY_CH9","48.092","min","183.766","μmol/L","Humid","22.106","deg","122588","µV","26.713","°C","1016.000","hPa","35.9","pmil","0","55.690","deg","20.000","°C","100.000","%a.s.","22.400","deg","20.000","°C","962.000","hPa","0.861","-0.02617","0.00035","0","0","13.56","Humid","35.35","0","78.50","280415.23","SABD0002000014","AAV2.0.0.13","3.0.3.1703","PSt7-10","180509-002","9/13/2019 10:46:52 AM","0000-00","0","no battery","V"
"06/11/2023","11:44:04","9","default","547630319","OXY_CH9","48.108","min","183.766","μmol/L","Humid","22.106","deg","122584","µV","26.713","°C","1016.000","hPa","35.9","pmil","0","55.690","deg","20.000","°C","100.000","%a.s.","22.400","deg","20.000","°C","962.000","hPa","0.861","-0.02617","0.00035","0","0","13.56","Humid","35.35","0","78.50","280417.37","SABD0002000014","AAV2.0.0.13","3.0.3.1703","PSt7-10","180509-002","9/13/2019 10:46:52 AM","0000-00","0","no battery","V"
"06/11/2023","11:44:05","9","default","547630319","OXY_CH9","48.125","min","183.797","μmol/L","Humid","22.104","deg","122583","µV","26.713","°C","1016.000","hPa","35.9","pmil","0","55.690","deg","20.000","°C","100.000","%a.s.","22.400","deg","20.000","°C","962.000","hPa","0.861","-0.02617","0.00035","0","0","13.56","Humid","35.35","0","78.50","280424.67","SABD0002000014","AAV2.0.0.13","3.0.3.1703","PSt7-10","180509-002","9/13/2019 10:46:52 AM","0000-00","0","no battery","V"
"06/11/2023","11:44:06","9","default","547630319","OXY_CH9","48.142","min","183.748","μmol/L","Humid","22.105","deg","122579","µV","26.720","°C","1016.000","hPa","35.9","pmil","0","55.690","deg","20.000","°C","100.000","%a.s.","22.400","deg","20.000","°C","962.000","hPa","0.861","-0.02617","0.00035","0","0","13.56","Humid","35.35","0","78.50","280424.09","SABD0002000014","AAV2.0.0.13","3.0.3.1703","PSt7-10","180509-002","9/13/2019 10:46:52 AM","0000-00","0","no battery","V"
"06/11/2023","11:44:07","9","default","547630319","OXY_CH9","48.158","min","183.797","μmol/L","Humid","22.104","deg","122561","µV","26.713","°C","1016.000","hPa","35.9","pmil","0","55.690","deg","20.000","°C","100.000","%a.s.","22.400","deg","20.000","°C","962.000","hPa","0.861","-0.02617","0.00035","0","0","13.56","Humid","35.35","0","78.50","280407.59","SABD0002000014","AAV2.0.0.13","3.0.3.1703","PSt7-10","180509-002","9/13/2019 10:46:52 AM","0000-00","0","no battery","V"
"06/11/2023","11:44:08","9","default","547630319","OXY_CH9","48.175","min","183.829","μmol/L","Humid","22.102","deg","122552","µV","26.713","°C","1016.000","hPa","35.9","pmil","0","55.690","deg","20.000","°C","100.000","%a.s.","22.400","deg","20.000","°C","962.000","hPa","0.861","-0.02617","0.00035","0","0","13.56","Humid","35.35","0","78.50","280428.77","SABD0002000014","AAV2.0.0.13","3.0.3.1703","PSt7-10","180509-002","9/13/2019 10:46:52 AM","0000-00","0","no battery","V"
"06/11/2023","11:44:09","9","default","547630319","OXY_CH9","48.192","min","183.845","μmol/L","Humid","22.101","deg","122549","µV","26.713","°C","1016.000","hPa","35.9","pmil","0","55.690","deg","20.000","°C","100.000","%a.s.","22.400","deg","20.000","°C","962.000","hPa","0.861","-0.02617","0.00035","0","0","13.56","Humid","35.35","0","78.50","280421.27","SABD0002000014","AAV2.0.0.13","3.0.3.1703","PSt7-10","180509-002","9/13/2019 10:46:52 AM","0000-00","0","no battery","V"
"06/11/2023","11:44:10","9","default","547630319","OXY_CH9","48.208","min","183.908","μmol/L","Humid","22.097","deg","122533","µV","26.713","°C","1016.000","hPa","35.9","pmil","0","55.690","deg","20.000","°C","100.000","%a.s.","22.400","deg","20.000","°C","962.000","hPa","0.861","-0.02617","0.00035","0","0","13.56","Humid","35.35","0","78.50","280416.08","SABD0002000014","AAV2.0.0.13","3.0.3.1703","PSt7-10","180509-002","9/13/2019 10:46:52 AM","0000-00","0","no battery","V"
"06/11/2023","11:44:11","9","default","547630319","OXY_CH9","48.225","min","183.877","μmol/L","Humid","22.099","deg","122529","µV","26.713","°C","1016.000","hPa","35.9","pmil","0","55.690","deg","20.000","°C","100.000","%a.s.","22.400","deg","20.000","°C","962.000","hPa","0.861","-0.02617","0.00035","0","0","13.56","Humid","35.35","0","78.50","280422.62","SABD0002000014","AAV2.0.0.13","3.0.3.1703","PSt7-10","180509-002","9/13/2019 10:46:52 AM","0000-00","0","no battery","V"
"06/11/2023","11:44:12","9","default","547630319","OXY_CH9","48.242","min","183.891","μmol/L","Humid","22.096","deg","122517","µV","26.720","°C","1016.000","hPa","35.9","pmil","0","55.690","deg","20.000","°C","100.000","%a.s.","22.400","deg","20.000","°C","962.000","hPa","0.861","-0.02617","0.00035","0","0","13.56","Humid","35.35","0","78.50","280401.70","SABD0002000014","AAV2.0.0.13","3.0.3.1703","PSt7-10","180509-002","9/13/2019 10:46:52 AM","0000-00","0","no battery","V"
"06/11/2023","11:44:13","9","default","547630319","OXY_CH9","48.258","min","183.988","μmol/L","Humid","22.092","deg","122501","µV","26.713","°C","1016.000","hPa","35.9","pmil","0","55.690","deg","20.000","°C","100.000","%a.s.","22.400","deg","20.000","°C","962.000","hPa","0.861","-0.02617","0.00035","0","0","13.56","Humid","35.35","0","78.50","280411.55","SABD0002000014","AAV2.0.0.13","3.0.3.1703","PSt7-10","180509-002","9/13/2019 10:46:52 AM","0000-00","0","no battery","V"
"06/11/2023","11:44:14","9","default","547630319","OXY_CH9","48.275","min","183.889","μmol/L","Humid","22.094","deg","122494","µV","26.726","°C","1016.000","hPa","35.9","pmil","0","55.690","deg","20.000","°C","100.000","%a.s.","22.400","deg","20.000","°C","962.000","hPa","0.861","-0.02617","0.00035","0","0","13.56","Humid","35.35","0","78.50","280408.31","SABD0002000014","AAV2.0.0.13","3.0.3.1703","PSt7-10","180509-002","9/13/2019 10:46:52 AM","0000-00","0","no battery","V"
"06/11/2023","11:44:15","9","default","547630319","OXY_CH9","48.291","min","183.972","μmol/L","Humid","22.093","deg","122483","µV","26.713","°C","1016.000","hPa","35.9","pmil","0","55.690","deg","20.000","°C","100.000","%a.s.","22.400","deg","20.000","°C","962.000","hPa","0.861","-0.02617","0.00035","0","0","13.56","Humid","35.35","0","78.50","280419.14","SABD0002000014","AAV2.0.0.13","3.0.3.1703","PSt7-10","180509-002","9/13/2019 10:46:52 AM","0000-00","0","no battery","V"
"06/11/2023","11:44:16","9","default","547630319","OXY_CH9","48.308","min","184.035","μmol/L","Humid","22.089","deg","122485","µV","26.713","°C","1016.000","hPa","35.9","pmil","0","55.690","deg","20.000","°C","100.000","%a.s.","22.400","deg","20.000","°C","962.000","hPa","0.861","-0.02617","0.00035","0","0","13.56","Humid","35.35","0","78.50","280413.85","SABD0002000014","AAV2.0.0.13","3.0.3.1703","PSt7-10","180509-002","9/13/2019 10:46:52 AM","0000-00","0","no battery","V"
"06/11/2023","11:44:17","9","default","547630319","OXY_CH9","48.325","min","184.051","μmol/L","Humid","22.088","deg","122478","µV","26.713","°C","1016.000","hPa","35.9","pmil","0","55.690","deg","20.000","°C","100.000","%a.s.","22.400","deg","20.000","°C","962.000","hPa","0.861","-0.02617","0.00035","0","0","13.56","Humid","35.35","0","78.50","280424.39","SABD0002000014","AAV2.0.0.13","3.0.3.1703","PSt7-10","180509-002","9/13/2019 10:46:52 AM","0000-00","0","no battery","V"
"06/11/2023","11:44:18","9","default","547630319","OXY_CH9","48.341","min","184.051","μmol/L","Humid","22.088","deg","122462","µV","26.713","°C","1016.000","hPa","35.9","pmil","0","55.690","deg","20.000","°C","100.000","%a.s.","22.400","deg","20.000","°C","962.000","hPa","0.861","-0.02617","0.00035","0","0","13.56","Humid","35.35","0","78.50","280418.04","SABD0002000014","AAV2.0.0.13","3.0.3.1703","PSt7-10","180509-002","9/13/2019 10:46:52 AM","0000-00","0","no battery","V"
"06/11/2023","11:44:19","9","default","547630319","OXY_CH9","48.358","min","184.115","μmol/L","Humid","22.084","deg","122456","µV","26.713","°C","1016.000","hPa","35.9","pmil","0","55.690","deg","20.000","°C","100.000","%a.s.","22.400","deg","20.000","°C","962.000","hPa","0.861","-0.02617","0.00035","0","0","13.56","Humid","35.35","0","78.50","280413.52","SABD0002000014","AAV2.0.0.13","3.0.3.1703","PSt7-10","180509-002","9/13/2019 10:46:52 AM","0000-00","0","no battery","V"
"06/11/2023","11:44:20","9","default","547630319","OXY_CH9","48.375","min","184.115","μmol/L","Humid","22.084","deg","122448","µV","26.713","°C","1016.000","hPa","35.9","pmil","0","55.690","deg","20.000","°C","100.000","%a.s.","22.400","deg","20.000","°C","962.000","hPa","0.861","-0.02617","0.00035","0","0","13.56","Humid","35.35","0","78.50","280422.30","SABD0002000014","AAV2.0.0.13","3.0.3.1703","PSt7-10","180509-002","9/13/2019 10:46:52 AM","0000-00","0","no battery","V"
"06/11/2023","11:44:21","9","default","547630319","OXY_CH9","48.391","min","184.146","μmol/L","Humid","22.082","deg","122443","µV","26.713","°C","1016.000","hPa","35.9","pmil","0","55.690","deg","20.000","°C","100.000","%a.s.","22.400","deg","20.000","°C","962.000","hPa","0.861","-0.02617","0.00035","0","0","13.56","Humid","35.35","0","78.50","280418.02","SABD0002000014","AAV2.0.0.13","3.0.3.1703","PSt7-10","180509-002","9/13/2019 10:46:52 AM","0000-00","0","no battery","V"
"06/11/2023","11:44:22","9","default","547630319","OXY_CH9","48.408","min","184.083","μmol/L","Humid","22.086","deg","122445","µV","26.713","°C","1016.000","hPa","35.9","pmil","0","55.690","deg","20.000","°C","100.000","%a.s.","22.400","deg","20.000","°C","962.000","hPa","0.861","-0.02617","0.00035","0","0","13.56","Humid","35.35","0","78.50","280419.53","SABD0002000014","AAV2.0.0.13","3.0.3.1703","PSt7-10","180509-002","9/13/2019 10:46:52 AM","0000-00","0","no battery","V"
"06/11/2023","11:44:23","9","default","547630319","OXY_CH9","48.425","min","184.161","μmol/L","Humid","22.079","deg","122424","µV","26.720","°C","1016.000","hPa","35.9","pmil","0","55.690","deg","20.000","°C","100.000","%a.s.","22.400","deg","20.000","°C","962.000","hPa","0.861","-0.02617","0.00035","0","0","13.56","Humid","35.35","0","78.50","280425.07","SABD0002000014","AAV2.0.0.13","3.0.3.1703","PSt7-10","180509-002","9/13/2019 10:46:52 AM","0000-00","0","no battery","V"
"06/11/2023","11:44:24","9","default","547630319","OXY_CH9","48.441","min","184.129","μmol/L","Humid","22.081","deg","122424","µV","26.720","°C","1016.000","hPa","35.9","pmil","0","55.690","deg","20.000","°C","100.000","%a.s.","22.400","deg","20.000","°C","962.000","hPa","0.861","-0.02617","0.00035","0","0","13.56","Humid","35.35","0","78.50","280414.77","SABD0002000014","AAV2.0.0.13","3.0.3.1703","PSt7-10","180509-002","9/13/2019 10:46:52 AM","0000-00","0","no battery","V"
"06/11/2023","11:44:25","9","default","547630319","OXY_CH9","48.458","min","184.175","μmol/L","Humid","22.076","deg","122414","µV","26.726","°C","1016.000","hPa","35.9","pmil","0","55.690","deg","20.000","°C","100.000","%a.s.","22.400","deg","20.000","°C","962.000","hPa","0.861","-0.02617","0.00035","0","0","13.56","Humid","35.35","0","78.50","280416.70","SABD0002000014","AAV2.0.0.13","3.0.3.1703","PSt7-10","180509-002","9/13/2019 10:46:52 AM","0000-00","0","no battery","V"
"06/11/2023","11:44:26","9","default","547630319","OXY_CH9","48.475","min","184.178","μmol/L","Humid","22.080","deg","122412","µV","26.713","°C","1016.000","hPa","35.9","pmil","0","55.690","deg","20.000","°C","100.000","%a.s.","22.400","deg","20.000","°C","962.000","hPa","0.861","-0.02617","0.00035","0","0","13.56","Humid","35.35","0","78.50","280424.37","SABD0002000014","AAV2.0.0.13","3.0.3.1703","PSt7-10","180509-002","9/13/2019 10:46:52 AM","0000-00","0","no battery","V"
"06/11/2023","11:44:27","9","default","547630319","OXY_CH9","48.491","min","184.210","μmol/L","Humid","22.078","deg","122394","µV","26.713","°C","1016.000","hPa","35.9","pmil","0","55.690","deg","20.000","°C","100.000","%a.s.","22.400","deg","20.000","°C","962.000","hPa","0.861","-0.02617","0.00035","0","0","13.56","Humid","35.35","0","78.50","280409.60","SABD0002000014","AAV2.0.0.13","3.0.3.1703","PSt7-10","180509-002","9/13/2019 10:46:52 AM","0000-00","0","no battery","V"
"06/11/2023","11:44:28","9","default","547630319","OXY_CH9","48.508","min","184.275","μmol/L","Humid","22.076","deg","122396","µV","26.707","°C","1016.000","hPa","35.9","pmil","0","55.690","deg","20.000","°C","100.000","%a.s.","22.400","deg","20.000","°C","962.000","hPa","0.861","-0.02617","0.00035","0","0","13.56","Humid","35.35","0","78.50","280425.75","SABD0002000014","AAV2.0.0.13","3.0.3.1703","PSt7-10","180509-002","9/13/2019 10:46:52 AM","0000-00","0","no battery","V"
"06/11/2023","11:44:29","9","default","547630319","OXY_CH9","48.525","min","184.194","μmol/L","Humid","22.079","deg","122383","µV","26.713","°C","1016.000","hPa","35.9","pmil","0","55.690","deg","20.000","°C","100.000","%a.s.","22.400","deg","20.000","°C","962.000","hPa","0.861","-0.02617","0.00035","0","0","13.56","Humid","35.35","0","78.50","280416.20","SABD0002000014","AAV2.0.0.13","3.0.3.1703","PSt7-10","180509-002","9/13/2019 10:46:52 AM","0000-00","0","no battery","V"
"06/11/2023","11:44:30","9","default","547630319","OXY_CH9","48.541","min","184.323","μmol/L","Humid","22.073","deg","122378","µV","26.707","°C","1016.000","hPa","35.9","pmil","0","55.690","deg","20.000","°C","100.000","%a.s.","22.400","deg","20.000","°C","962.000","hPa","0.861","-0.02617","0.00035","0","0","13.56","Humid","35.35","0","78.50","280416.14","SABD0002000014","AAV2.0.0.13","3.0.3.1703","PSt7-10","180509-002","9/13/2019 10:46:52 AM","0000-00","0","no battery","V"
"06/11/2023","11:44:31","9","default","547630319","OXY_CH9","48.558","min","184.321","μmol/L","Humid","22.071","deg","122366","µV","26.713","°C","1016.000","hPa","35.9","pmil","0","55.690","deg","20.000","°C","100.000","%a.s.","22.400","deg","20.000","°C","962.000","hPa","0.861","-0.02617","0.00035","0","0","13.56","Humid","35.35","0","78.50","280418.74","SABD0002000014","AAV2.0.0.13","3.0.3.1703","PSt7-10","180509-002","9/13/2019 10:46:52 AM","0000-00","0","no battery","V"
"06/11/2023","11:44:32","9","default","547630319","OXY_CH9","48.575","min","184.305","μmol/L","Humid","22.072","deg","122356","µV","26.713","°C","1016.000","hPa","35.9","pmil","0","55.690","deg","20.000","°C","100.000","%a.s.","22.400","deg","20.000","°C","962.000","hPa","0.861","-0.02617","0.00035","0","0","13.56","Humid","35.35","0","78.50","280414.77","SABD0002000014","AAV2.0.0.13","3.0.3.1703","PSt7-10","180509-002","9/13/2019 10:46:52 AM","0000-00","0","no battery","V"
"06/11/2023","11:44:33","9","default","547630319","OXY_CH9","48.591","min","184.305","μmol/L","Humid","22.072","deg","122351","µV","26.713","°C","1016.000","hPa","35.9","pmil","0","55.690","deg","20.000","°C","100.000","%a.s.","22.400","deg","20.000","°C","962.000","hPa","0.861","-0.02617","0.00035","0","0","13.56","Humid","35.35","0","78.50","280400.91","SABD0002000014","AAV2.0.0.13","3.0.3.1703","PSt7-10","180509-002","9/13/2019 10:46:52 AM","0000-00","0","no battery","V"
"06/11/2023","11:44:34","9","default","547630319","OXY_CH9","48.608","min","184.351","μmol/L","Humid","22.067","deg","122349","µV","26.720","°C","1016.000","hPa","35.9","pmil","0","55.690","deg","20.000","°C","100.000","%a.s.","22.400","deg","20.000","°C","962.000","hPa","0.861","-0.02617","0.00035","0","0","13.56","Humid","35.35","0","78.50","280418.88","SABD0002000014","AAV2.0.0.13","3.0.3.1703","PSt7-10","180509-002","9/13/2019 10:46:52 AM","0000-00","0","no battery","V"
"06/11/2023","11:44:35","9","default","547630319","OXY_CH9","48.625","min","184.433","μmol/L","Humid","22.064","deg","122340","µV","26.713","°C","1016.000","hPa","35.9","pmil","0","55.690","deg","20.000","°C","100.000","%a.s.","22.400","deg","20.000","°C","962.000","hPa","0.861","-0.02617","0.00035","0","0","13.56","Humid","35.35","0","78.50","280425.59","SABD0002000014","AAV2.0.0.13","3.0.3.1703","PSt7-10","180509-002","9/13/2019 10:46:52 AM","0000-00","0","no battery","V"
"06/11/2023","11:44:36","9","default","547630319","OXY_CH9","48.641","min","184.417","μmol/L","Humid","22.065","deg","122328","µV","26.713","°C","1016.000","hPa","35.9","pmil","0","55.690","deg","20.000","°C","100.000","%a.s.","22.400","deg","20.000","°C","962.000","hPa","0.861","-0.02617","0.00035","0","0","13.56","Humid","35.35","0","78.50","280417.83","SABD0002000014","AAV2.0.0.13","3.0.3.1703","PSt7-10","180509-002","9/13/2019 10:46:52 AM","0000-00","0","no battery","V"
"06/11/2023","11:44:37","9","default","547630319","OXY_CH9","48.658","min","184.464","μmol/L","Humid","22.062","deg","122319","µV","26.713","°C","1016.000","hPa","35.9","pmil","0","55.690","deg","20.000","°C","100.000","%a.s.","22.400","deg","20.000","°C","962.000","hPa","0.861","-0.02617","0.00035","0","0","13.56","Humid","35.35","0","78.50","280421.79","SABD0002000014","AAV2.0.0.13","3.0.3.1703","PSt7-10","180509-002","9/13/2019 10:46:52 AM","0000-00","0","no battery","V"
"06/11/2023","11:44:38","9","default","547630319","OXY_CH9","48.674","min","184.449","μmol/L","Humid","22.063","deg","122317","µV","26.713","°C","1016.000","hPa","35.9","pmil","0","55.690","deg","20.000","°C","100.000","%a.s.","22.400","deg","20.000","°C","962.000","hPa","0.861","-0.02617","0.00035","0","0","13.56","Humid","35.35","0","78.50","280405.74","SABD0002000014","AAV2.0.0.13","3.0.3.1703","PSt7-10","180509-002","9/13/2019 10:46:52 AM","0000-00","0","no battery","V"
"06/11/2023","11:44:39","9","default","547630319","OXY_CH9","48.691","min","184.496","μmol/L","Humid","22.060","deg","122305","µV","26.713","°C","1016.000","hPa","35.9","pmil","0","55.690","deg","20.000","°C","100.000","%a.s.","22.400","deg","20.000","°C","962.000","hPa","0.861","-0.02617","0.00035","0","0","13.56","Humid","35.35","0","78.50","280409.94","SABD0002000014","AAV2.0.0.13","3.0.3.1703","PSt7-10","180509-002","9/13/2019 10:46:52 AM","0000-00","0","no battery","V"
"06/11/2023","11:44:40","9","default","547630319","OXY_CH9","48.709","min","184.512","μmol/L","Humid","22.059","deg","122297","µV","26.713","°C","1016.000","hPa","35.9","pmil","0","55.690","deg","20.000","°C","100.000","%a.s.","22.400","deg","20.000","°C","962.000","hPa","0.861","-0.02617","0.00035","0","0","13.56","Humid","35.35","0","78.50","280417.72","SABD0002000014","AAV2.0.0.13","3.0.3.1703","PSt7-10","180509-002","9/13/2019 10:46:52 AM","0000-00","0","no battery","V"
"06/11/2023","11:44:41","9","default","547630319","OXY_CH9","48.725","min","184.496","μmol/L","Humid","22.060","deg","122289","µV","26.713","°C","1016.000","hPa","35.9","pmil","0","55.690","deg","20.000","°C","100.000","%a.s.","22.400","deg","20.000","°C","962.000","hPa","0.861","-0.02617","0.00035","0","0","13.56","Humid","35.35","0","78.50","280414.95","SABD0002000014","AAV2.0.0.13","3.0.3.1703","PSt7-10","180509-002","9/13/2019 10:46:52 AM","0000-00","0","no battery","V"
"06/11/2023","11:44:42","9","default","547630319","OXY_CH9","48.742","min","184.479","μmol/L","Humid","22.059","deg","122281","µV","26.720","°C","1016.000","hPa","35.9","pmil","0","55.690","deg","20.000","°C","100.000","%a.s.","22.400","deg","20.000","°C","962.000","hPa","0.861","-0.02617","0.00035","0","0","13.56","Humid","35.35","0","78.50","280409.33","SABD0002000014","AAV2.0.0.13","3.0.3.1703","PSt7-10","180509-002","9/13/2019 10:46:52 AM","0000-00","0","no battery","V"
"06/11/2023","11:44:43","9","default","547630319","OXY_CH9","48.758","min","184.576","μmol/L","Humid","22.055","deg","122276","µV","26.713","°C","1016.000","hPa","35.9","pmil","0","55.690","deg","20.000","°C","100.000","%a.s.","22.400","deg","20.000","°C","962.000","hPa","0.861","-0.02617","0.00035","0","0","13.56","Humid","35.35","0","78.50","280414.65","SABD0002000014","AAV2.0.0.13","3.0.3.1703","PSt7-10","180509-002","9/13/2019 10:46:52 AM","0000-00","0","no battery","V"
"06/11/2023","11:44:44","9","default","547630319","OXY_CH9","48.775","min","184.479","μmol/L","Humid","22.059","deg","122263","µV","26.720","°C","1016.000","hPa","35.9","pmil","0","55.690","deg","20.000","°C","100.000","%a.s.","22.400","deg","20.000","°C","962.000","hPa","0.861","-0.02617","0.00035","0","0","13.56","Humid","35.35","0","78.50","280410.77","SABD0002000014","AAV2.0.0.13","3.0.3.1703","PSt7-10","180509-002","9/13/2019 10:46:52 AM","0000-00","0","no battery","V"
"06/11/2023","11:44:45","9","default","547630319","OXY_CH9","48.792","min","184.640","μmol/L","Humid","22.051","deg","122254","µV","26.713","°C","1016.000","hPa","35.9","pmil","0","55.690","deg","20.000","°C","100.000","%a.s.","22.400","deg","20.000","°C","962.000","hPa","0.861","-0.02617","0.00035","0","0","13.56","Humid","35.35","0","78.50","280419.55","SABD0002000014","AAV2.0.0.13","3.0.3.1703","PSt7-10","180509-002","9/13/2019 10:46:52 AM","0000-00","0","no battery","V"
"06/11/2023","11:44:46","9","default","547630319","OXY_CH9","48.808","min","184.592","μmol/L","Humid","22.054","deg","122248","µV","26.713","°C","1016.000","hPa","35.9","pmil","0","55.690","deg","20.000","°C","100.000","%a.s.","22.400","deg","20.000","°C","962.000","hPa","0.861","-0.02617","0.00035","0","0","13.56","Humid","35.35","0","78.50","280414.82","SABD0002000014","AAV2.0.0.13","3.0.3.1703","PSt7-10","180509-002","9/13/2019 10:46:52 AM","0000-00","0","no battery","V"
"06/11/2023","11:44:47","9","default","547630319","OXY_CH9","48.825","min","184.624","μmol/L","Humid","22.052","deg","122241","µV","26.713","°C","1016.000","hPa","35.9","pmil","0","55.690","deg","20.000","°C","100.000","%a.s.","22.400","deg","20.000","°C","962.000","hPa","0.861","-0.02617","0.00035","0","0","13.56","Humid","35.35","0","78.50","280419.25","SABD0002000014","AAV2.0.0.13","3.0.3.1703","PSt7-10","180509-002","9/13/2019 10:46:52 AM","0000-00","0","no battery","V"
"06/11/2023","11:44:48","9","default","547630319","OXY_CH9","48.841","min","184.622","μmol/L","Humid","22.050","deg","122235","µV","26.720","°C","1016.000","hPa","35.9","pmil","0","55.690","deg","20.000","°C","100.000","%a.s.","22.400","deg","20.000","°C","962.000","hPa","0.861","-0.02617","0.00035","0","0","13.56","Humid","35.35","0","78.50","280413.14","SABD0002000014","AAV2.0.0.13","3.0.3.1703","PSt7-10","180509-002","9/13/2019 10:46:52 AM","0000-00","0","no battery","V"
"06/11/2023","11:44:49","9","default","547630319","OXY_CH9","48.858","min","184.606","μmol/L","Humid","22.051","deg","122235","µV","26.720","°C","1016.000","hPa","35.9","pmil","0","55.690","deg","20.000","°C","100.000","%a.s.","22.400","deg","20.000","°C","962.000","hPa","0.861","-0.02617","0.00035","0","0","13.56","Humid","35.35","0","78.50","280415.18","SABD0002000014","AAV2.0.0.13","3.0.3.1703","PSt7-10","180509-002","9/13/2019 10:46:52 AM","0000-00","0","no battery","V"
"06/11/2023","11:44:50","9","default","547630319","OXY_CH9","48.874","min","184.638","μmol/L","Humid","22.049","deg","122219","µV","26.720","°C","1016.000","hPa","35.9","pmil","0","55.690","deg","20.000","°C","100.000","%a.s.","22.400","deg","20.000","°C","962.000","hPa","0.861","-0.02617","0.00035","0","0","13.56","Humid","35.35","0","78.50","280412.81","SABD0002000014","AAV2.0.0.13","3.0.3.1703","PSt7-10","180509-002","9/13/2019 10:46:52 AM","0000-00","0","no battery","V"
"06/11/2023","11:44:51","9","default","547630319","OXY_CH9","48.891","min","184.670","μmol/L","Humid","22.047","deg","122217","µV","26.720","°C","1016.000","hPa","35.9","pmil","0","55.690","deg","20.000","°C","100.000","%a.s.","22.400","deg","20.000","°C","962.000","hPa","0.861","-0.02617","0.00035","0","0","13.56","Humid","35.35","0","78.50","280405.32","SABD0002000014","AAV2.0.0.13","3.0.3.1703","PSt7-10","180509-002","9/13/2019 10:46:52 AM","0000-00","0","no battery","V"
"06/11/2023","11:44:52","9","default","547630319","OXY_CH9","48.908","min","184.703","μmol/L","Humid","22.047","deg","122202","µV","26.713","°C","1016.000","hPa","35.9","pmil","0","55.690","deg","20.000","°C","100.000","%a.s.","22.400","deg","20.000","°C","962.000","hPa","0.861","-0.02617","0.00035","0","0","13.56","Humid","35.35","0","78.50","280404.09","SABD0002000014","AAV2.0.0.13","3.0.3.1703","PSt7-10","180509-002","9/13/2019 10:46:52 AM","0000-00","0","no battery","V"
"06/11/2023","11:44:53","9","default","547630319","OXY_CH9","48.924","min","184.702","μmol/L","Humid","22.045","deg","122192","µV","26.720","°C","1016.000","hPa","35.9","pmil","0","55.690","deg","20.000","°C","100.000","%a.s.","22.400","deg","20.000","°C","962.000","hPa","0.861","-0.02617","0.00035","0","0","13.56","Humid","35.35","0","78.50","280406.52","SABD0002000014","AAV2.0.0.13","3.0.3.1703","PSt7-10","180509-002","9/13/2019 10:46:52 AM","0000-00","0","no battery","V"
"06/11/2023","11:44:54","9","default","547630319","OXY_CH9","48.941","min","184.702","μmol/L","Humid","22.045","deg","122193","µV","26.720","°C","1016.000","hPa","35.9","pmil","0","55.690","deg","20.000","°C","100.000","%a.s.","22.400","deg","20.000","°C","962.000","hPa","0.861","-0.02617","0.00035","0","0","13.56","Humid","35.35","0","78.50","280402.80","SABD0002000014","AAV2.0.0.13","3.0.3.1703","PSt7-10","180509-002","9/13/2019 10:46:52 AM","0000-00","0","no battery","V"
"06/11/2023","11:44:55","9","default","547630319","OXY_CH9","48.958","min","184.719","μmol/L","Humid","22.046","deg","122188","µV","26.713","°C","1016.000","hPa","35.9","pmil","0","55.690","deg","20.000","°C","100.000","%a.s.","22.400","deg","20.000","°C","962.000","hPa","0.861","-0.02617","0.00035","0","0","13.56","Humid","35.35","0","78.50","280413.11","SABD0002000014","AAV2.0.0.13","3.0.3.1703","PSt7-10","180509-002","9/13/2019 10:46:52 AM","0000-00","0","no battery","V"
"06/11/2023","11:44:56","9","default","547630319","OXY_CH9","48.975","min","184.750","μmol/L","Humid","22.042","deg","122170","µV","26.720","°C","1016.000","hPa","35.9","pmil","0","55.690","deg","20.000","°C","100.000","%a.s.","22.400","deg","20.000","°C","962.000","hPa","0.861","-0.02617","0.00035","0","0","13.56","Humid","35.35","0","78.50","280397.62","SABD0002000014","AAV2.0.0.13","3.0.3.1703","PSt7-10","180509-002","9/13/2019 10:46:52 AM","0000-00","0","no battery","V"
"06/11/2023","11:44:57","9","default","547630319","OXY_CH9","48.992","min","184.782","μmol/L","Humid","22.040","deg","122166","µV","26.720","°C","1016.000","hPa","35.9","pmil","0","55.690","deg","20.000","°C","100.000","%a.s.","22.400","deg","20.000","°C","962.000","hPa","0.861","-0.02617","0.00035","0","0","13.56","Humid","35.35","0","78.50","280404.76","SABD0002000014","AAV2.0.0.13","3.0.3.1703","PSt7-10","180509-002","9/13/2019 10:46:52 AM","0000-00","0","no battery","V"
"06/11/2023","11:44:58","9","default","547630319","OXY_CH9","49.008","min","184.751","μmol/L","Humid","22.044","deg","122158","µV","26.713","°C","1016.000","hPa","35.9","pmil","0","55.690","deg","20.000","°C","100.000","%a.s.","22.400","deg","20.000","°C","962.000","hPa","0.861","-0.02617","0.00035","0","0","13.56","Humid","35.35","0","78.50","280412.76","SABD0002000014","AAV2.0.0.13","3.0.3.1703","PSt7-10","180509-002","9/13/2019 10:46:52 AM","0000-00","0","no battery","V"
"06/11/2023","11:44:59","9","default","547630319","OXY_CH9","49.025","min","184.815","μmol/L","Humid","22.040","deg","122148","µV","26.713","°C","1016.000","hPa","35.9","pmil","0","55.690","deg","20.000","°C","100.000","%a.s.","22.400","deg","20.000","°C","962.000","hPa","0.861","-0.02617","0.00035","0","0","13.56","Humid","35.35","0","78.50","280406.35","SABD0002000014","AAV2.0.0.13","3.0.3.1703","PSt7-10","180509-002","9/13/2019 10:46:52 AM","0000-00","0","no battery","V"
"06/11/2023","11:45:00","9","default","547630319","OXY_CH9","49.042","min","184.865","μmol/L","Humid","22.039","deg","122144","µV","26.707","°C","1016.000","hPa","35.9","pmil","0","55.690","deg","20.000","°C","100.000","%a.s.","22.400","deg","20.000","°C","962.000","hPa","0.861","-0.02617","0.00035","0","0","13.56","Humid","35.35","0","78.50","280398.41","SABD0002000014","AAV2.0.0.13","3.0.3.1703","PSt7-10","180509-002","9/13/2019 10:46:52 AM","0000-00","0","no battery","V"
"06/11/2023","11:45:01","9","default","547630319","OXY_CH9","49.059","min","184.830","μmol/L","Humid","22.037","deg","122138","µV","26.720","°C","1016.000","hPa","35.9","pmil","0","55.690","deg","20.000","°C","100.000","%a.s.","22.400","deg","20.000","°C","962.000","hPa","0.861","-0.02617","0.00035","0","0","13.56","Humid","35.35","0","78.50","280403.46","SABD0002000014","AAV2.0.0.13","3.0.3.1703","PSt7-10","180509-002","9/13/2019 10:46:52 AM","0000-00","0","no battery","V"
"06/11/2023","11:45:02","9","default","547630319","OXY_CH9","49.075","min","184.815","μmol/L","Humid","22.040","deg","122122","µV","26.713","°C","1016.000","hPa","35.9","pmil","0","55.690","deg","20.000","°C","100.000","%a.s.","22.400","deg","20.000","°C","962.000","hPa","0.861","-0.02617","0.00035","0","0","13.56","Humid","35.35","0","78.50","280406.03","SABD0002000014","AAV2.0.0.13","3.0.3.1703","PSt7-10","180509-002","9/13/2019 10:46:52 AM","0000-00","0","no battery","V"
"06/11/2023","11:45:03","9","default","547630319","OXY_CH9","49.092","min","184.945","μmol/L","Humid","22.034","deg","122124","µV","26.707","°C","1016.000","hPa","35.9","pmil","0","55.690","deg","20.000","°C","100.000","%a.s.","22.400","deg","20.000","°C","962.000","hPa","0.861","-0.02617","0.00035","0","0","13.56","Humid","35.35","0","78.50","280411.65","SABD0002000014","AAV2.0.0.13","3.0.3.1703","PSt7-10","180509-002","9/13/2019 10:46:52 AM","0000-00","0","no battery","V"
"06/11/2023","11:45:04","9","default","547630319","OXY_CH9","49.108","min","184.943","μmol/L","Humid","22.032","deg","122105","µV","26.713","°C","1016.000","hPa","35.9","pmil","0","55.690","deg","20.000","°C","100.000","%a.s.","22.400","deg","20.000","°C","962.000","hPa","0.861","-0.02617","0.00035","0","0","13.56","Humid","35.35","0","78.50","280396.52","SABD0002000014","AAV2.0.0.13","3.0.3.1703","PSt7-10","180509-002","9/13/2019 10:46:52 AM","0000-00","0","no battery","V"
"06/11/2023","11:45:05","9","default","547630319","OXY_CH9","49.125","min","184.959","μmol/L","Humid","22.031","deg","122103","µV","26.713","°C","1016.000","hPa","35.9","pmil","0","55.690","deg","20.000","°C","100.000","%a.s.","22.400","deg","20.000","°C","962.000","hPa","0.861","-0.02617","0.00035","0","0","13.56","Humid","35.35","0","78.50","280400.55","SABD0002000014","AAV2.0.0.13","3.0.3.1703","PSt7-10","180509-002","9/13/2019 10:46:52 AM","0000-00","0","no battery","V"
"06/11/2023","11:45:06","9","default","547630319","OXY_CH9","49.142","min","184.957","μmol/L","Humid","22.029","deg","122088","µV","26.720","°C","1016.000","hPa","35.9","pmil","0","55.690","deg","20.000","°C","100.000","%a.s.","22.400","deg","20.000","°C","962.000","hPa","0.861","-0.02617","0.00035","0","0","13.56","Humid","35.35","0","78.50","280404.69","SABD0002000014","AAV2.0.0.13","3.0.3.1703","PSt7-10","180509-002","9/13/2019 10:46:52 AM","0000-00","0","no battery","V"
"06/11/2023","11:45:07","9","default","547630319","OXY_CH9","49.158","min","184.973","μmol/L","Humid","22.028","deg","122079","µV","26.720","°C","1016.000","hPa","35.9","pmil","0","55.690","deg","20.000","°C","100.000","%a.s.","22.400","deg","20.000","°C","962.000","hPa","0.861","-0.02617","0.00035","0","0","13.56","Humid","35.35","0","78.50","280389.31","SABD0002000014","AAV2.0.0.13","3.0.3.1703","PSt7-10","180509-002","9/13/2019 10:46:52 AM","0000-00","0","no battery","V"
"06/11/2023","11:45:08","9","default","547630319","OXY_CH9","49.175","min","185.055","μmol/L","Humid","22.025","deg","122075","µV","26.713","°C","1016.000","hPa","35.9","pmil","0","55.690","deg","20.000","°C","100.000","%a.s.","22.400","deg","20.000","°C","962.000","hPa","0.861","-0.02617","0.00035","0","0","13.56","Humid","35.35","0","78.50","280404.32","SABD0002000014","AAV2.0.0.13","3.0.3.1703","PSt7-10","180509-002","9/13/2019 10:46:52 AM","0000-00","0","no battery","V"
"06/11/2023","11:45:09","9","default","547630319","OXY_CH9","49.192","min","185.020","μmol/L","Humid","22.023","deg","122062","µV","26.726","°C","1016.000","hPa","35.9","pmil","0","55.690","deg","20.000","°C","100.000","%a.s.","22.400","deg","20.000","°C","962.000","hPa","0.861","-0.02617","0.00035","0","0","13.56","Humid","35.35","0","78.50","280405.16","SABD0002000014","AAV2.0.0.13","3.0.3.1703","PSt7-10","180509-002","9/13/2019 10:46:52 AM","0000-00","0","no battery","V"
"06/11/2023","11:45:10","9","default","547630319","OXY_CH9","49.208","min","185.021","μmol/L","Humid","22.025","deg","122057","µV","26.720","°C","1016.000","hPa","35.9","pmil","0","55.690","deg","20.000","°C","100.000","%a.s.","22.400","deg","20.000","°C","962.000","hPa","0.861","-0.02617","0.00035","0","0","13.56","Humid","35.35","0","78.50","280400.63","SABD0002000014","AAV2.0.0.13","3.0.3.1703","PSt7-10","180509-002","9/13/2019 10:46:52 AM","0000-00","0","no battery","V"
"06/11/2023","11:45:11","9","default","547630319","OXY_CH9","49.225","min","185.053","μmol/L","Humid","22.023","deg","122047","µV","26.720","°C","1016.000","hPa","35.9","pmil","0","55.690","deg","20.000","°C","100.000","%a.s.","22.400","deg","20.000","°C","962.000","hPa","0.861","-0.02617","0.00035","0","0","13.56","Humid","35.35","0","78.50","280401.55","SABD0002000014","AAV2.0.0.13","3.0.3.1703","PSt7-10","180509-002","9/13/2019 10:46:52 AM","0000-00","0","no battery","V"
"06/11/2023","11:45:12","9","default","547630319","OXY_CH9","49.241","min","185.101","μmol/L","Humid","22.020","deg","122031","µV","26.720","°C","1016.000","hPa","35.9","pmil","0","55.690","deg","20.000","°C","100.000","%a.s.","22.400","deg","20.000","°C","962.000","hPa","0.861","-0.02617","0.00035","0","0","13.56","Humid","35.35","0","78.50","280399.18","SABD0002000014","AAV2.0.0.13","3.0.3.1703","PSt7-10","180509-002","9/13/2019 10:46:52 AM","0000-00","0","no battery","V"
"06/11/2023","11:45:13","9","default","547630319","OXY_CH9","49.258","min","185.021","μmol/L","Humid","22.025","deg","122027","µV","26.720","°C","1016.000","hPa","35.9","pmil","0","55.690","deg","20.000","°C","100.000","%a.s.","22.400","deg","20.000","°C","962.000","hPa","0.861","-0.02617","0.00035","0","0","13.56","Humid","35.35","0","78.50","280385.98","SABD0002000014","AAV2.0.0.13","3.0.3.1703","PSt7-10","180509-002","9/13/2019 10:46:52 AM","0000-00","0","no battery","V"
"06/11/2023","11:45:14","9","default","547630319","OXY_CH9","49.275","min","185.117","μmol/L","Humid","22.019","deg","122021","µV","26.720","°C","1016.000","hPa","35.9","pmil","0","55.690","deg","20.000","°C","100.000","%a.s.","22.400","deg","20.000","°C","962.000","hPa","0.861","-0.02617","0.00035","0","0","13.56","Humid","35.35","0","78.50","280391.73","SABD0002000014","AAV2.0.0.13","3.0.3.1703","PSt7-10","180509-002","9/13/2019 10:46:52 AM","0000-00","0","no battery","V"
"06/11/2023","11:45:15","9","default","547630319","OXY_CH9","49.292","min","185.069","μmol/L","Humid","22.022","deg","122006","µV","26.720","°C","1016.000","hPa","35.9","pmil","0","55.690","deg","20.000","°C","100.000","%a.s.","22.400","deg","20.000","°C","962.000","hPa","0.861","-0.02617","0.00035","0","0","13.56","Humid","35.35","0","78.50","280403.52","SABD0002000014","AAV2.0.0.13","3.0.3.1703","PSt7-10","180509-002","9/13/2019 10:46:52 AM","0000-00","0","no battery","V"
"06/11/2023","11:45:16","9","default","547630319","OXY_CH9","49.308","min","185.183","μmol/L","Humid","22.017","deg","122006","µV","26.713","°C","1016.000","hPa","35.9","pmil","0","55.690","deg","20.000","°C","100.000","%a.s.","22.400","deg","20.000","°C","962.000","hPa","0.861","-0.02617","0.00035","0","0","13.56","Humid","35.35","0","78.50","280394.57","SABD0002000014","AAV2.0.0.13","3.0.3.1703","PSt7-10","180509-002","9/13/2019 10:46:52 AM","0000-00","0","no battery","V"
"06/11/2023","11:45:17","9","default","547630319","OXY_CH9","49.325","min","185.215","μmol/L","Humid","22.015","deg","121997","µV","26.713","°C","1016.000","hPa","35.9","pmil","0","55.690","deg","20.000","°C","100.000","%a.s.","22.400","deg","20.000","°C","962.000","hPa","0.861","-0.02617","0.00035","0","0","13.56","Humid","35.35","0","78.50","280400.94","SABD0002000014","AAV2.0.0.13","3.0.3.1703","PSt7-10","180509-002","9/13/2019 10:46:52 AM","0000-00","0","no battery","V"
"06/11/2023","11:45:18","9","default","547630319","OXY_CH9","49.342","min","185.197","μmol/L","Humid","22.014","deg","121997","µV","26.720","°C","1016.000","hPa","35.9","pmil","0","55.690","deg","20.000","°C","100.000","%a.s.","22.400","deg","20.000","°C","962.000","hPa","0.861","-0.02617","0.00035","0","0","13.56","Humid","35.35","0","78.50","280407.19","SABD0002000014","AAV2.0.0.13","3.0.3.1703","PSt7-10","180509-002","9/13/2019 10:46:52 AM","0000-00","0","no battery","V"
"06/11/2023","11:45:19","9","default","547630319","OXY_CH9","49.358","min","185.163","μmol/L","Humid","22.014","deg","121973","µV","26.726","°C","1016.000","hPa","35.9","pmil","0","55.690","deg","20.000","°C","100.000","%a.s.","22.400","deg","20.000","°C","962.000","hPa","0.861","-0.02617","0.00035","0","0","13.56","Humid","35.35","0","78.50","280389.47","SABD0002000014","AAV2.0.0.13","3.0.3.1703","PSt7-10","180509-002","9/13/2019 10:46:52 AM","0000-00","0","no battery","V"
"06/11/2023","11:45:20","9","default","547630319","OXY_CH9","49.375","min","185.279","μmol/L","Humid","22.011","deg","121975","µV","26.713","°C","1016.000","hPa","35.9","pmil","0","55.690","deg","20.000","°C","100.000","%a.s.","22.400","deg","20.000","°C","962.000","hPa","0.861","-0.02617","0.00035","0","0","13.56","Humid","35.35","0","78.50","280396.66","SABD0002000014","AAV2.0.0.13","3.0.3.1703","PSt7-10","180509-002","9/13/2019 10:46:52 AM","0000-00","0","no battery","V"
"06/11/2023","11:45:21","9","default","547630319","OXY_CH9","49.392","min","185.293","μmol/L","Humid","22.008","deg","121959","µV","26.720","°C","1016.000","hPa","35.9","pmil","0","55.690","deg","20.000","°C","100.000","%a.s.","22.400","deg","20.000","°C","962.000","hPa","0.861","-0.02617","0.00035","0","0","13.56","Humid","35.35","0","78.50","280392.47","SABD0002000014","AAV2.0.0.13","3.0.3.1703","PSt7-10","180509-002","9/13/2019 10:46:52 AM","0000-00","0","no battery","V"
"06/11/2023","11:45:22","9","default","547630319","OXY_CH9","49.408","min","185.343","μmol/L","Humid","22.007","deg","121946","µV","26.713","°C","1016.000","hPa","35.9","pmil","0","55.690","deg","20.000","°C","100.000","%a.s.","22.400","deg","20.000","°C","962.000","hPa","0.861","-0.02617","0.00035","0","0","13.56","Humid","35.35","0","78.50","280388.63","SABD0002000014","AAV2.0.0.13","3.0.3.1703","PSt7-10","180509-002","9/13/2019 10:46:52 AM","0000-00","0","no battery","V"
"06/11/2023","11:45:23","9","default","547630319","OXY_CH9","49.425","min","185.261","μmol/L","Humid","22.010","deg","121949","µV","26.720","°C","1016.000","hPa","35.9","pmil","0","55.690","deg","20.000","°C","100.000","%a.s.","22.400","deg","20.000","°C","962.000","hPa","0.861","-0.02617","0.00035","0","0","13.56","Humid","35.35","0","78.50","280387.46","SABD0002000014","AAV2.0.0.13","3.0.3.1703","PSt7-10","180509-002","9/13/2019 10:46:52 AM","0000-00","0","no battery","V"
"06/11/2023","11:45:24","9","default","547630319","OXY_CH9","49.442","min","185.391","μmol/L","Humid","22.004","deg","121943","µV","26.713","°C","1016.000","hPa","35.9","pmil","0","55.690","deg","20.000","°C","100.000","%a.s.","22.400","deg","20.000","°C","962.000","hPa","0.861","-0.02617","0.00035","0","0","13.56","Humid","35.35","0","78.50","280397.77","SABD0002000014","AAV2.0.0.13","3.0.3.1703","PSt7-10","180509-002","9/13/2019 10:46:52 AM","0000-00","0","no battery","V"
"06/11/2023","11:45:25","9","default","547630319","OXY_CH9","49.458","min","185.405","μmol/L","Humid","22.001","deg","121927","µV","26.720","°C","1016.000","hPa","35.9","pmil","0","55.690","deg","20.000","°C","100.000","%a.s.","22.400","deg","20.000","°C","962.000","hPa","0.861","-0.02617","0.00035","0","0","13.56","Humid","35.35","0","78.50","280399.98","SABD0002000014","AAV2.0.0.13","3.0.3.1703","PSt7-10","180509-002","9/13/2019 10:46:52 AM","0000-00","0","no battery","V"
"06/11/2023","11:45:26","9","default","547630319","OXY_CH9","49.475","min","185.405","μmol/L","Humid","22.001","deg","121926","µV","26.720","°C","1016.000","hPa","35.9","pmil","0","55.690","deg","20.000","°C","100.000","%a.s.","22.400","deg","20.000","°C","962.000","hPa","0.861","-0.02617","0.00035","0","0","13.56","Humid","35.35","0","78.50","280397.28","SABD0002000014","AAV2.0.0.13","3.0.3.1703","PSt7-10","180509-002","9/13/2019 10:46:52 AM","0000-00","0","no battery","V"
"06/11/2023","11:45:27","9","default","547630319","OXY_CH9","49.492","min","185.391","μmol/L","Humid","22.004","deg","121915","µV","26.713","°C","1016.000","hPa","35.9","pmil","0","55.690","deg","20.000","°C","100.000","%a.s.","22.400","deg","20.000","°C","962.000","hPa","0.861","-0.02617","0.00035","0","0","13.56","Humid","35.35","0","78.50","280408.27","SABD0002000014","AAV2.0.0.13","3.0.3.1703","PSt7-10","180509-002","9/13/2019 10:46:52 AM","0000-00","0","no battery","V"
"06/11/2023","11:45:28","9","default","547630319","OXY_CH9","49.508","min","185.453","μmol/L","Humid","21.998","deg","121905","µV","26.720","°C","1016.000","hPa","35.9","pmil","0","55.690","deg","20.000","°C","100.000","%a.s.","22.400","deg","20.000","°C","962.000","hPa","0.861","-0.02617","0.00035","0","0","13.56","Humid","35.35","0","78.50","280396.68","SABD0002000014","AAV2.0.0.13","3.0.3.1703","PSt7-10","180509-002","9/13/2019 10:46:52 AM","0000-00","0","no battery","V"
"06/11/2023","11:45:29","9","default","547630319","OXY_CH9","49.525","min","185.485","μmol/L","Humid","21.996","deg","121900","µV","26.720","°C","1016.000","hPa","35.9","pmil","0","55.690","deg","20.000","°C","100.000","%a.s.","22.400","deg","20.000","°C","962.000","hPa","0.861","-0.02617","0.00035","0","0","13.56","Humid","35.35","0","78.50","280394.57","SABD0002000014","AAV2.0.0.13","3.0.3.1703","PSt7-10","180509-002","9/13/2019 10:46:52 AM","0000-00","0","no battery","V"
"06/11/2023","11:45:30","9","default","547630319","OXY_CH9","49.541","min","185.487","μmol/L","Humid","21.998","deg","121884","µV","26.713","°C","1016.000","hPa","35.9","pmil","0","55.690","deg","20.000","°C","100.000","%a.s.","22.400","deg","20.000","°C","962.000","hPa","0.861","-0.02617","0.00035","0","0","13.56","Humid","35.35","0","78.50","280391.89","SABD0002000014","AAV2.0.0.13","3.0.3.1703","PSt7-10","180509-002","9/13/2019 10:46:52 AM","0000-00","0","no battery","V"
"06/11/2023","11:45:31","9","default","547630319","OXY_CH9","49.558","min","185.585","μmol/L","Humid","21.994","deg","121876","µV","26.707","°C","1016.000","hPa","35.9","pmil","0","55.690","deg","20.000","°C","100.000","%a.s.","22.400","deg","20.000","°C","962.000","hPa","0.861","-0.02617","0.00035","0","0","13.56","Humid","35.35","0","78.50","280398.52","SABD0002000014","AAV2.0.0.13","3.0.3.1703","PSt7-10","180509-002","9/13/2019 10:46:52 AM","0000-00","0","no battery","V"
"06/11/2023","11:45:32","9","default","547630319","OXY_CH9","49.575","min","185.388","μmol/L","Humid","22.000","deg","121868","µV","26.726","°C","1016.000","hPa","35.9","pmil","0","55.690","deg","20.000","°C","100.000","%a.s.","22.400","deg","20.000","°C","962.000","hPa","0.861","-0.02617","0.00035","0","0","13.56","Humid","35.35","0","78.50","280390.93","SABD0002000014","AAV2.0.0.13","3.0.3.1703","PSt7-10","180509-002","9/13/2019 10:46:52 AM","0000-00","0","no battery","V"
"06/11/2023","11:45:33","9","default","547630319","OXY_CH9","49.591","min","185.519","μmol/L","Humid","21.996","deg","121859","µV","26.713","°C","1016.000","hPa","35.9","pmil","0","55.690","deg","20.000","°C","100.000","%a.s.","22.400","deg","20.000","°C","962.000","hPa","0.861","-0.02617","0.00035","0","0","13.56","Humid","35.35","0","78.50","280376.62","SABD0002000014","AAV2.0.0.13","3.0.3.1703","PSt7-10","180509-002","9/13/2019 10:46:52 AM","0000-00","0","no battery","V"
"06/11/2023","11:45:34","9","default","547630319","OXY_CH9","49.608","min","185.551","μmol/L","Humid","21.994","deg","121855","µV","26.713","°C","1016.000","hPa","35.9","pmil","0","55.690","deg","20.000","°C","100.000","%a.s.","22.400","deg","20.000","°C","962.000","hPa","0.861","-0.02617","0.00035","0","0","13.56","Humid","35.35","0","78.50","280385.09","SABD0002000014","AAV2.0.0.13","3.0.3.1703","PSt7-10","180509-002","9/13/2019 10:46:52 AM","0000-00","0","no battery","V"
"06/11/2023","11:45:35","9","default","547630319","OXY_CH9","49.625","min","185.582","μmol/L","Humid","21.990","deg","121839","µV","26.720","°C","1016.000","hPa","35.9","pmil","0","55.690","deg","20.000","°C","100.000","%a.s.","22.400","deg","20.000","°C","962.000","hPa","0.861","-0.02617","0.00035","0","0","13.56","Humid","35.35","0","78.50","280384.19","SABD0002000014","AAV2.0.0.13","3.0.3.1703","PSt7-10","180509-002","9/13/2019 10:46:52 AM","0000-00","0","no battery","V"
"06/11/2023","11:45:36","9","default","547630319","OXY_CH9","49.641","min","185.550","μmol/L","Humid","21.992","deg","121829","µV","26.720","°C","1016.000","hPa","35.9","pmil","0","55.690","deg","20.000","°C","100.000","%a.s.","22.400","deg","20.000","°C","962.000","hPa","0.861","-0.02617","0.00035","0","0","13.56","Humid","35.35","0","78.50","280388.51","SABD0002000014","AAV2.0.0.13","3.0.3.1703","PSt7-10","180509-002","9/13/2019 10:46:52 AM","0000-00","0","no battery","V"
"06/11/2023","11:45:37","9","default","547630319","OXY_CH9","49.658","min","185.566","μmol/L","Humid","21.991","deg","121826","µV","26.720","°C","1016.000","hPa","35.9","pmil","0","55.690","deg","20.000","°C","100.000","%a.s.","22.400","deg","20.000","°C","962.000","hPa","0.861","-0.02617","0.00035","0","0","13.56","Humid","35.35","0","78.50","280385.35","SABD0002000014","AAV2.0.0.13","3.0.3.1703","PSt7-10","180509-002","9/13/2019 10:46:52 AM","0000-00","0","no battery","V"
"06/11/2023","11:45:38","9","default","547630319","OXY_CH9","49.675","min","185.612","μmol/L","Humid","21.986","deg","121815","µV","26.726","°C","1016.000","hPa","35.9","pmil","0","55.690","deg","20.000","°C","100.000","%a.s.","22.400","deg","20.000","°C","962.000","hPa","0.861","-0.02617","0.00035","0","0","13.56","Humid","35.35","0","78.50","280383.35","SABD0002000014","AAV2.0.0.13","3.0.3.1703","PSt7-10","180509-002","9/13/2019 10:46:52 AM","0000-00","0","no battery","V"
"06/11/2023","11:45:39","9","default","547630319","OXY_CH9","49.691","min","185.662","μmol/L","Humid","21.985","deg","121806","µV","26.720","°C","1016.000","hPa","35.9","pmil","0","55.690","deg","20.000","°C","100.000","%a.s.","22.400","deg","20.000","°C","962.000","hPa","0.861","-0.02617","0.00035","0","0","13.56","Humid","35.35","0","78.50","280385.08","SABD0002000014","AAV2.0.0.13","3.0.3.1703","PSt7-10","180509-002","9/13/2019 10:46:52 AM","0000-00","0","no battery","V"
"06/11/2023","11:45:40","9","default","547630319","OXY_CH9","49.708","min","185.676","μmol/L","Humid","21.982","deg","121809","µV","26.726","°C","1016.000","hPa","35.9","pmil","0","55.690","deg","20.000","°C","100.000","%a.s.","22.400","deg","20.000","°C","962.000","hPa","0.861","-0.02617","0.00035","0","0","13.56","Humid","35.35","0","78.50","280384.09","SABD0002000014","AAV2.0.0.13","3.0.3.1703","PSt7-10","180509-002","9/13/2019 10:46:52 AM","0000-00","0","no battery","V"
"06/11/2023","11:45:41","9","default","547630319","OXY_CH9","49.725","min","185.678","μmol/L","Humid","21.984","deg","121793","µV","26.720","°C","1016.000","hPa","35.9","pmil","0","55.690","deg","20.000","°C","100.000","%a.s.","22.400","deg","20.000","°C","962.000","hPa","0.861","-0.02617","0.00035","0","0","13.56","Humid","35.35","0","78.50","280392.57","SABD0002000014","AAV2.0.0.13","3.0.3.1703","PSt7-10","180509-002","9/13/2019 10:46:52 AM","0000-00","0","no battery","V"
"06/11/2023","11:45:42","9","default","547630319","OXY_CH9","49.741","min","185.662","μmol/L","Humid","21.985","deg","121790","µV","26.720","°C","1016.000","hPa","35.9","pmil","0","55.690","deg","20.000","°C","100.000","%a.s.","22.400","deg","20.000","°C","962.000","hPa","0.861","-0.02617","0.00035","0","0","13.56","Humid","35.35","0","78.50","280371.40","SABD0002000014","AAV2.0.0.13","3.0.3.1703","PSt7-10","180509-002","9/13/2019 10:46:52 AM","0000-00","0","no battery","V"
"06/11/2023","11:45:43","9","default","547630319","OXY_CH9","49.758","min","185.692","μmol/L","Humid","21.981","deg","121775","µV","26.726","°C","1016.000","hPa","35.9","pmil","0","55.690","deg","20.000","°C","100.000","%a.s.","22.400","deg","20.000","°C","962.000","hPa","0.861","-0.02617","0.00035","0","0","13.56","Humid","35.35","0","78.50","280384.82","SABD0002000014","AAV2.0.0.13","3.0.3.1703","PSt7-10","180509-002","9/13/2019 10:46:52 AM","0000-00","0","no battery","V"
"06/11/2023","11:45:44","9","default","547630319","OXY_CH9","49.775","min","185.758","μmol/L","Humid","21.979","deg","121775","µV","26.720","°C","1016.000","hPa","35.9","pmil","0","55.690","deg","20.000","°C","100.000","%a.s.","22.400","deg","20.000","°C","962.000","hPa","0.861","-0.02617","0.00035","0","0","13.56","Humid","35.35","0","78.50","280395.01","SABD0002000014","AAV2.0.0.13","3.0.3.1703","PSt7-10","180509-002","9/13/2019 10:46:52 AM","0000-00","0","no battery","V"
"06/11/2023","11:45:45","9","default","547630319","OXY_CH9","49.791","min","185.792","μmol/L","Humid","21.979","deg","121767","µV","26.713","°C","1016.000","hPa","35.9","pmil","0","55.690","deg","20.000","°C","100.000","%a.s.","22.400","deg","20.000","°C","962.000","hPa","0.861","-0.02617","0.00035","0","0","13.56","Humid","35.35","0","78.50","280392.40","SABD0002000014","AAV2.0.0.13","3.0.3.1703","PSt7-10","180509-002","9/13/2019 10:46:52 AM","0000-00","0","no battery","V"
"06/11/2023","11:45:46","9","default","547630319","OXY_CH9","49.808","min","185.742","μmol/L","Humid","21.980","deg","121749","µV","26.720","°C","1016.000","hPa","35.9","pmil","0","55.690","deg","20.000","°C","100.000","%a.s.","22.400","deg","20.000","°C","962.000","hPa","0.861","-0.02617","0.00035","0","0","13.56","Humid","35.35","0","78.50","280385.07","SABD0002000014","AAV2.0.0.13","3.0.3.1703","PSt7-10","180509-002","9/13/2019 10:46:52 AM","0000-00","0","no battery","V"
"06/11/2023","11:45:47","9","default","547630319","OXY_CH9","49.825","min","185.872","μmol/L","Humid","21.974","deg","121747","µV","26.713","°C","1016.000","hPa","35.9","pmil","0","55.690","deg","20.000","°C","100.000","%a.s.","22.400","deg","20.000","°C","962.000","hPa","0.861","-0.02617","0.00035","0","0","13.56","Humid","35.35","0","78.50","280391.26","SABD0002000014","AAV2.0.0.13","3.0.3.1703","PSt7-10","180509-002","9/13/2019 10:46:52 AM","0000-00","0","no battery","V"
"06/11/2023","11:45:48","9","default","547630319","OXY_CH9","49.841","min","185.872","μmol/L","Humid","21.974","deg","121736","µV","26.713","°C","1016.000","hPa","35.9","pmil","0","55.690","deg","20.000","°C","100.000","%a.s.","22.400","deg","20.000","°C","962.000","hPa","0.861","-0.02617","0.00035","0","0","13.56","Humid","35.35","0","78.50","280385.84","SABD0002000014","AAV2.0.0.13","3.0.3.1703","PSt7-10","180509-002","9/13/2019 10:46:52 AM","0000-00","0","no battery","V"
"06/11/2023","11:45:49","9","default","547630319","OXY_CH9","49.858","min","185.887","μmol/L","Humid","21.971","deg","121727","µV","26.720","°C","1016.000","hPa","35.9","pmil","0","55.690","deg","20.000","°C","100.000","%a.s.","22.400","deg","20.000","°C","962.000","hPa","0.861","-0.02617","0.00035","0","0","13.56","Humid","35.35","0","78.50","280382.17","SABD0002000014","AAV2.0.0.13","3.0.3.1703","PSt7-10","180509-002","9/13/2019 10:46:52 AM","0000-00","0","no battery","V"
"06/11/2023","11:45:50","9","default","547630319","OXY_CH9","49.875","min","185.757","μmol/L","Humid","21.977","deg","121714","µV","26.726","°C","1016.000","hPa","35.9","pmil","0","55.690","deg","20.000","°C","100.000","%a.s.","22.400","deg","20.000","°C","962.000","hPa","0.861","-0.02617","0.00035","0","0","13.56","Humid","35.35","0","78.50","280390.67","SABD0002000014","AAV2.0.0.13","3.0.3.1703","PSt7-10","180509-002","9/13/2019 10:46:52 AM","0000-00","0","no battery","V"
"06/11/2023","11:45:51","9","default","547630319","OXY_CH9","49.891","min","185.903","μmol/L","Humid","21.970","deg","121722","µV","26.720","°C","1016.000","hPa","35.9","pmil","0","55.690","deg","20.000","°C","100.000","%a.s.","22.400","deg","20.000","°C","962.000","hPa","0.861","-0.02617","0.00035","0","0","13.56","Humid","35.35","0","78.50","280406.01","SABD0002000014","AAV2.0.0.13","3.0.3.1703","PSt7-10","180509-002","9/13/2019 10:46:52 AM","0000-00","0","no battery","V"
"06/11/2023","11:45:52","9","default","547630319","OXY_CH9","49.908","min","185.919","μmol/L","Humid","21.969","deg","121708","µV","26.720","°C","1016.000","hPa","35.9","pmil","0","55.690","deg","20.000","°C","100.000","%a.s.","22.400","deg","20.000","°C","962.000","hPa","0.861","-0.02617","0.00035","0","0","13.56","Humid","35.35","0","78.50","280375.69","SABD0002000014","AAV2.0.0.13","3.0.3.1703","PSt7-10","180509-002","9/13/2019 10:46:52 AM","0000-00","0","no battery","V"
"06/11/2023","11:45:53","9","default","547630319","OXY_CH9","49.925","min","185.903","μmol/L","Humid","21.970","deg","121700","µV","26.720","°C","1016.000","hPa","35.9","pmil","0","55.690","deg","20.000","°C","100.000","%a.s.","22.400","deg","20.000","°C","962.000","hPa","0.861","-0.02617","0.00035","0","0","13.56","Humid","35.35","0","78.50","280377.63","SABD0002000014","AAV2.0.0.13","3.0.3.1703","PSt7-10","180509-002","9/13/2019 10:46:52 AM","0000-00","0","no battery","V"
"06/11/2023","11:45:54","9","default","547630319","OXY_CH9","49.942","min","185.935","μmol/L","Humid","21.968","deg","121696","µV","26.720","°C","1016.000","hPa","35.9","pmil","0","55.690","deg","20.000","°C","100.000","%a.s.","22.400","deg","20.000","°C","962.000","hPa","0.861","-0.02617","0.00035","0","0","13.56","Humid","35.35","0","78.50","280393.47","SABD0002000014","AAV2.0.0.13","3.0.3.1703","PSt7-10","180509-002","9/13/2019 10:46:52 AM","0000-00","0","no battery","V"
"06/11/2023","11:45:55","9","default","547630319","OXY_CH9","49.959","min","185.933","μmol/L","Humid","21.966","deg","121687","µV","26.726","°C","1016.000","hPa","35.9","pmil","0","55.690","deg","20.000","°C","100.000","%a.s.","22.400","deg","20.000","°C","962.000","hPa","0.861","-0.02617","0.00035","0","0","13.56","Humid","35.35","0","78.50","280381.61","SABD0002000014","AAV2.0.0.13","3.0.3.1703","PSt7-10","180509-002","9/13/2019 10:46:52 AM","0000-00","0","no battery","V"
"06/11/2023","11:45:56","9","default","547630319","OXY_CH9","49.975","min","185.935","μmol/L","Humid","21.968","deg","121675","µV","26.720","°C","1016.000","hPa","35.9","pmil","0","55.690","deg","20.000","°C","100.000","%a.s.","22.400","deg","20.000","°C","962.000","hPa","0.861","-0.02617","0.00035","0","0","13.56","Humid","35.35","0","78.50","280382.32","SABD0002000014","AAV2.0.0.13","3.0.3.1703","PSt7-10","180509-002","9/13/2019 10:46:52 AM","0000-00","0","no battery","V"
"06/11/2023","11:45:57","9","default","547630319","OXY_CH9","49.992","min","185.967","μmol/L","Humid","21.966","deg","121676","µV","26.720","°C","1016.000","hPa","35.9","pmil","0","55.690","deg","20.000","°C","100.000","%a.s.","22.400","deg","20.000","°C","962.000","hPa","0.861","-0.02617","0.00035","0","0","13.56","Humid","35.35","0","78.50","280388.74","SABD0002000014","AAV2.0.0.13","3.0.3.1703","PSt7-10","180509-002","9/13/2019 10:46:52 AM","0000-00","0","no battery","V"
"06/11/2023","11:45:58","9","default","547630319","OXY_CH9","50.009","min","186.033","μmol/L","Humid","21.964","deg","121667","µV","26.713","°C","1016.000","hPa","35.9","pmil","0","55.690","deg","20.000","°C","100.000","%a.s.","22.400","deg","20.000","°C","962.000","hPa","0.861","-0.02617","0.00035","0","0","13.56","Humid","35.35","0","78.50","280390.90","SABD0002000014","AAV2.0.0.13","3.0.3.1703","PSt7-10","180509-002","9/13/2019 10:46:52 AM","0000-00","0","no battery","V"
"06/11/2023","11:45:59","9","default","547630319","OXY_CH9","50.025","min","186.064","μmol/L","Humid","21.960","deg","121653","µV","26.720","°C","1016.000","hPa","35.9","pmil","0","55.690","deg","20.000","°C","100.000","%a.s.","22.400","deg","20.000","°C","962.000","hPa","0.861","-0.02617","0.00035","0","0","13.56","Humid","35.35","0","78.50","280377.23","SABD0002000014","AAV2.0.0.13","3.0.3.1703","PSt7-10","180509-002","9/13/2019 10:46:52 AM","0000-00","0","no battery","V"
"06/11/2023","11:46:00","9","default","547630319","OXY_CH9","50.042","min","186.081","μmol/L","Humid","21.961","deg","121650","µV","26.713","°C","1016.000","hPa","35.9","pmil","0","55.690","deg","20.000","°C","100.000","%a.s.","22.400","deg","20.000","°C","962.000","hPa","0.861","-0.02617","0.00035","0","0","13.56","Humid","35.35","0","78.50","280379.61","SABD0002000014","AAV2.0.0.13","3.0.3.1703","PSt7-10","180509-002","9/13/2019 10:46:52 AM","0000-00","0","no battery","V"
"06/11/2023","11:46:01","9","default","547630319","OXY_CH9","50.058","min","186.046","μmol/L","Humid","21.959","deg","121634","µV","26.726","°C","1016.000","hPa","35.9","pmil","0","55.690","deg","20.000","°C","100.000","%a.s.","22.400","deg","20.000","°C","962.000","hPa","0.861","-0.02617","0.00035","0","0","13.56","Humid","35.35","0","78.50","280368.10","SABD0002000014","AAV2.0.0.13","3.0.3.1703","PSt7-10","180509-002","9/13/2019 10:46:52 AM","0000-00","0","no battery","V"
"06/11/2023","11:46:02","9","default","547630319","OXY_CH9","50.075","min","186.146","μmol/L","Humid","21.957","deg","121639","µV","26.713","°C","1016.000","hPa","35.9","pmil","0","55.690","deg","20.000","°C","100.000","%a.s.","22.400","deg","20.000","°C","962.000","hPa","0.861","-0.02617","0.00035","0","0","13.56","Humid","35.35","0","78.50","280387.21","SABD0002000014","AAV2.0.0.13","3.0.3.1703","PSt7-10","180509-002","9/13/2019 10:46:52 AM","0000-00","0","no battery","V"
"06/11/2023","11:46:03","9","default","547630319","OXY_CH9","50.092","min","186.114","μmol/L","Humid","21.959","deg","121621","µV","26.713","°C","1016.000","hPa","35.9","pmil","0","55.690","deg","20.000","°C","100.000","%a.s.","22.400","deg","20.000","°C","962.000","hPa","0.861","-0.02617","0.00035","0","0","13.56","Humid","35.35","0","78.50","280381.68","SABD0002000014","AAV2.0.0.13","3.0.3.1703","PSt7-10","180509-002","9/13/2019 10:46:52 AM","0000-00","0","no battery","V"
"06/11/2023","11:46:04","9","default","547630319","OXY_CH9","50.109","min","186.112","μmol/L","Humid","21.957","deg","121613","µV","26.720","°C","1016.000","hPa","35.9","pmil","0","55.690","deg","20.000","°C","100.000","%a.s.","22.400","deg","20.000","°C","962.000","hPa","0.861","-0.02617","0.00035","0","0","13.56","Humid","35.35","0","78.50","280377.93","SABD0002000014","AAV2.0.0.13","3.0.3.1703","PSt7-10","180509-002","9/13/2019 10:46:52 AM","0000-00","0","no battery","V"
"06/11/2023","11:46:05","9","default","547630319","OXY_CH9","50.125","min","186.127","μmol/L","Humid","21.954","deg","121612","µV","26.726","°C","1016.000","hPa","35.9","pmil","0","55.690","deg","20.000","°C","100.000","%a.s.","22.400","deg","20.000","°C","962.000","hPa","0.861","-0.02617","0.00035","0","0","13.56","Humid","35.35","0","78.50","280380.86","SABD0002000014","AAV2.0.0.13","3.0.3.1703","PSt7-10","180509-002","9/13/2019 10:46:52 AM","0000-00","0","no battery","V"
"06/11/2023","11:46:06","9","default","547630319","OXY_CH9","50.142","min","186.194","μmol/L","Humid","21.954","deg","121599","µV","26.713","°C","1016.000","hPa","35.9","pmil","0","55.690","deg","20.000","°C","100.000","%a.s.","22.400","deg","20.000","°C","962.000","hPa","0.861","-0.02617","0.00035","0","0","13.56","Humid","35.35","0","78.50","280378.83","SABD0002000014","AAV2.0.0.13","3.0.3.1703","PSt7-10","180509-002","9/13/2019 10:46:52 AM","0000-00","0","no battery","V"
"06/11/2023","11:46:07","9","default","547630319","OXY_CH9","50.159","min","186.242","μmol/L","Humid","21.951","deg","121586","µV","26.713","°C","1016.000","hPa","35.9","pmil","0","55.690","deg","20.000","°C","100.000","%a.s.","22.400","deg","20.000","°C","962.000","hPa","0.861","-0.02617","0.00035","0","0","13.56","Humid","35.35","0","78.50","280366.15","SABD0002000014","AAV2.0.0.13","3.0.3.1703","PSt7-10","180509-002","9/13/2019 10:46:52 AM","0000-00","0","no battery","V"
"06/11/2023","11:46:08","9","default","547630319","OXY_CH9","50.175","min","186.209","μmol/L","Humid","21.951","deg","121579","µV","26.720","°C","1016.000","hPa","35.9","pmil","0","55.690","deg","20.000","°C","100.000","%a.s.","22.400","deg","20.000","°C","962.000","hPa","0.861","-0.02617","0.00035","0","0","13.56","Humid","35.35","0","78.50","280386.19","SABD0002000014","AAV2.0.0.13","3.0.3.1703","PSt7-10","180509-002","9/13/2019 10:46:52 AM","0000-00","0","no battery","V"
"06/11/2023","11:46:09","9","default","547630319","OXY_CH9","50.192","min","186.193","μmol/L","Humid","21.952","deg","121572","µV","26.720","°C","1016.000","hPa","35.9","pmil","0","55.690","deg","20.000","°C","100.000","%a.s.","22.400","deg","20.000","°C","962.000","hPa","0.861","-0.02617","0.00035","0","0","13.56","Humid","35.35","0","78.50","280391.37","SABD0002000014","AAV2.0.0.13","3.0.3.1703","PSt7-10","180509-002","9/13/2019 10:46:52 AM","0000-00","0","no battery","V"
"06/11/2023","11:46:10","9","default","547630319","OXY_CH9","50.209","min","186.289","μmol/L","Humid","21.946","deg","121567","µV","26.720","°C","1016.000","hPa","35.9","pmil","0","55.690","deg","20.000","°C","100.000","%a.s.","22.400","deg","20.000","°C","962.000","hPa","0.861","-0.02617","0.00035","0","0","13.56","Humid","35.35","0","78.50","280391.52","SABD0002000014","AAV2.0.0.13","3.0.3.1703","PSt7-10","180509-002","9/13/2019 10:46:52 AM","0000-00","0","no battery","V"
"06/11/2023","11:46:11","9","default","547630319","OXY_CH9","50.225","min","186.257","μmol/L","Humid","21.948","deg","121551","µV","26.720","°C","1016.000","hPa","35.9","pmil","0","55.690","deg","20.000","°C","100.000","%a.s.","22.400","deg","20.000","°C","962.000","hPa","0.861","-0.02617","0.00035","0","0","13.56","Humid","35.35","0","78.50","280376.98","SABD0002000014","AAV2.0.0.13","3.0.3.1703","PSt7-10","180509-002","9/13/2019 10:46:52 AM","0000-00","0","no battery","V"
"06/11/2023","11:46:12","9","default","547630319","OXY_CH9","50.242","min","186.225","μmol/L","Humid","21.950","deg","121548","µV","26.720","°C","1016.000","hPa","35.9","pmil","0","55.690","deg","20.000","°C","100.000","%a.s.","22.400","deg","20.000","°C","962.000","hPa","0.861","-0.02617","0.00035","0","0","13.56","Humid","35.35","0","78.50","280385.18","SABD0002000014","AAV2.0.0.13","3.0.3.1703","PSt7-10","180509-002","9/13/2019 10:46:52 AM","0000-00","0","no battery","V"
"06/11/2023","11:46:13","9","default","547630319","OXY_CH9","50.258","min","186.305","μmol/L","Humid","21.945","deg","121544","µV","26.720","°C","1016.000","hPa","35.9","pmil","0","55.690","deg","20.000","°C","100.000","%a.s.","22.400","deg","20.000","°C","962.000","hPa","0.861","-0.02617","0.00035","0","0","13.56","Humid","35.35","0","78.50","280376.89","SABD0002000014","AAV2.0.0.13","3.0.3.1703","PSt7-10","180509-002","9/13/2019 10:46:52 AM","0000-00","0","no battery","V"
"06/11/2023","11:46:14","9","default","547630319","OXY_CH9","50.275","min","186.322","μmol/L","Humid","21.944","deg","121535","µV","26.720","°C","1016.000","hPa","35.9","pmil","0","55.690","deg","20.000","°C","100.000","%a.s.","22.400","deg","20.000","°C","962.000","hPa","0.861","-0.02617","0.00035","0","0","13.56","Humid","35.35","0","78.50","280385.90","SABD0002000014","AAV2.0.0.13","3.0.3.1703","PSt7-10","180509-002","9/13/2019 10:46:52 AM","0000-00","0","no battery","V"
"06/11/2023","11:46:15","9","default","547630319","OXY_CH9","50.292","min","186.354","μmol/L","Humid","21.942","deg","121529","µV","26.720","°C","1016.000","hPa","35.9","pmil","0","55.690","deg","20.000","°C","100.000","%a.s.","22.400","deg","20.000","°C","962.000","hPa","0.861","-0.02617","0.00035","0","0","13.56","Humid","35.35","0","78.50","280388.55","SABD0002000014","AAV2.0.0.13","3.0.3.1703","PSt7-10","180509-002","9/13/2019 10:46:52 AM","0000-00","0","no battery","V"
"06/11/2023","11:46:16","9","default","547630319","OXY_CH9","50.308","min","186.370","μmol/L","Humid","21.941","deg","121519","µV","26.720","°C","1016.000","hPa","35.9","pmil","0","55.690","deg","20.000","°C","100.000","%a.s.","22.400","deg","20.000","°C","962.000","hPa","0.861","-0.02617","0.00035","0","0","13.56","Humid","35.35","0","78.50","280375.72","SABD0002000014","AAV2.0.0.13","3.0.3.1703","PSt7-10","180509-002","9/13/2019 10:46:52 AM","0000-00","0","no battery","V"
"06/11/2023","11:46:17","9","default","547630319","OXY_CH9","50.325","min","186.338","μmol/L","Humid","21.943","deg","121512","µV","26.720","°C","1016.000","hPa","35.9","pmil","0","55.690","deg","20.000","°C","100.000","%a.s.","22.400","deg","20.000","°C","962.000","hPa","0.861","-0.02617","0.00035","0","0","13.56","Humid","35.35","0","78.50","280382.98","SABD0002000014","AAV2.0.0.13","3.0.3.1703","PSt7-10","180509-002","9/13/2019 10:46:52 AM","0000-00","0","no battery","V"
"06/11/2023","11:46:18","9","default","547630319","OXY_CH9","50.342","min","186.384","μmol/L","Humid","21.938","deg","121507","µV","26.726","°C","1016.000","hPa","35.9","pmil","0","55.690","deg","20.000","°C","100.000","%a.s.","22.400","deg","20.000","°C","962.000","hPa","0.861","-0.02617","0.00035","0","0","13.56","Humid","35.35","0","78.50","280376.11","SABD0002000014","AAV2.0.0.13","3.0.3.1703","PSt7-10","180509-002","9/13/2019 10:46:52 AM","0000-00","0","no battery","V"
"06/11/2023","11:46:19","9","default","547630319","OXY_CH9","50.358","min","186.418","μmol/L","Humid","21.938","deg","121502","µV","26.720","°C","1016.000","hPa","35.9","pmil","0","55.690","deg","20.000","°C","100.000","%a.s.","22.400","deg","20.000","°C","962.000","hPa","0.861","-0.02617","0.00035","0","0","13.56","Humid","35.35","0","78.50","280379.75","SABD0002000014","AAV2.0.0.13","3.0.3.1703","PSt7-10","180509-002","9/13/2019 10:46:52 AM","0000-00","0","no battery","V"
"06/11/2023","11:46:20","9","default","547630319","OXY_CH9","50.375","min","186.451","μmol/L","Humid","21.936","deg","121497","µV","26.720","°C","1016.000","hPa","35.9","pmil","0","55.690","deg","20.000","°C","100.000","%a.s.","22.400","deg","20.000","°C","962.000","hPa","0.861","-0.02617","0.00035","0","0","13.56","Humid","35.35","0","78.50","280386.46","SABD0002000014","AAV2.0.0.13","3.0.3.1703","PSt7-10","180509-002","9/13/2019 10:46:52 AM","0000-00","0","no battery","V"
"06/11/2023","11:46:21","9","default","547630319","OXY_CH9","50.391","min","186.449","μmol/L","Humid","21.934","deg","121483","µV","26.726","°C","1016.000","hPa","35.9","pmil","0","55.690","deg","20.000","°C","100.000","%a.s.","22.400","deg","20.000","°C","962.000","hPa","0.861","-0.02617","0.00035","0","0","13.56","Humid","35.35","0","78.50","280371.21","SABD0002000014","AAV2.0.0.13","3.0.3.1703","PSt7-10","180509-002","9/13/2019 10:46:52 AM","0000-00","0","no battery","V"
"06/11/2023","11:46:22","9","default","547630319","OXY_CH9","50.408","min","186.483","μmol/L","Humid","21.934","deg","121480","µV","26.720","°C","1016.000","hPa","35.9","pmil","0","55.690","deg","20.000","°C","100.000","%a.s.","22.400","deg","20.000","°C","962.000","hPa","0.861","-0.02617","0.00035","0","0","13.56","Humid","35.35","0","78.50","280382.05","SABD0002000014","AAV2.0.0.13","3.0.3.1703","PSt7-10","180509-002","9/13/2019 10:46:52 AM","0000-00","0","no battery","V"
"06/11/2023","11:46:23","9","default","547630319","OXY_CH9","50.425","min","186.531","μmol/L","Humid","21.931","deg","121468","µV","26.720","°C","1016.000","hPa","35.9","pmil","0","55.690","deg","20.000","°C","100.000","%a.s.","22.400","deg","20.000","°C","962.000","hPa","0.861","-0.02617","0.00035","0","0","13.56","Humid","35.35","0","78.50","280379.57","SABD0002000014","AAV2.0.0.13","3.0.3.1703","PSt7-10","180509-002","9/13/2019 10:46:52 AM","0000-00","0","no battery","V"
"06/11/2023","11:46:24","9","default","547630319","OXY_CH9","50.442","min","186.433","μmol/L","Humid","21.935","deg","121466","µV","26.726","°C","1016.000","hPa","35.9","pmil","0","55.690","deg","20.000","°C","100.000","%a.s.","22.400","deg","20.000","°C","962.000","hPa","0.861","-0.02617","0.00035","0","0","13.56","Humid","35.35","0","78.50","280374.34","SABD0002000014","AAV2.0.0.13","3.0.3.1703","PSt7-10","180509-002","9/13/2019 10:46:52 AM","0000-00","0","no battery","V"
"06/11/2023","11:46:25","9","default","547630319","OXY_CH9","50.458","min","186.497","μmol/L","Humid","21.931","deg","121451","µV","26.726","°C","1016.000","hPa","35.9","pmil","0","55.690","deg","20.000","°C","100.000","%a.s.","22.400","deg","20.000","°C","962.000","hPa","0.861","-0.02617","0.00035","0","0","13.56","Humid","35.35","0","78.50","280380.18","SABD0002000014","AAV2.0.0.13","3.0.3.1703","PSt7-10","180509-002","9/13/2019 10:46:52 AM","0000-00","0","no battery","V"
"06/11/2023","11:46:26","9","default","547630319","OXY_CH9","50.475","min","186.547","μmol/L","Humid","21.930","deg","121443","µV","26.720","°C","1016.000","hPa","35.9","pmil","0","55.690","deg","20.000","°C","100.000","%a.s.","22.400","deg","20.000","°C","962.000","hPa","0.861","-0.02617","0.00035","0","0","13.56","Humid","35.35","0","78.50","280377.69","SABD0002000014","AAV2.0.0.13","3.0.3.1703","PSt7-10","180509-002","9/13/2019 10:46:52 AM","0000-00","0","no battery","V"
"06/11/2023","11:46:27","9","default","547630319","OXY_CH9","50.491","min","186.597","μmol/L","Humid","21.929","deg","121441","µV","26.713","°C","1016.000","hPa","35.9","pmil","0","55.690","deg","20.000","°C","100.000","%a.s.","22.400","deg","20.000","°C","962.000","hPa","0.861","-0.02617","0.00035","0","0","13.56","Humid","35.35","0","78.50","280369.29","SABD0002000014","AAV2.0.0.13","3.0.3.1703","PSt7-10","180509-002","9/13/2019 10:46:52 AM","0000-00","0","no battery","V"
"06/11/2023","11:46:28","9","default","547630319","OXY_CH9","50.508","min","186.612","μmol/L","Humid","21.926","deg","121424","µV","26.720","°C","1016.000","hPa","35.9","pmil","0","55.690","deg","20.000","°C","100.000","%a.s.","22.400","deg","20.000","°C","962.000","hPa","0.861","-0.02617","0.00035","0","0","13.56","Humid","35.35","0","78.50","280393.16","SABD0002000014","AAV2.0.0.13","3.0.3.1703","PSt7-10","180509-002","9/13/2019 10:46:52 AM","0000-00","0","no battery","V"
"06/11/2023","11:46:29","9","default","547630319","OXY_CH9","50.525","min","186.596","μmol/L","Humid","21.927","deg","121412","µV","26.720","°C","1016.000","hPa","35.9","pmil","0","55.690","deg","20.000","°C","100.000","%a.s.","22.400","deg","20.000","°C","962.000","hPa","0.861","-0.02617","0.00035","0","0","13.56","Humid","35.35","0","78.50","280376.79","SABD0002000014","AAV2.0.0.13","3.0.3.1703","PSt7-10","180509-002","9/13/2019 10:46:52 AM","0000-00","0","no battery","V"
"06/11/2023","11:46:30","9","default","547630319","OXY_CH9","50.542","min","186.561","μmol/L","Humid","21.925","deg","121406","µV","26.732","°C","1016.000","hPa","35.9","pmil","0","55.690","deg","20.000","°C","100.000","%a.s.","22.400","deg","20.000","°C","962.000","hPa","0.861","-0.02617","0.00035","0","0","13.56","Humid","35.35","0","78.50","280376.88","SABD0002000014","AAV2.0.0.13","3.0.3.1703","PSt7-10","180509-002","9/13/2019 10:46:52 AM","0000-00","0","no battery","V"
"06/11/2023","11:46:31","9","default","547630319","OXY_CH9","50.559","min","186.578","μmol/L","Humid","21.926","deg","121400","µV","26.726","°C","1016.000","hPa","35.9","pmil","0","55.690","deg","20.000","°C","100.000","%a.s.","22.400","deg","20.000","°C","962.000","hPa","0.861","-0.02617","0.00035","0","0","13.56","Humid","35.35","0","78.50","280389.60","SABD0002000014","AAV2.0.0.13","3.0.3.1703","PSt7-10","180509-002","9/13/2019 10:46:52 AM","0000-00","0","no battery","V"
"06/11/2023","11:46:32","9","default","547630319","OXY_CH9","50.575","min","186.644","μmol/L","Humid","21.924","deg","121394","µV","26.720","°C","1016.000","hPa","35.9","pmil","0","55.690","deg","20.000","°C","100.000","%a.s.","22.400","deg","20.000","°C","962.000","hPa","0.861","-0.02617","0.00035","0","0","13.56","Humid","35.35","0","78.50","280373.28","SABD0002000014","AAV2.0.0.13","3.0.3.1703","PSt7-10","180509-002","9/13/2019 10:46:52 AM","0000-00","0","no battery","V"
"06/11/2023","11:46:33","9","default","547630319","OXY_CH9","50.592","min","186.661","μmol/L","Humid","21.923","deg","121389","µV","26.720","°C","1016.000","hPa","35.9","pmil","0","55.690","deg","20.000","°C","100.000","%a.s.","22.400","deg","20.000","°C","962.000","hPa","0.861","-0.02617","0.00035","0","0","13.56","Humid","35.35","0","78.50","280371.53","SABD0002000014","AAV2.0.0.13","3.0.3.1703","PSt7-10","180509-002","9/13/2019 10:46:52 AM","0000-00","0","no battery","V"
"06/11/2023","11:46:34","9","default","547630319","OXY_CH9","50.608","min","186.659","μmol/L","Humid","21.921","deg","121373","µV","26.726","°C","1016.000","hPa","35.9","pmil","0","55.690","deg","20.000","°C","100.000","%a.s.","22.400","deg","20.000","°C","962.000","hPa","0.861","-0.02617","0.00035","0","0","13.56","Humid","35.35","0","78.50","280367.61","SABD0002000014","AAV2.0.0.13","3.0.3.1703","PSt7-10","180509-002","9/13/2019 10:46:52 AM","0000-00","0","no battery","V"
"06/11/2023","11:46:35","9","default","547630319","OXY_CH9","50.625","min","186.774","μmol/L","Humid","21.916","deg","121364","µV","26.720","°C","1016.000","hPa","35.9","pmil","0","55.690","deg","20.000","°C","100.000","%a.s.","22.400","deg","20.000","°C","962.000","hPa","0.861","-0.02617","0.00035","0","0","13.56","Humid","35.35","0","78.50","280385.74","SABD0002000014","AAV2.0.0.13","3.0.3.1703","PSt7-10","180509-002","9/13/2019 10:46:52 AM","0000-00","0","no battery","V"
"06/11/2023","11:46:36","9","default","547630319","OXY_CH9","50.642","min","186.758","μmol/L","Humid","21.917","deg","121373","µV","26.720","°C","1016.000","hPa","35.9","pmil","0","55.690","deg","20.000","°C","100.000","%a.s.","22.400","deg","20.000","°C","962.000","hPa","0.861","-0.02617","0.00035","0","0","13.56","Humid","35.35","0","78.50","280386.69","SABD0002000014","AAV2.0.0.13","3.0.3.1703","PSt7-10","180509-002","9/13/2019 10:46:52 AM","0000-00","0","no battery","V"
"06/11/2023","11:46:37","9","default","547630319","OXY_CH9","50.658","min","186.822","μmol/L","Humid","21.913","deg","121356","µV","26.720","°C","1016.000","hPa","35.9","pmil","0","55.690","deg","20.000","°C","100.000","%a.s.","22.400","deg","20.000","°C","962.000","hPa","0.861","-0.02617","0.00035","0","0","13.56","Humid","35.35","0","78.50","280379.93","SABD0002000014","AAV2.0.0.13","3.0.3.1703","PSt7-10","180509-002","9/13/2019 10:46:52 AM","0000-00","0","no battery","V"
"06/11/2023","11:46:38","9","default","547630319","OXY_CH9","50.675","min","186.806","μmol/L","Humid","21.914","deg","121346","µV","26.720","°C","1016.000","hPa","35.9","pmil","0","55.690","deg","20.000","°C","100.000","%a.s.","22.400","deg","20.000","°C","962.000","hPa","0.861","-0.02617","0.00035","0","0","13.56","Humid","35.35","0","78.50","280364.05","SABD0002000014","AAV2.0.0.13","3.0.3.1703","PSt7-10","180509-002","9/13/2019 10:46:52 AM","0000-00","0","no battery","V"
"06/11/2023","11:46:39","9","default","547630319","OXY_CH9","50.692","min","186.855","μmol/L","Humid","21.911","deg","121333","µV","26.720","°C","1016.000","hPa","35.9","pmil","0","55.690","deg","20.000","°C","100.000","%a.s.","22.400","deg","20.000","°C","962.000","hPa","0.861","-0.02617","0.00035","0","0","13.56","Humid","35.35","0","78.50","280370.37","SABD0002000014","AAV2.0.0.13","3.0.3.1703","PSt7-10","180509-002","9/13/2019 10:46:52 AM","0000-00","0","no battery","V"
"06/11/2023","11:46:40","9","default","547630319","OXY_CH9","50.709","min","186.853","μmol/L","Humid","21.909","deg","121322","µV","26.726","°C","1016.000","hPa","35.9","pmil","0","55.690","deg","20.000","°C","100.000","%a.s.","22.400","deg","20.000","°C","962.000","hPa","0.861","-0.02617","0.00035","0","0","13.56","Humid","35.35","0","78.50","280377.79","SABD0002000014","AAV2.0.0.13","3.0.3.1703","PSt7-10","180509-002","9/13/2019 10:46:52 AM","0000-00","0","no battery","V"
"06/11/2023","11:46:41","9","default","547630319","OXY_CH9","50.725","min","186.853","μmol/L","Humid","21.909","deg","121318","µV","26.726","°C","1016.000","hPa","35.9","pmil","0","55.690","deg","20.000","°C","100.000","%a.s.","22.400","deg","20.000","°C","962.000","hPa","0.861","-0.02617","0.00035","0","0","13.56","Humid","35.35","0","78.50","280384.33","SABD0002000014","AAV2.0.0.13","3.0.3.1703","PSt7-10","180509-002","9/13/2019 10:46:52 AM","0000-00","0","no battery","V"
"06/11/2023","11:46:42","9","default","547630319","OXY_CH9","50.742","min","186.821","μmol/L","Humid","21.911","deg","121313","µV","26.726","°C","1016.000","hPa","35.9","pmil","0","55.690","deg","20.000","°C","100.000","%a.s.","22.400","deg","20.000","°C","962.000","hPa","0.861","-0.02617","0.00035","0","0","13.56","Humid","35.35","0","78.50","280381.29","SABD0002000014","AAV2.0.0.13","3.0.3.1703","PSt7-10","180509-002","9/13/2019 10:46:52 AM","0000-00","0","no battery","V"
"06/11/2023","11:46:43","9","default","547630319","OXY_CH9","50.758","min","186.885","μmol/L","Humid","21.907","deg","121303","µV","26.726","°C","1016.000","hPa","35.9","pmil","0","55.690","deg","20.000","°C","100.000","%a.s.","22.400","deg","20.000","°C","962.000","hPa","0.861","-0.02617","0.00035","0","0","13.56","Humid","35.35","0","78.50","280372.08","SABD0002000014","AAV2.0.0.13","3.0.3.1703","PSt7-10","180509-002","9/13/2019 10:46:52 AM","0000-00","0","no battery","V"
"06/11/2023","11:46:44","9","default","547630319","OXY_CH9","50.775","min","186.936","μmol/L","Humid","21.906","deg","121293","µV","26.720","°C","1016.000","hPa","35.9","pmil","0","55.690","deg","20.000","°C","100.000","%a.s.","22.400","deg","20.000","°C","962.000","hPa","0.861","-0.02617","0.00035","0","0","13.56","Humid","35.35","0","78.50","280371.66","SABD0002000014","AAV2.0.0.13","3.0.3.1703","PSt7-10","180509-002","9/13/2019 10:46:52 AM","0000-00","0","no battery","V"
"06/11/2023","11:46:45","9","default","547630319","OXY_CH9","50.792","min","186.919","μmol/L","Humid","21.907","deg","121292","µV","26.720","°C","1016.000","hPa","35.9","pmil","0","55.690","deg","20.000","°C","100.000","%a.s.","22.400","deg","20.000","°C","962.000","hPa","0.861","-0.02617","0.00035","0","0","13.56","Humid","35.35","0","78.50","280382.79","SABD0002000014","AAV2.0.0.13","3.0.3.1703","PSt7-10","180509-002","9/13/2019 10:46:52 AM","0000-00","0","no battery","V"
"06/11/2023","11:46:46","9","default","547630319","OXY_CH9","50.808","min","187.000","μmol/L","Humid","21.902","deg","121277","µV","26.720","°C","1016.000","hPa","35.9","pmil","0","55.690","deg","20.000","°C","100.000","%a.s.","22.400","deg","20.000","°C","962.000","hPa","0.861","-0.02617","0.00035","0","0","13.56","Humid","35.35","0","78.50","280366.25","SABD0002000014","AAV2.0.0.13","3.0.3.1703","PSt7-10","180509-002","9/13/2019 10:46:52 AM","0000-00","0","no battery","V"
"06/11/2023","11:46:47","9","default","547630319","OXY_CH9","50.825","min","187.000","μmol/L","Humid","21.902","deg","121275","µV","26.720","°C","1016.000","hPa","35.9","pmil","0","55.690","deg","20.000","°C","100.000","%a.s.","22.400","deg","20.000","°C","962.000","hPa","0.861","-0.02617","0.00035","0","0","13.56","Humid","35.35","0","78.50","280372.94","SABD0002000014","AAV2.0.0.13","3.0.3.1703","PSt7-10","180509-002","9/13/2019 10:46:52 AM","0000-00","0","no battery","V"
"06/11/2023","11:46:48","9","default","547630319","OXY_CH9","50.842","min","187.017","μmol/L","Humid","21.901","deg","121267","µV","26.720","°C","1016.000","hPa","35.9","pmil","0","55.690","deg","20.000","°C","100.000","%a.s.","22.400","deg","20.000","°C","962.000","hPa","0.861","-0.02617","0.00035","0","0","13.56","Humid","35.35","0","78.50","280381.75","SABD0002000014","AAV2.0.0.13","3.0.3.1703","PSt7-10","180509-002","9/13/2019 10:46:52 AM","0000-00","0","no battery","V"
"06/11/2023","11:46:49","9","default","547630319","OXY_CH9","50.858","min","186.983","μmol/L","Humid","21.901","deg","121254","µV","26.726","°C","1016.000","hPa","35.9","pmil","0","55.690","deg","20.000","°C","100.000","%a.s.","22.400","deg","20.000","°C","962.000","hPa","0.861","-0.02617","0.00035","0","0","13.56","Humid","35.35","0","78.50","280368.37","SABD0002000014","AAV2.0.0.13","3.0.3.1703","PSt7-10","180509-002","9/13/2019 10:46:52 AM","0000-00","0","no battery","V"
"06/11/2023","11:46:50","9","default","547630319","OXY_CH9","50.875","min","187.031","μmol/L","Humid","21.898","deg","121253","µV","26.726","°C","1016.000","hPa","35.9","pmil","0","55.690","deg","20.000","°C","100.000","%a.s.","22.400","deg","20.000","°C","962.000","hPa","0.861","-0.02617","0.00035","0","0","13.56","Humid","35.35","0","78.50","280368.30","SABD0002000014","AAV2.0.0.13","3.0.3.1703","PSt7-10","180509-002","9/13/2019 10:46:52 AM","0000-00","0","no battery","V"
"06/11/2023","11:46:51","9","default","547630319","OXY_CH9","50.892","min","187.065","μmol/L","Humid","21.898","deg","121243","µV","26.720","°C","1016.000","hPa","35.9","pmil","0","55.690","deg","20.000","°C","100.000","%a.s.","22.400","deg","20.000","°C","962.000","hPa","0.861","-0.02617","0.00035","0","0","13.56","Humid","35.35","0","78.50","280369.44","SABD0002000014","AAV2.0.0.13","3.0.3.1703","PSt7-10","180509-002","9/13/2019 10:46:52 AM","0000-00","0","no battery","V"
"06/11/2023","11:46:52","9","default","547630319","OXY_CH9","50.908","min","187.065","μmol/L","Humid","21.898","deg","121237","µV","26.720","°C","1016.000","hPa","35.9","pmil","0","55.690","deg","20.000","°C","100.000","%a.s.","22.400","deg","20.000","°C","962.000","hPa","0.861","-0.02617","0.00035","0","0","13.56","Humid","35.35","0","78.50","280367.83","SABD0002000014","AAV2.0.0.13","3.0.3.1703","PSt7-10","180509-002","9/13/2019 10:46:52 AM","0000-00","0","no battery","V"
"06/11/2023","11:46:53","9","default","547630319","OXY_CH9","50.925","min","187.064","μmol/L","Humid","21.896","deg","121213","µV","26.726","°C","1016.000","hPa","35.9","pmil","0","55.690","deg","20.000","°C","100.000","%a.s.","22.400","deg","20.000","°C","962.000","hPa","0.861","-0.02617","0.00035","0","0","13.56","Humid","35.35","0","78.50","280356.42","SABD0002000014","AAV2.0.0.13","3.0.3.1703","PSt7-10","180509-002","9/13/2019 10:46:52 AM","0000-00","0","no battery","V"
"06/11/2023","11:46:54","9","default","547630319","OXY_CH9","50.942","min","187.098","μmol/L","Humid","21.896","deg","121216","µV","26.720","°C","1016.000","hPa","35.9","pmil","0","55.690","deg","20.000","°C","100.000","%a.s.","22.400","deg","20.000","°C","962.000","hPa","0.861","-0.02617","0.00035","0","0","13.56","Humid","35.35","0","78.50","280358.78","SABD0002000014","AAV2.0.0.13","3.0.3.1703","PSt7-10","180509-002","9/13/2019 10:46:52 AM","0000-00","0","no battery","V"
"06/11/2023","11:46:55","9","default","547630319","OXY_CH9","50.958","min","187.145","μmol/L","Humid","21.891","deg","121205","µV","26.726","°C","1016.000","hPa","35.9","pmil","0","55.690","deg","20.000","°C","100.000","%a.s.","22.400","deg","20.000","°C","962.000","hPa","0.861","-0.02617","0.00035","0","0","13.56","Humid","35.35","0","78.50","280358.11","SABD0002000014","AAV2.0.0.13","3.0.3.1703","PSt7-10","180509-002","9/13/2019 10:46:52 AM","0000-00","0","no battery","V"
"06/11/2023","11:46:56","9","default","547630319","OXY_CH9","50.975","min","187.162","μmol/L","Humid","21.892","deg","121201","µV","26.720","°C","1016.000","hPa","35.9","pmil","0","55.690","deg","20.000","°C","100.000","%a.s.","22.400","deg","20.000","°C","962.000","hPa","0.861","-0.02617","0.00035","0","0","13.56","Humid","35.35","0","78.50","280359.07","SABD0002000014","AAV2.0.0.13","3.0.3.1703","PSt7-10","180509-002","9/13/2019 10:46:52 AM","0000-00","0","no battery","V"
"06/11/2023","11:46:57","9","default","547630319","OXY_CH9","50.992","min","187.211","μmol/L","Humid","21.889","deg","121197","µV","26.720","°C","1016.000","hPa","35.9","pmil","0","55.690","deg","20.000","°C","100.000","%a.s.","22.400","deg","20.000","°C","962.000","hPa","0.861","-0.02617","0.00035","0","0","13.56","Humid","35.35","0","78.50","280363.75","SABD0002000014","AAV2.0.0.13","3.0.3.1703","PSt7-10","180509-002","9/13/2019 10:46:52 AM","0000-00","0","no battery","V"
"06/11/2023","11:46:58","9","default","547630319","OXY_CH9","51.009","min","187.193","μmol/L","Humid","21.888","deg","121186","µV","26.726","°C","1016.000","hPa","35.9","pmil","0","55.690","deg","20.000","°C","100.000","%a.s.","22.400","deg","20.000","°C","962.000","hPa","0.861","-0.02617","0.00035","0","0","13.56","Humid","35.35","0","78.50","280361.59","SABD0002000014","AAV2.0.0.13","3.0.3.1703","PSt7-10","180509-002","9/13/2019 10:46:52 AM","0000-00","0","no battery","V"
"06/11/2023","11:46:59","9","default","547630319","OXY_CH9","51.025","min","187.274","μmol/L","Humid","21.883","deg","121172","µV","26.726","°C","1016.000","hPa","35.9","pmil","0","55.690","deg","20.000","°C","100.000","%a.s.","22.400","deg","20.000","°C","962.000","hPa","0.861","-0.02617","0.00035","0","0","13.56","Humid","35.35","0","78.50","280356.74","SABD0002000014","AAV2.0.0.13","3.0.3.1703","PSt7-10","180509-002","9/13/2019 10:46:52 AM","0000-00","0","no battery","V"
"06/11/2023","11:47:00","9","default","547630319","OXY_CH9","51.042","min","187.276","μmol/L","Humid","21.885","deg","121171","µV","26.720","°C","1016.000","hPa","35.9","pmil","0","55.690","deg","20.000","°C","100.000","%a.s.","22.400","deg","20.000","°C","962.000","hPa","0.861","-0.02617","0.00035","0","0","13.56","Humid","35.35","0","78.50","280356.78","SABD0002000014","AAV2.0.0.13","3.0.3.1703","PSt7-10","180509-002","9/13/2019 10:46:52 AM","0000-00","0","no battery","V"
"06/11/2023","11:47:01","9","default","547630319","OXY_CH9","51.058","min","187.276","μmol/L","Humid","21.885","deg","121159","µV","26.720","°C","1016.000","hPa","35.9","pmil","0","55.690","deg","20.000","°C","100.000","%a.s.","22.400","deg","20.000","°C","962.000","hPa","0.861","-0.02617","0.00035","0","0","13.56","Humid","35.35","0","78.50","280358.52","SABD0002000014","AAV2.0.0.13","3.0.3.1703","PSt7-10","180509-002","9/13/2019 10:46:52 AM","0000-00","0","no battery","V"
"06/11/2023","11:47:02","9","default","547630319","OXY_CH9","51.075","min","187.307","μmol/L","Humid","21.881","deg","121160","µV","26.726","°C","1016.000","hPa","35.9","pmil","0","55.690","deg","20.000","°C","100.000","%a.s.","22.400","deg","20.000","°C","962.000","hPa","0.861","-0.02617","0.00035","0","0","13.56","Humid","35.35","0","78.50","280353.13","SABD0002000014","AAV2.0.0.13","3.0.3.1703","PSt7-10","180509-002","9/13/2019 10:46:52 AM","0000-00","0","no battery","V"
"06/11/2023","11:47:03","9","default","547630319","OXY_CH9","51.092","min","187.308","μmol/L","Humid","21.883","deg","121149","µV","26.720","°C","1016.000","hPa","35.9","pmil","0","55.690","deg","20.000","°C","100.000","%a.s.","22.400","deg","20.000","°C","962.000","hPa","0.861","-0.02617","0.00035","0","0","13.56","Humid","35.35","0","78.50","280365.58","SABD0002000014","AAV2.0.0.13","3.0.3.1703","PSt7-10","180509-002","9/13/2019 10:46:52 AM","0000-00","0","no battery","V"
"06/11/2023","11:47:04","9","default","547630319","OXY_CH9","51.108","min","187.339","μmol/L","Humid","21.879","deg","121131","µV","26.726","°C","1016.000","hPa","35.9","pmil","0","55.690","deg","20.000","°C","100.000","%a.s.","22.400","deg","20.000","°C","962.000","hPa","0.861","-0.02617","0.00035","0","0","13.56","Humid","35.35","0","78.50","280350.08","SABD0002000014","AAV2.0.0.13","3.0.3.1703","PSt7-10","180509-002","9/13/2019 10:46:52 AM","0000-00","0","no battery","V"
"06/11/2023","11:47:05","9","default","547630319","OXY_CH9","51.125","min","187.274","μmol/L","Humid","21.883","deg","121133","µV","26.726","°C","1016.000","hPa","35.9","pmil","0","55.690","deg","20.000","°C","100.000","%a.s.","22.400","deg","20.000","°C","962.000","hPa","0.861","-0.02617","0.00035","0","0","13.56","Humid","35.35","0","78.50","280369.59","SABD0002000014","AAV2.0.0.13","3.0.3.1703","PSt7-10","180509-002","9/13/2019 10:46:52 AM","0000-00","0","no battery","V"
"06/11/2023","11:47:06","9","default","547630319","OXY_CH9","51.142","min","187.424","μmol/L","Humid","21.878","deg","121123","µV","26.713","°C","1016.000","hPa","35.9","pmil","0","55.690","deg","20.000","°C","100.000","%a.s.","22.400","deg","20.000","°C","962.000","hPa","0.861","-0.02617","0.00035","0","0","13.56","Humid","35.35","0","78.50","280355.64","SABD0002000014","AAV2.0.0.13","3.0.3.1703","PSt7-10","180509-002","9/13/2019 10:46:52 AM","0000-00","0","no battery","V"
"06/11/2023","11:47:07","9","default","547630319","OXY_CH9","51.158","min","187.404","μmol/L","Humid","21.875","deg","121118","µV","26.726","°C","1016.000","hPa","35.9","pmil","0","55.690","deg","20.000","°C","100.000","%a.s.","22.400","deg","20.000","°C","962.000","hPa","0.861","-0.02617","0.00035","0","0","13.56","Humid","35.35","0","78.50","280369.37","SABD0002000014","AAV2.0.0.13","3.0.3.1703","PSt7-10","180509-002","9/13/2019 10:46:52 AM","0000-00","0","no battery","V"
"06/11/2023","11:47:08","9","default","547630319","OXY_CH9","51.175","min","187.404","μmol/L","Humid","21.875","deg","121109","µV","26.726","°C","1016.000","hPa","35.9","pmil","0","55.690","deg","20.000","°C","100.000","%a.s.","22.400","deg","20.000","°C","962.000","hPa","0.861","-0.02617","0.00035","0","0","13.56","Humid","35.35","0","78.50","280362.55","SABD0002000014","AAV2.0.0.13","3.0.3.1703","PSt7-10","180509-002","9/13/2019 10:46:52 AM","0000-00","0","no battery","V"
"06/11/2023","11:47:09","9","default","547630319","OXY_CH9","51.191","min","187.406","μmol/L","Humid","21.877","deg","121094","µV","26.720","°C","1016.000","hPa","35.9","pmil","0","55.690","deg","20.000","°C","100.000","%a.s.","22.400","deg","20.000","°C","962.000","hPa","0.861","-0.02617","0.00035","0","0","13.56","Humid","35.35","0","78.50","280343.90","SABD0002000014","AAV2.0.0.13","3.0.3.1703","PSt7-10","180509-002","9/13/2019 10:46:52 AM","0000-00","0","no battery","V"
"06/11/2023","11:47:10","9","default","547630319","OXY_CH9","51.208","min","187.437","μmol/L","Humid","21.873","deg","121093","µV","26.726","°C","1016.000","hPa","35.9","pmil","0","55.690","deg","20.000","°C","100.000","%a.s.","22.400","deg","20.000","°C","962.000","hPa","0.861","-0.02617","0.00035","0","0","13.56","Humid","35.35","0","78.50","280361.98","SABD0002000014","AAV2.0.0.13","3.0.3.1703","PSt7-10","180509-002","9/13/2019 10:46:52 AM","0000-00","0","no battery","V"
"06/11/2023","11:47:11","9","default","547630319","OXY_CH9","51.225","min","187.521","μmol/L","Humid","21.872","deg","121083","µV","26.713","°C","1016.000","hPa","35.9","pmil","0","55.690","deg","20.000","°C","100.000","%a.s.","22.400","deg","20.000","°C","962.000","hPa","0.861","-0.02617","0.00035","0","0","13.56","Humid","35.35","0","78.50","280355.79","SABD0002000014","AAV2.0.0.13","3.0.3.1703","PSt7-10","180509-002","9/13/2019 10:46:52 AM","0000-00","0","no battery","V"
"06/11/2023","11:47:12","9","default","547630319","OXY_CH9","51.241","min","187.453","μmol/L","Humid","21.872","deg","121077","µV","26.726","°C","1016.000","hPa","35.9","pmil","0","55.690","deg","20.000","°C","100.000","%a.s.","22.400","deg","20.000","°C","962.000","hPa","0.861","-0.02617","0.00035","0","0","13.56","Humid","35.35","0","78.50","280353.87","SABD0002000014","AAV2.0.0.13","3.0.3.1703","PSt7-10","180509-002","9/13/2019 10:46:52 AM","0000-00","0","no battery","V"
"06/11/2023","11:47:13","9","default","547630319","OXY_CH9","51.258","min","187.486","μmol/L","Humid","21.870","deg","121065","µV","26.726","°C","1016.000","hPa","35.9","pmil","0","55.690","deg","20.000","°C","100.000","%a.s.","22.400","deg","20.000","°C","962.000","hPa","0.861","-0.02617","0.00035","0","0","13.56","Humid","35.35","0","78.50","280351.46","SABD0002000014","AAV2.0.0.13","3.0.3.1703","PSt7-10","180509-002","9/13/2019 10:46:52 AM","0000-00","0","no battery","V"
"06/11/2023","11:47:14","9","default","547630319","OXY_CH9","51.275","min","187.452","μmol/L","Humid","21.870","deg","121060","µV","26.732","°C","1016.000","hPa","35.9","pmil","0","55.690","deg","20.000","°C","100.000","%a.s.","22.400","deg","20.000","°C","962.000","hPa","0.861","-0.02617","0.00035","0","0","13.56","Humid","35.35","0","78.50","280357.97","SABD0002000014","AAV2.0.0.13","3.0.3.1703","PSt7-10","180509-002","9/13/2019 10:46:52 AM","0000-00","0","no battery","V"
"06/11/2023","11:47:15","9","default","547630319","OXY_CH9","51.291","min","187.536","μmol/L","Humid","21.869","deg","121056","µV","26.720","°C","1016.000","hPa","35.9","pmil","0","55.690","deg","20.000","°C","100.000","%a.s.","22.400","deg","20.000","°C","962.000","hPa","0.861","-0.02617","0.00035","0","0","13.56","Humid","35.35","0","78.50","280355.23","SABD0002000014","AAV2.0.0.13","3.0.3.1703","PSt7-10","180509-002","9/13/2019 10:46:52 AM","0000-00","0","no battery","V"
"06/11/2023","11:47:16","9","default","547630319","OXY_CH9","51.308","min","187.468","μmol/L","Humid","21.869","deg","121044","µV","26.732","°C","1016.000","hPa","35.9","pmil","0","55.690","deg","20.000","°C","100.000","%a.s.","22.400","deg","20.000","°C","962.000","hPa","0.861","-0.02617","0.00035","0","0","13.56","Humid","35.35","0","78.50","280351.57","SABD0002000014","AAV2.0.0.13","3.0.3.1703","PSt7-10","180509-002","9/13/2019 10:46:52 AM","0000-00","0","no battery","V"
"06/11/2023","11:47:17","9","default","547630319","OXY_CH9","51.324","min","187.568","μmol/L","Humid","21.867","deg","121033","µV","26.720","°C","1016.000","hPa","35.9","pmil","0","55.690","deg","20.000","°C","100.000","%a.s.","22.400","deg","20.000","°C","962.000","hPa","0.861","-0.02617","0.00035","0","0","13.56","Humid","35.35","0","78.50","280336.70","SABD0002000014","AAV2.0.0.13","3.0.3.1703","PSt7-10","180509-002","9/13/2019 10:46:52 AM","0000-00","0","no battery","V"
"06/11/2023","11:47:18","9","default","547630319","OXY_CH9","51.341","min","187.599","μmol/L","Humid","21.863","deg","121026","µV","26.726","°C","1016.000","hPa","35.9","pmil","0","55.690","deg","20.000","°C","100.000","%a.s.","22.400","deg","20.000","°C","962.000","hPa","0.861","-0.02617","0.00035","0","0","13.56","Humid","35.35","0","78.50","280361.75","SABD0002000014","AAV2.0.0.13","3.0.3.1703","PSt7-10","180509-002","9/13/2019 10:46:52 AM","0000-00","0","no battery","V"
"06/11/2023","11:47:19","9","default","547630319","OXY_CH9","51.358","min","187.650","μmol/L","Humid","21.862","deg","121022","µV","26.720","°C","1016.000","hPa","35.9","pmil","0","55.690","deg","20.000","°C","100.000","%a.s.","22.400","deg","20.000","°C","962.000","hPa","0.861","-0.02617","0.00035","0","0","13.56","Humid","35.35","0","78.50","280352.77","SABD0002000014","AAV2.0.0.13","3.0.3.1703","PSt7-10","180509-002","9/13/2019 10:46:52 AM","0000-00","0","no battery","V"
"06/11/2023","11:47:20","9","default","547630319","OXY_CH9","51.375","min","187.616","μmol/L","Humid","21.862","deg","121015","µV","26.726","°C","1016.000","hPa","35.9","pmil","0","55.690","deg","20.000","°C","100.000","%a.s.","22.400","deg","20.000","°C","962.000","hPa","0.861","-0.02617","0.00035","0","0","13.56","Humid","35.35","0","78.50","280350.68","SABD0002000014","AAV2.0.0.13","3.0.3.1703","PSt7-10","180509-002","9/13/2019 10:46:52 AM","0000-00","0","no battery","V"
"06/11/2023","11:47:21","9","default","547630319","OXY_CH9","51.391","min","187.699","μmol/L","Humid","21.859","deg","121005","µV","26.720","°C","1016.000","hPa","35.9","pmil","0","55.690","deg","20.000","°C","100.000","%a.s.","22.400","deg","20.000","°C","962.000","hPa","0.861","-0.02617","0.00035","0","0","13.56","Humid","35.35","0","78.50","280358.58","SABD0002000014","AAV2.0.0.13","3.0.3.1703","PSt7-10","180509-002","9/13/2019 10:46:52 AM","0000-00","0","no battery","V"
"06/11/2023","11:47:22","9","default","547630319","OXY_CH9","51.408","min","187.665","μmol/L","Humid","21.859","deg","120997","µV","26.726","°C","1016.000","hPa","35.9","pmil","0","55.690","deg","20.000","°C","100.000","%a.s.","22.400","deg","20.000","°C","962.000","hPa","0.861","-0.02617","0.00035","0","0","13.56","Humid","35.35","0","78.50","280344.04","SABD0002000014","AAV2.0.0.13","3.0.3.1703","PSt7-10","180509-002","9/13/2019 10:46:52 AM","0000-00","0","no battery","V"
"06/11/2023","11:47:23","9","default","547630319","OXY_CH9","51.425","min","187.713","μmol/L","Humid","21.856","deg","121002","µV","26.726","°C","1016.000","hPa","35.9","pmil","0","55.690","deg","20.000","°C","100.000","%a.s.","22.400","deg","20.000","°C","962.000","hPa","0.861","-0.02617","0.00035","0","0","13.56","Humid","35.35","0","78.50","280363.98","SABD0002000014","AAV2.0.0.13","3.0.3.1703","PSt7-10","180509-002","9/13/2019 10:46:52 AM","0000-00","0","no battery","V"
"06/11/2023","11:47:24","9","default","547630319","OXY_CH9","51.441","min","187.764","μmol/L","Humid","21.855","deg","120983","µV","26.720","°C","1016.000","hPa","35.9","pmil","0","55.690","deg","20.000","°C","100.000","%a.s.","22.400","deg","20.000","°C","962.000","hPa","0.861","-0.02617","0.00035","0","0","13.56","Humid","35.35","0","78.50","280356.61","SABD0002000014","AAV2.0.0.13","3.0.3.1703","PSt7-10","180509-002","9/13/2019 10:46:52 AM","0000-00","0","no battery","V"
"06/11/2023","11:47:25","9","default","547630319","OXY_CH9","51.458","min","187.713","μmol/L","Humid","21.856","deg","120981","µV","26.726","°C","1016.000","hPa","35.9","pmil","0","55.690","deg","20.000","°C","100.000","%a.s.","22.400","deg","20.000","°C","962.000","hPa","0.861","-0.02617","0.00035","0","0","13.56","Humid","35.35","0","78.50","280345.47","SABD0002000014","AAV2.0.0.13","3.0.3.1703","PSt7-10","180509-002","9/13/2019 10:46:52 AM","0000-00","0","no battery","V"
"06/11/2023","11:47:26","9","default","547630319","OXY_CH9","51.475","min","187.730","μmol/L","Humid","21.855","deg","120971","µV","26.726","°C","1016.000","hPa","35.9","pmil","0","55.690","deg","20.000","°C","100.000","%a.s.","22.400","deg","20.000","°C","962.000","hPa","0.861","-0.02617","0.00035","0","0","13.56","Humid","35.35","0","78.50","280346.75","SABD0002000014","AAV2.0.0.13","3.0.3.1703","PSt7-10","180509-002","9/13/2019 10:46:52 AM","0000-00","0","no battery","V"
"06/11/2023","11:47:27","9","default","547630319","OXY_CH9","51.492","min","187.762","μmol/L","Humid","21.853","deg","120959","µV","26.726","°C","1016.000","hPa","35.9","pmil","0","55.690","deg","20.000","°C","100.000","%a.s.","22.400","deg","20.000","°C","962.000","hPa","0.861","-0.02617","0.00035","0","0","13.56","Humid","35.35","0","78.50","280353.00","SABD0002000014","AAV2.0.0.13","3.0.3.1703","PSt7-10","180509-002","9/13/2019 10:46:52 AM","0000-00","0","no battery","V"
"06/11/2023","11:47:28","9","default","547630319","OXY_CH9","51.508","min","187.764","μmol/L","Humid","21.855","deg","120961","µV","26.720","°C","1016.000","hPa","35.9","pmil","0","55.690","deg","20.000","°C","100.000","%a.s.","22.400","deg","20.000","°C","962.000","hPa","0.861","-0.02617","0.00035","0","0","13.56","Humid","35.35","0","78.50","280355.69","SABD0002000014","AAV2.0.0.13","3.0.3.1703","PSt7-10","180509-002","9/13/2019 10:46:52 AM","0000-00","0","no battery","V"
"06/11/2023","11:47:29","9","default","547630319","OXY_CH9","51.525","min","187.778","μmol/L","Humid","21.852","deg","120949","µV","26.726","°C","1016.000","hPa","35.9","pmil","0","55.690","deg","20.000","°C","100.000","%a.s.","22.400","deg","20.000","°C","962.000","hPa","0.861","-0.02617","0.00035","0","0","13.56","Humid","35.35","0","78.50","280356.72","SABD0002000014","AAV2.0.0.13","3.0.3.1703","PSt7-10","180509-002","9/13/2019 10:46:52 AM","0000-00","0","no battery","V"
"06/11/2023","11:47:30","9","default","547630319","OXY_CH9","51.542","min","187.811","μmol/L","Humid","21.850","deg","120939","µV","26.726","°C","1016.000","hPa","35.9","pmil","0","55.690","deg","20.000","°C","100.000","%a.s.","22.400","deg","20.000","°C","962.000","hPa","0.861","-0.02617","0.00035","0","0","13.56","Humid","35.35","0","78.50","280345.67","SABD0002000014","AAV2.0.0.13","3.0.3.1703","PSt7-10","180509-002","9/13/2019 10:46:52 AM","0000-00","0","no battery","V"
"06/11/2023","11:47:31","9","default","547630319","OXY_CH9","51.558","min","187.844","μmol/L","Humid","21.848","deg","120932","µV","26.726","°C","1016.000","hPa","35.9","pmil","0","55.690","deg","20.000","°C","100.000","%a.s.","22.400","deg","20.000","°C","962.000","hPa","0.861","-0.02617","0.00035","0","0","13.56","Humid","35.35","0","78.50","280343.48","SABD0002000014","AAV2.0.0.13","3.0.3.1703","PSt7-10","180509-002","9/13/2019 10:46:52 AM","0000-00","0","no battery","V"
"06/11/2023","11:47:32","9","default","547630319","OXY_CH9","51.575","min","187.878","μmol/L","Humid","21.848","deg","120917","µV","26.720","°C","1016.000","hPa","35.9","pmil","0","55.690","deg","20.000","°C","100.000","%a.s.","22.400","deg","20.000","°C","962.000","hPa","0.861","-0.02617","0.00035","0","0","13.56","Humid","35.35","0","78.50","280352.07","SABD0002000014","AAV2.0.0.13","3.0.3.1703","PSt7-10","180509-002","9/13/2019 10:46:52 AM","0000-00","0","no battery","V"
"06/11/2023","11:47:33","9","default","547630319","OXY_CH9","51.592","min","187.894","μmol/L","Humid","21.847","deg","120914","µV","26.720","°C","1016.000","hPa","35.9","pmil","0","55.690","deg","20.000","°C","100.000","%a.s.","22.400","deg","20.000","°C","962.000","hPa","0.861","-0.02617","0.00035","0","0","13.56","Humid","35.35","0","78.50","280362.61","SABD0002000014","AAV2.0.0.13","3.0.3.1703","PSt7-10","180509-002","9/13/2019 10:46:52 AM","0000-00","0","no battery","V"
"06/11/2023","11:47:34","9","default","547630319","OXY_CH9","51.608","min","187.943","μmol/L","Humid","21.844","deg","120906","µV","26.720","°C","1016.000","hPa","35.9","pmil","0","55.690","deg","20.000","°C","100.000","%a.s.","22.400","deg","20.000","°C","962.000","hPa","0.861","-0.02617","0.00035","0","0","13.56","Humid","35.35","0","78.50","280353.75","SABD0002000014","AAV2.0.0.13","3.0.3.1703","PSt7-10","180509-002","9/13/2019 10:46:52 AM","0000-00","0","no battery","V"
"06/11/2023","11:47:35","9","default","547630319","OXY_CH9","51.625","min","187.893","μmol/L","Humid","21.845","deg","120902","µV","26.726","°C","1016.000","hPa","35.9","pmil","0","55.690","deg","20.000","°C","100.000","%a.s.","22.400","deg","20.000","°C","962.000","hPa","0.861","-0.02617","0.00035","0","0","13.56","Humid","35.35","0","78.50","280350.11","SABD0002000014","AAV2.0.0.13","3.0.3.1703","PSt7-10","180509-002","9/13/2019 10:46:52 AM","0000-00","0","no battery","V"
"06/11/2023","11:47:36","9","default","547630319","OXY_CH9","51.642","min","187.893","μmol/L","Humid","21.845","deg","120888","µV","26.726","°C","1016.000","hPa","35.9","pmil","0","55.690","deg","20.000","°C","100.000","%a.s.","22.400","deg","20.000","°C","962.000","hPa","0.861","-0.02617","0.00035","0","0","13.56","Humid","35.35","0","78.50","280357.54","SABD0002000014","AAV2.0.0.13","3.0.3.1703","PSt7-10","180509-002","9/13/2019 10:46:52 AM","0000-00","0","no battery","V"
"06/11/2023","11:47:37","9","default","547630319","OXY_CH9","51.658","min","187.925","μmol/L","Humid","21.843","deg","120880","µV","26.726","°C","1016.000","hPa","35.9","pmil","0","55.690","deg","20.000","°C","100.000","%a.s.","22.400","deg","20.000","°C","962.000","hPa","0.861","-0.02617","0.00035","0","0","13.56","Humid","35.35","0","78.50","280353.90","SABD0002000014","AAV2.0.0.13","3.0.3.1703","PSt7-10","180509-002","9/13/2019 10:46:52 AM","0000-00","0","no battery","V"
"06/11/2023","11:47:38","9","default","547630319","OXY_CH9","51.675","min","187.925","μmol/L","Humid","21.843","deg","120876","µV","26.726","°C","1016.000","hPa","35.9","pmil","0","55.690","deg","20.000","°C","100.000","%a.s.","22.400","deg","20.000","°C","962.000","hPa","0.861","-0.02617","0.00035","0","0","13.56","Humid","35.35","0","78.50","280360.75","SABD0002000014","AAV2.0.0.13","3.0.3.1703","PSt7-10","180509-002","9/13/2019 10:46:52 AM","0000-00","0","no battery","V"
"06/11/2023","11:47:39","9","default","547630319","OXY_CH9","51.692","min","188.007","μmol/L","Humid","21.838","deg","120864","µV","26.726","°C","1016.000","hPa","35.9","pmil","0","55.690","deg","20.000","°C","100.000","%a.s.","22.400","deg","20.000","°C","962.000","hPa","0.861","-0.02617","0.00035","0","0","13.56","Humid","35.35","0","78.50","280352.37","SABD0002000014","AAV2.0.0.13","3.0.3.1703","PSt7-10","180509-002","9/13/2019 10:46:52 AM","0000-00","0","no battery","V"
"06/11/2023","11:47:40","9","default","547630319","OXY_CH9","51.708","min","187.973","μmol/L","Humid","21.838","deg","120856","µV","26.732","°C","1016.000","hPa","35.9","pmil","0","55.690","deg","20.000","°C","100.000","%a.s.","22.400","deg","20.000","°C","962.000","hPa","0.861","-0.02617","0.00035","0","0","13.56","Humid","35.35","0","78.50","280338.34","SABD0002000014","AAV2.0.0.13","3.0.3.1703","PSt7-10","180509-002","9/13/2019 10:46:52 AM","0000-00","0","no battery","V"
"06/11/2023","11:47:41","9","default","547630319","OXY_CH9","51.725","min","188.057","μmol/L","Humid","21.837","deg","120849","µV","26.720","°C","1016.000","hPa","35.9","pmil","0","55.690","deg","20.000","°C","100.000","%a.s.","22.400","deg","20.000","°C","962.000","hPa","0.861","-0.02617","0.00035","0","0","13.56","Humid","35.35","0","78.50","280351.52","SABD0002000014","AAV2.0.0.13","3.0.3.1703","PSt7-10","180509-002","9/13/2019 10:46:52 AM","0000-00","0","no battery","V"
"06/11/2023","11:47:42","9","default","547630319","OXY_CH9","51.742","min","188.054","μmol/L","Humid","21.833","deg","120836","µV","26.732","°C","1016.000","hPa","35.9","pmil","0","55.690","deg","20.000","°C","100.000","%a.s.","22.400","deg","20.000","°C","962.000","hPa","0.861","-0.02617","0.00035","0","0","13.56","Humid","35.35","0","78.50","280341.94","SABD0002000014","AAV2.0.0.13","3.0.3.1703","PSt7-10","180509-002","9/13/2019 10:46:52 AM","0000-00","0","no battery","V"
"06/11/2023","11:47:43","9","default","547630319","OXY_CH9","51.758","min","188.106","μmol/L","Humid","21.834","deg","120826","µV","26.720","°C","1016.000","hPa","35.9","pmil","0","55.690","deg","20.000","°C","100.000","%a.s.","22.400","deg","20.000","°C","962.000","hPa","0.861","-0.02617","0.00035","0","0","13.56","Humid","35.35","0","78.50","280348.69","SABD0002000014","AAV2.0.0.13","3.0.3.1703","PSt7-10","180509-002","9/13/2019 10:46:52 AM","0000-00","0","no battery","V"
"06/11/2023","11:47:44","9","default","547630319","OXY_CH9","51.775","min","188.188","μmol/L","Humid","21.829","deg","120823","µV","26.720","°C","1016.000","hPa","35.9","pmil","0","55.690","deg","20.000","°C","100.000","%a.s.","22.400","deg","20.000","°C","962.000","hPa","0.861","-0.02617","0.00035","0","0","13.56","Humid","35.35","0","78.50","280353.41","SABD0002000014","AAV2.0.0.13","3.0.3.1703","PSt7-10","180509-002","9/13/2019 10:46:52 AM","0000-00","0","no battery","V"
"06/11/2023","11:47:45","9","default","547630319","OXY_CH9","51.792","min","188.139","μmol/L","Humid","21.832","deg","120824","µV","26.720","°C","1016.000","hPa","35.9","pmil","0","55.690","deg","20.000","°C","100.000","%a.s.","22.400","deg","20.000","°C","962.000","hPa","0.861","-0.02617","0.00035","0","0","13.56","Humid","35.35","0","78.50","280347.15","SABD0002000014","AAV2.0.0.13","3.0.3.1703","PSt7-10","180509-002","9/13/2019 10:46:52 AM","0000-00","0","no battery","V"
"06/11/2023","11:47:46","9","default","547630319","OXY_CH9","51.809","min","188.121","μmol/L","Humid","21.831","deg","120810","µV","26.726","°C","1016.000","hPa","35.9","pmil","0","55.690","deg","20.000","°C","100.000","%a.s.","22.400","deg","20.000","°C","962.000","hPa","0.861","-0.02617","0.00035","0","0","13.56","Humid","35.35","0","78.50","280356.37","SABD0002000014","AAV2.0.0.13","3.0.3.1703","PSt7-10","180509-002","9/13/2019 10:46:52 AM","0000-00","0","no battery","V"
"06/11/2023","11:47:47","9","default","547630319","OXY_CH9","51.825","min","188.188","μmol/L","Humid","21.829","deg","120795","µV","26.720","°C","1016.000","hPa","35.9","pmil","0","55.690","deg","20.000","°C","100.000","%a.s.","22.400","deg","20.000","°C","962.000","hPa","0.861","-0.02617","0.00035","0","0","13.56","Humid","35.35","0","78.50","280348.16","SABD0002000014","AAV2.0.0.13","3.0.3.1703","PSt7-10","180509-002","9/13/2019 10:46:52 AM","0000-00","0","no battery","V"
"06/11/2023","11:47:48","9","default","547630319","OXY_CH9","51.842","min","188.170","μmol/L","Humid","21.828","deg","120796","µV","26.726","°C","1016.000","hPa","35.9","pmil","0","55.690","deg","20.000","°C","100.000","%a.s.","22.400","deg","20.000","°C","962.000","hPa","0.861","-0.02617","0.00035","0","0","13.56","Humid","35.35","0","78.50","280343.21","SABD0002000014","AAV2.0.0.13","3.0.3.1703","PSt7-10","180509-002","9/13/2019 10:46:52 AM","0000-00","0","no battery","V"
"06/11/2023","11:47:49","9","default","547630319","OXY_CH9","51.858","min","188.168","μmol/L","Humid","21.826","deg","120788","µV","26.732","°C","1016.000","hPa","35.9","pmil","0","55.690","deg","20.000","°C","100.000","%a.s.","22.400","deg","20.000","°C","962.000","hPa","0.861","-0.02617","0.00035","0","0","13.56","Humid","35.35","0","78.50","280340.27","SABD0002000014","AAV2.0.0.13","3.0.3.1703","PSt7-10","180509-002","9/13/2019 10:46:52 AM","0000-00","0","no battery","V"
"06/11/2023","11:47:50","9","default","547630319","OXY_CH9","51.875","min","188.203","μmol/L","Humid","21.826","deg","120783","µV","26.726","°C","1016.000","hPa","35.9","pmil","0","55.690","deg","20.000","°C","100.000","%a.s.","22.400","deg","20.000","°C","962.000","hPa","0.861","-0.02617","0.00035","0","0","13.56","Humid","35.35","0","78.50","280348.82","SABD0002000014","AAV2.0.0.13","3.0.3.1703","PSt7-10","180509-002","9/13/2019 10:46:52 AM","0000-00","0","no battery","V"
"06/11/2023","11:47:51","9","default","547630319","OXY_CH9","51.892","min","188.203","μmol/L","Humid","21.826","deg","120772","µV","26.726","°C","1016.000","hPa","35.9","pmil","0","55.690","deg","20.000","°C","100.000","%a.s.","22.400","deg","20.000","°C","962.000","hPa","0.861","-0.02617","0.00035","0","0","13.56","Humid","35.35","0","78.50","280347.96","SABD0002000014","AAV2.0.0.13","3.0.3.1703","PSt7-10","180509-002","9/13/2019 10:46:52 AM","0000-00","0","no battery","V"
"06/11/2023","11:47:52","9","default","547630319","OXY_CH9","51.908","min","188.268","μmol/L","Humid","21.822","deg","120761","µV","26.726","°C","1016.000","hPa","35.9","pmil","0","55.690","deg","20.000","°C","100.000","%a.s.","22.400","deg","20.000","°C","962.000","hPa","0.861","-0.02617","0.00035","0","0","13.56","Humid","35.35","0","78.50","280352.11","SABD0002000014","AAV2.0.0.13","3.0.3.1703","PSt7-10","180509-002","9/13/2019 10:46:52 AM","0000-00","0","no battery","V"
"06/11/2023","11:47:53","9","default","547630319","OXY_CH9","51.925","min","188.301","μmol/L","Humid","21.820","deg","120767","µV","26.726","°C","1016.000","hPa","35.9","pmil","0","55.690","deg","20.000","°C","100.000","%a.s.","22.400","deg","20.000","°C","962.000","hPa","0.861","-0.02617","0.00035","0","0","13.56","Humid","35.35","0","78.50","280344.69","SABD0002000014","AAV2.0.0.13","3.0.3.1703","PSt7-10","180509-002","9/13/2019 10:46:52 AM","0000-00","0","no battery","V"
"06/11/2023","11:47:54","9","default","547630319","OXY_CH9","51.942","min","188.301","μmol/L","Humid","21.820","deg","120757","µV","26.726","°C","1016.000","hPa","35.9","pmil","0","55.690","deg","20.000","°C","100.000","%a.s.","22.400","deg","20.000","°C","962.000","hPa","0.861","-0.02617","0.00035","0","0","13.56","Humid","35.35","0","78.50","280354.21","SABD0002000014","AAV2.0.0.13","3.0.3.1703","PSt7-10","180509-002","9/13/2019 10:46:52 AM","0000-00","0","no battery","V"
"06/11/2023","11:47:55","9","default","547630319","OXY_CH9","51.958","min","188.384","μmol/L","Humid","21.817","deg","120743","µV","26.720","°C","1016.000","hPa","35.9","pmil","0","55.690","deg","20.000","°C","100.000","%a.s.","22.400","deg","20.000","°C","962.000","hPa","0.861","-0.02617","0.00035","0","0","13.56","Humid","35.35","0","78.50","280341.13","SABD0002000014","AAV2.0.0.13","3.0.3.1703","PSt7-10","180509-002","9/13/2019 10:46:52 AM","0000-00","0","no battery","V"
"06/11/2023","11:47:56","9","default","547630319","OXY_CH9","51.975","min","188.317","μmol/L","Humid","21.819","deg","120736","µV","26.726","°C","1016.000","hPa","35.9","pmil","0","55.690","deg","20.000","°C","100.000","%a.s.","22.400","deg","20.000","°C","962.000","hPa","0.861","-0.02617","0.00035","0","0","13.56","Humid","35.35","0","78.50","280345.14","SABD0002000014","AAV2.0.0.13","3.0.3.1703","PSt7-10","180509-002","9/13/2019 10:46:52 AM","0000-00","0","no battery","V"
"06/11/2023","11:47:57","9","default","547630319","OXY_CH9","51.991","min","188.317","μmol/L","Humid","21.819","deg","120721","µV","26.726","°C","1016.000","hPa","35.9","pmil","0","55.690","deg","20.000","°C","100.000","%a.s.","22.400","deg","20.000","°C","962.000","hPa","0.861","-0.02617","0.00035","0","0","13.56","Humid","35.35","0","78.50","280335.16","SABD0002000014","AAV2.0.0.13","3.0.3.1703","PSt7-10","180509-002","9/13/2019 10:46:52 AM","0000-00","0","no battery","V"
"06/11/2023","11:47:58","9","default","547630319","OXY_CH9","52.008","min","188.350","μmol/L","Humid","21.817","deg","120721","µV","26.726","°C","1016.000","hPa","35.9","pmil","0","55.690","deg","20.000","°C","100.000","%a.s.","22.400","deg","20.000","°C","962.000","hPa","0.861","-0.02617","0.00035","0","0","13.56","Humid","35.35","0","78.50","280337.03","SABD0002000014","AAV2.0.0.13","3.0.3.1703","PSt7-10","180509-002","9/13/2019 10:46:52 AM","0000-00","0","no battery","V"
"06/11/2023","11:47:59","9","default","547630319","OXY_CH9","52.024","min","188.364","μmol/L","Humid","21.814","deg","120708","µV","26.732","°C","1016.000","hPa","35.9","pmil","0","55.690","deg","20.000","°C","100.000","%a.s.","22.400","deg","20.000","°C","962.000","hPa","0.861","-0.02617","0.00035","0","0","13.56","Humid","35.35","0","78.50","280339.28","SABD0002000014","AAV2.0.0.13","3.0.3.1703","PSt7-10","180509-002","9/13/2019 10:46:52 AM","0000-00","0","no battery","V"
"06/11/2023","11:48:00","9","default","547630319","OXY_CH9","52.041","min","188.381","μmol/L","Humid","21.813","deg","120702","µV","26.732","°C","1016.000","hPa","35.9","pmil","0","55.690","deg","20.000","°C","100.000","%a.s.","22.400","deg","20.000","°C","962.000","hPa","0.861","-0.02617","0.00035","0","0","13.56","Humid","35.35","0","78.50","280335.65","SABD0002000014","AAV2.0.0.13","3.0.3.1703","PSt7-10","180509-002","9/13/2019 10:46:52 AM","0000-00","0","no battery","V"
"06/11/2023","11:48:01","9","default","547630319","OXY_CH9","52.058","min","188.498","μmol/L","Humid","21.810","deg","120693","µV","26.720","°C","1016.000","hPa","35.9","pmil","0","55.690","deg","20.000","°C","100.000","%a.s.","22.400","deg","20.000","°C","962.000","hPa","0.861","-0.02617","0.00035","0","0","13.56","Humid","35.35","0","78.50","280348.37","SABD0002000014","AAV2.0.0.13","3.0.3.1703","PSt7-10","180509-002","9/13/2019 10:46:52 AM","0000-00","0","no battery","V"
"06/11/2023","11:48:02","9","default","547630319","OXY_CH9","52.074","min","188.414","μmol/L","Humid","21.811","deg","120684","µV","26.732","°C","1016.000","hPa","35.9","pmil","0","55.690","deg","20.000","°C","100.000","%a.s.","22.400","deg","20.000","°C","962.000","hPa","0.861","-0.02617","0.00035","0","0","13.56","Humid","35.35","0","78.50","280340.53","SABD0002000014","AAV2.0.0.13","3.0.3.1703","PSt7-10","180509-002","9/13/2019 10:46:52 AM","0000-00","0","no battery","V"
"06/11/2023","11:48:03","9","default","547630319","OXY_CH9","52.091","min","188.531","μmol/L","Humid","21.808","deg","120688","µV","26.720","°C","1016.000","hPa","35.9","pmil","0","55.690","deg","20.000","°C","100.000","%a.s.","22.400","deg","20.000","°C","962.000","hPa","0.861","-0.02617","0.00035","0","0","13.56","Humid","35.35","0","78.50","280342.84","SABD0002000014","AAV2.0.0.13","3.0.3.1703","PSt7-10","180509-002","9/13/2019 10:46:52 AM","0000-00","0","no battery","V"
"06/11/2023","11:48:04","9","default","547630319","OXY_CH9","52.108","min","188.431","μmol/L","Humid","21.812","deg","120671","µV","26.726","°C","1016.000","hPa","35.9","pmil","0","55.690","deg","20.000","°C","100.000","%a.s.","22.400","deg","20.000","°C","962.000","hPa","0.861","-0.02617","0.00035","0","0","13.56","Humid","35.35","0","78.50","280340.07","SABD0002000014","AAV2.0.0.13","3.0.3.1703","PSt7-10","180509-002","9/13/2019 10:46:52 AM","0000-00","0","no battery","V"
"06/11/2023","11:48:05","9","default","547630319","OXY_CH9","52.124","min","188.497","μmol/L","Humid","21.808","deg","120663","µV","26.726","°C","1016.000","hPa","35.9","pmil","0","55.690","deg","20.000","°C","100.000","%a.s.","22.400","deg","20.000","°C","962.000","hPa","0.861","-0.02617","0.00035","0","0","13.56","Humid","35.35","0","78.50","280326.95","SABD0002000014","AAV2.0.0.13","3.0.3.1703","PSt7-10","180509-002","9/13/2019 10:46:52 AM","0000-00","0","no battery","V"
"06/11/2023","11:48:06","9","default","547630319","OXY_CH9","52.141","min","188.446","μmol/L","Humid","21.809","deg","120660","µV","26.732","°C","1016.000","hPa","35.9","pmil","0","55.690","deg","20.000","°C","100.000","%a.s.","22.400","deg","20.000","°C","962.000","hPa","0.861","-0.02617","0.00035","0","0","13.56","Humid","35.35","0","78.50","280334.41","SABD0002000014","AAV2.0.0.13","3.0.3.1703","PSt7-10","180509-002","9/13/2019 10:46:52 AM","0000-00","0","no battery","V"
"06/11/2023","11:48:07","9","default","547630319","OXY_CH9","52.158","min","188.579","μmol/L","Humid","21.803","deg","120650","µV","26.726","°C","1016.000","hPa","35.9","pmil","0","55.690","deg","20.000","°C","100.000","%a.s.","22.400","deg","20.000","°C","962.000","hPa","0.861","-0.02617","0.00035","0","0","13.56","Humid","35.35","0","78.50","280338.59","SABD0002000014","AAV2.0.0.13","3.0.3.1703","PSt7-10","180509-002","9/13/2019 10:46:52 AM","0000-00","0","no battery","V"
"06/11/2023","11:48:08","9","default","547630319","OXY_CH9","52.175","min","188.546","μmol/L","Humid","21.805","deg","120642","µV","26.726","°C","1016.000","hPa","35.9","pmil","0","55.690","deg","20.000","°C","100.000","%a.s.","22.400","deg","20.000","°C","962.000","hPa","0.861","-0.02617","0.00035","0","0","13.56","Humid","35.35","0","78.50","280338.63","SABD0002000014","AAV2.0.0.13","3.0.3.1703","PSt7-10","180509-002","9/13/2019 10:46:52 AM","0000-00","0","no battery","V"
"06/11/2023","11:48:09","9","default","547630319","OXY_CH9","52.191","min","188.546","μmol/L","Humid","21.805","deg","120632","µV","26.726","°C","1016.000","hPa","35.9","pmil","0","55.690","deg","20.000","°C","100.000","%a.s.","22.400","deg","20.000","°C","962.000","hPa","0.861","-0.02617","0.00035","0","0","13.56","Humid","35.35","0","78.50","280330.61","SABD0002000014","AAV2.0.0.13","3.0.3.1703","PSt7-10","180509-002","9/13/2019 10:46:52 AM","0000-00","0","no battery","V"
"06/11/2023","11:48:10","9","default","547630319","OXY_CH9","52.208","min","188.678","μmol/L","Humid","21.799","deg","120622","µV","26.720","°C","1016.000","hPa","35.9","pmil","0","55.690","deg","20.000","°C","100.000","%a.s.","22.400","deg","20.000","°C","962.000","hPa","0.861","-0.02617","0.00035","0","0","13.56","Humid","35.35","0","78.50","280328.39","SABD0002000014","AAV2.0.0.13","3.0.3.1703","PSt7-10","180509-002","9/13/2019 10:46:52 AM","0000-00","0","no battery","V"
"06/11/2023","11:48:11","9","default","547630319","OXY_CH9","52.224","min","188.610","μmol/L","Humid","21.799","deg","120611","µV","26.732","°C","1016.000","hPa","35.9","pmil","0","55.690","deg","20.000","°C","100.000","%a.s.","22.400","deg","20.000","°C","962.000","hPa","0.861","-0.02617","0.00035","0","0","13.56","Humid","35.35","0","78.50","280340.92","SABD0002000014","AAV2.0.0.13","3.0.3.1703","PSt7-10","180509-002","9/13/2019 10:46:52 AM","0000-00","0","no battery","V"
"06/11/2023","11:48:12","9","default","547630319","OXY_CH9","52.241","min","188.677","μmol/L","Humid","21.797","deg","120601","µV","26.726","°C","1016.000","hPa","35.9","pmil","0","55.690","deg","20.000","°C","100.000","%a.s.","22.400","deg","20.000","°C","962.000","hPa","0.861","-0.02617","0.00035","0","0","13.56","Humid","35.35","0","78.50","280332.25","SABD0002000014","AAV2.0.0.13","3.0.3.1703","PSt7-10","180509-002","9/13/2019 10:46:52 AM","0000-00","0","no battery","V"
"06/11/2023","11:48:13","9","default","547630319","OXY_CH9","52.258","min","188.710","μmol/L","Humid","21.795","deg","120609","µV","26.726","°C","1016.000","hPa","35.9","pmil","0","55.690","deg","20.000","°C","100.000","%a.s.","22.400","deg","20.000","°C","962.000","hPa","0.861","-0.02617","0.00035","0","0","13.56","Humid","35.35","0","78.50","280345.25","SABD0002000014","AAV2.0.0.13","3.0.3.1703","PSt7-10","180509-002","9/13/2019 10:46:52 AM","0000-00","0","no battery","V"
"06/11/2023","11:48:14","9","default","547630319","OXY_CH9","52.274","min","188.710","μmol/L","Humid","21.795","deg","120588","µV","26.726","°C","1016.000","hPa","35.9","pmil","0","55.690","deg","20.000","°C","100.000","%a.s.","22.400","deg","20.000","°C","962.000","hPa","0.861","-0.02617","0.00035","0","0","13.56","Humid","35.35","0","78.50","280324.90","SABD0002000014","AAV2.0.0.13","3.0.3.1703","PSt7-10","180509-002","9/13/2019 10:46:52 AM","0000-00","0","no battery","V"
"06/11/2023","11:48:15","9","default","547630319","OXY_CH9","52.291","min","188.677","μmol/L","Humid","21.797","deg","120589","µV","26.726","°C","1016.000","hPa","35.9","pmil","0","55.690","deg","20.000","°C","100.000","%a.s.","22.400","deg","20.000","°C","962.000","hPa","0.861","-0.02617","0.00035","0","0","13.56","Humid","35.35","0","78.50","280329.80","SABD0002000014","AAV2.0.0.13","3.0.3.1703","PSt7-10","180509-002","9/13/2019 10:46:52 AM","0000-00","0","no battery","V"
"06/11/2023","11:48:16","9","default","547630319","OXY_CH9","52.308","min","188.693","μmol/L","Humid","21.796","deg","120576","µV","26.726","°C","1016.000","hPa","35.9","pmil","0","55.690","deg","20.000","°C","100.000","%a.s.","22.400","deg","20.000","°C","962.000","hPa","0.861","-0.02617","0.00035","0","0","13.56","Humid","35.35","0","78.50","280341.47","SABD0002000014","AAV2.0.0.13","3.0.3.1703","PSt7-10","180509-002","9/13/2019 10:46:52 AM","0000-00","0","no battery","V"
"06/11/2023","11:48:17","9","default","547630319","OXY_CH9","52.325","min","188.793","μmol/L","Humid","21.792","deg","120572","µV","26.720","°C","1016.000","hPa","35.9","pmil","0","55.690","deg","20.000","°C","100.000","%a.s.","22.400","deg","20.000","°C","962.000","hPa","0.861","-0.02617","0.00035","0","0","13.56","Humid","35.35","0","78.50","280339.81","SABD0002000014","AAV2.0.0.13","3.0.3.1703","PSt7-10","180509-002","9/13/2019 10:46:52 AM","0000-00","0","no battery","V"
"06/11/2023","11:48:18","9","default","547630319","OXY_CH9","52.341","min","188.826","μmol/L","Humid","21.790","deg","120555","µV","26.720","°C","1016.000","hPa","35.9","pmil","0","55.690","deg","20.000","°C","100.000","%a.s.","22.400","deg","20.000","°C","962.000","hPa","0.861","-0.02617","0.00035","0","0","13.56","Humid","35.35","0","78.50","280330.58","SABD0002000014","AAV2.0.0.13","3.0.3.1703","PSt7-10","180509-002","9/13/2019 10:46:52 AM","0000-00","0","no battery","V"
"06/11/2023","11:48:19","9","default","547630319","OXY_CH9","52.358","min","188.741","μmol/L","Humid","21.791","deg","120551","µV","26.732","°C","1016.000","hPa","35.9","pmil","0","55.690","deg","20.000","°C","100.000","%a.s.","22.400","deg","20.000","°C","962.000","hPa","0.861","-0.02617","0.00035","0","0","13.56","Humid","35.35","0","78.50","280327.48","SABD0002000014","AAV2.0.0.13","3.0.3.1703","PSt7-10","180509-002","9/13/2019 10:46:52 AM","0000-00","0","no battery","V"
"06/11/2023","11:48:20","9","default","547630319","OXY_CH9","52.375","min","188.793","μmol/L","Humid","21.792","deg","120552","µV","26.720","°C","1016.000","hPa","35.9","pmil","0","55.690","deg","20.000","°C","100.000","%a.s.","22.400","deg","20.000","°C","962.000","hPa","0.861","-0.02617","0.00035","0","0","13.56","Humid","35.35","0","78.50","280329.42","SABD0002000014","AAV2.0.0.13","3.0.3.1703","PSt7-10","180509-002","9/13/2019 10:46:52 AM","0000-00","0","no battery","V"
"06/11/2023","11:48:21","9","default","547630319","OXY_CH9","52.392","min","188.774","μmol/L","Humid","21.789","deg","120536","µV","26.732","°C","1016.000","hPa","35.9","pmil","0","55.690","deg","20.000","°C","100.000","%a.s.","22.400","deg","20.000","°C","962.000","hPa","0.861","-0.02617","0.00035","0","0","13.56","Humid","35.35","0","78.50","280325.23","SABD0002000014","AAV2.0.0.13","3.0.3.1703","PSt7-10","180509-002","9/13/2019 10:46:52 AM","0000-00","0","no battery","V"
"06/11/2023","11:48:22","9","default","547630319","OXY_CH9","52.409","min","188.841","μmol/L","Humid","21.787","deg","120531","µV","26.726","°C","1016.000","hPa","35.9","pmil","0","55.690","deg","20.000","°C","100.000","%a.s.","22.400","deg","20.000","°C","962.000","hPa","0.861","-0.02617","0.00035","0","0","13.56","Humid","35.35","0","78.50","280326.81","SABD0002000014","AAV2.0.0.13","3.0.3.1703","PSt7-10","180509-002","9/13/2019 10:46:52 AM","0000-00","0","no battery","V"
"06/11/2023","11:48:23","9","default","547630319","OXY_CH9","52.425","min","188.872","μmol/L","Humid","21.783","deg","120515","µV","26.732","°C","1016.000","hPa","35.9","pmil","0","55.690","deg","20.000","°C","100.000","%a.s.","22.400","deg","20.000","°C","962.000","hPa","0.861","-0.02617","0.00035","0","0","13.56","Humid","35.35","0","78.50","280331.57","SABD0002000014","AAV2.0.0.13","3.0.3.1703","PSt7-10","180509-002","9/13/2019 10:46:52 AM","0000-00","0","no battery","V"
"06/11/2023","11:48:24","9","default","547630319","OXY_CH9","52.442","min","188.839","μmol/L","Humid","21.785","deg","120516","µV","26.732","°C","1016.000","hPa","35.9","pmil","0","55.690","deg","20.000","°C","100.000","%a.s.","22.400","deg","20.000","°C","962.000","hPa","0.861","-0.02617","0.00035","0","0","13.56","Humid","35.35","0","78.50","280335.55","SABD0002000014","AAV2.0.0.13","3.0.3.1703","PSt7-10","180509-002","9/13/2019 10:46:52 AM","0000-00","0","no battery","V"
"06/11/2023","11:48:25","9","default","547630319","OXY_CH9","52.459","min","188.956","μmol/L","Humid","21.780","deg","120504","µV","26.726","°C","1016.000","hPa","35.9","pmil","0","55.690","deg","20.000","°C","100.000","%a.s.","22.400","deg","20.000","°C","962.000","hPa","0.861","-0.02617","0.00035","0","0","13.56","Humid","35.35","0","78.50","280321.80","SABD0002000014","AAV2.0.0.13","3.0.3.1703","PSt7-10","180509-002","9/13/2019 10:46:52 AM","0000-00","0","no battery","V"
"06/11/2023","11:48:26","9","default","547630319","OXY_CH9","52.475","min","188.890","μmol/L","Humid","21.784","deg","120498","µV","26.726","°C","1016.000","hPa","35.9","pmil","0","55.690","deg","20.000","°C","100.000","%a.s.","22.400","deg","20.000","°C","962.000","hPa","0.861","-0.02617","0.00035","0","0","13.56","Humid","35.35","0","78.50","280326.64","SABD0002000014","AAV2.0.0.13","3.0.3.1703","PSt7-10","180509-002","9/13/2019 10:46:52 AM","0000-00","0","no battery","V"
"06/11/2023","11:48:27","9","default","547630319","OXY_CH9","52.492","min","188.907","μmol/L","Humid","21.783","deg","120498","µV","26.726","°C","1016.000","hPa","35.9","pmil","0","55.690","deg","20.000","°C","100.000","%a.s.","22.400","deg","20.000","°C","962.000","hPa","0.861","-0.02617","0.00035","0","0","13.56","Humid","35.35","0","78.50","280327.26","SABD0002000014","AAV2.0.0.13","3.0.3.1703","PSt7-10","180509-002","9/13/2019 10:46:52 AM","0000-00","0","no battery","V"
"06/11/2023","11:48:28","9","default","547630319","OXY_CH9","52.509","min","188.956","μmol/L","Humid","21.780","deg","120480","µV","26.726","°C","1016.000","hPa","35.9","pmil","0","55.690","deg","20.000","°C","100.000","%a.s.","22.400","deg","20.000","°C","962.000","hPa","0.861","-0.02617","0.00035","0","0","13.56","Humid","35.35","0","78.50","280323.36","SABD0002000014","AAV2.0.0.13","3.0.3.1703","PSt7-10","180509-002","9/13/2019 10:46:52 AM","0000-00","0","no battery","V"
"06/11/2023","11:48:29","9","default","547630319","OXY_CH9","52.525","min","188.972","μmol/L","Humid","21.779","deg","120473","µV","26.726","°C","1016.000","hPa","35.9","pmil","0","55.690","deg","20.000","°C","100.000","%a.s.","22.400","deg","20.000","°C","962.000","hPa","0.861","-0.02617","0.00035","0","0","13.56","Humid","35.35","0","78.50","280327.95","SABD0002000014","AAV2.0.0.13","3.0.3.1703","PSt7-10","180509-002","9/13/2019 10:46:52 AM","0000-00","0","no battery","V"
"06/11/2023","11:48:30","9","default","547630319","OXY_CH9","52.542","min","189.021","μmol/L","Humid","21.776","deg","120468","µV","26.726","°C","1016.000","hPa","35.9","pmil","0","55.690","deg","20.000","°C","100.000","%a.s.","22.400","deg","20.000","°C","962.000","hPa","0.861","-0.02617","0.00035","0","0","13.56","Humid","35.35","0","78.50","280329.65","SABD0002000014","AAV2.0.0.13","3.0.3.1703","PSt7-10","180509-002","9/13/2019 10:46:52 AM","0000-00","0","no battery","V"
"06/11/2023","11:48:31","9","default","547630319","OXY_CH9","52.559","min","189.089","μmol/L","Humid","21.774","deg","120459","µV","26.720","°C","1016.000","hPa","35.9","pmil","0","55.690","deg","20.000","°C","100.000","%a.s.","22.400","deg","20.000","°C","962.000","hPa","0.861","-0.02617","0.00035","0","0","13.56","Humid","35.35","0","78.50","280331.48","SABD0002000014","AAV2.0.0.13","3.0.3.1703","PSt7-10","180509-002","9/13/2019 10:46:52 AM","0000-00","0","no battery","V"
"06/11/2023","11:48:32","9","default","547630319","OXY_CH9","52.575","min","189.054","μmol/L","Humid","21.774","deg","120454","µV","26.726","°C","1016.000","hPa","35.9","pmil","0","55.690","deg","20.000","°C","100.000","%a.s.","22.400","deg","20.000","°C","962.000","hPa","0.861","-0.02617","0.00035","0","0","13.56","Humid","35.35","0","78.50","280332.76","SABD0002000014","AAV2.0.0.13","3.0.3.1703","PSt7-10","180509-002","9/13/2019 10:46:52 AM","0000-00","0","no battery","V"
"06/11/2023","11:48:33","9","default","547630319","OXY_CH9","52.592","min","189.021","μmol/L","Humid","21.776","deg","120448","µV","26.726","°C","1016.000","hPa","35.9","pmil","0","55.690","deg","20.000","°C","100.000","%a.s.","22.400","deg","20.000","°C","962.000","hPa","0.861","-0.02617","0.00035","0","0","13.56","Humid","35.35","0","78.50","280336.88","SABD0002000014","AAV2.0.0.13","3.0.3.1703","PSt7-10","180509-002","9/13/2019 10:46:52 AM","0000-00","0","no battery","V"
"06/11/2023","11:48:34","9","default","547630319","OXY_CH9","52.608","min","189.105","μmol/L","Humid","21.773","deg","120434","µV","26.720","°C","1016.000","hPa","35.9","pmil","0","55.690","deg","20.000","°C","100.000","%a.s.","22.400","deg","20.000","°C","962.000","hPa","0.861","-0.02617","0.00035","0","0","13.56","Humid","35.35","0","78.50","280324.67","SABD0002000014","AAV2.0.0.13","3.0.3.1703","PSt7-10","180509-002","9/13/2019 10:46:52 AM","0000-00","0","no battery","V"
"06/11/2023","11:48:35","9","default","547630319","OXY_CH9","52.625","min","189.136","μmol/L","Humid","21.769","deg","120435","µV","26.726","°C","1016.000","hPa","35.9","pmil","0","55.690","deg","20.000","°C","100.000","%a.s.","22.400","deg","20.000","°C","962.000","hPa","0.861","-0.02617","0.00035","0","0","13.56","Humid","35.35","0","78.50","280324.61","SABD0002000014","AAV2.0.0.13","3.0.3.1703","PSt7-10","180509-002","9/13/2019 10:46:52 AM","0000-00","0","no battery","V"
"06/11/2023","11:48:36","9","default","547630319","OXY_CH9","52.641","min","189.154","μmol/L","Humid","21.770","deg","120424","µV","26.720","°C","1016.000","hPa","35.9","pmil","0","55.690","deg","20.000","°C","100.000","%a.s.","22.400","deg","20.000","°C","962.000","hPa","0.861","-0.02617","0.00035","0","0","13.56","Humid","35.35","0","78.50","280322.98","SABD0002000014","AAV2.0.0.13","3.0.3.1703","PSt7-10","180509-002","9/13/2019 10:46:52 AM","0000-00","0","no battery","V"
"06/11/2023","11:48:37","9","default","547630319","OXY_CH9","52.658","min","189.087","μmol/L","Humid","21.772","deg","120414","µV","26.726","°C","1016.000","hPa","35.9","pmil","0","55.690","deg","20.000","°C","100.000","%a.s.","22.400","deg","20.000","°C","962.000","hPa","0.861","-0.02617","0.00035","0","0","13.56","Humid","35.35","0","78.50","280333.31","SABD0002000014","AAV2.0.0.13","3.0.3.1703","PSt7-10","180509-002","9/13/2019 10:46:52 AM","0000-00","0","no battery","V"
"06/11/2023","11:48:38","9","default","547630319","OXY_CH9","52.675","min","189.102","μmol/L","Humid","21.769","deg","120413","µV","26.732","°C","1016.000","hPa","35.9","pmil","0","55.690","deg","20.000","°C","100.000","%a.s.","22.400","deg","20.000","°C","962.000","hPa","0.861","-0.02617","0.00035","0","0","13.56","Humid","35.35","0","78.50","280319.88","SABD0002000014","AAV2.0.0.13","3.0.3.1703","PSt7-10","180509-002","9/13/2019 10:46:52 AM","0000-00","0","no battery","V"
"06/11/2023","11:48:39","9","default","547630319","OXY_CH9","52.691","min","189.169","μmol/L","Humid","21.767","deg","120398","µV","26.726","°C","1016.000","hPa","35.9","pmil","0","55.690","deg","20.000","°C","100.000","%a.s.","22.400","deg","20.000","°C","962.000","hPa","0.861","-0.02617","0.00035","0","0","13.56","Humid","35.35","0","78.50","280335.14","SABD0002000014","AAV2.0.0.13","3.0.3.1703","PSt7-10","180509-002","9/13/2019 10:46:52 AM","0000-00","0","no battery","V"
"06/11/2023","11:48:40","9","default","547630319","OXY_CH9","52.708","min","189.219","μmol/L","Humid","21.764","deg","120396","µV","26.726","°C","1016.000","hPa","35.9","pmil","0","55.690","deg","20.000","°C","100.000","%a.s.","22.400","deg","20.000","°C","962.000","hPa","0.861","-0.02617","0.00035","0","0","13.56","Humid","35.35","0","78.50","280331.74","SABD0002000014","AAV2.0.0.13","3.0.3.1703","PSt7-10","180509-002","9/13/2019 10:46:52 AM","0000-00","0","no battery","V"
"06/11/2023","11:48:41","9","default","547630319","OXY_CH9","52.725","min","189.286","μmol/L","Humid","21.762","deg","120375","µV","26.720","°C","1016.000","hPa","35.9","pmil","0","55.690","deg","20.000","°C","100.000","%a.s.","22.400","deg","20.000","°C","962.000","hPa","0.861","-0.02617","0.00035","0","0","13.56","Humid","35.35","0","78.50","280324.73","SABD0002000014","AAV2.0.0.13","3.0.3.1703","PSt7-10","180509-002","9/13/2019 10:46:52 AM","0000-00","0","no battery","V"
"06/11/2023","11:48:42","9","default","547630319","OXY_CH9","52.742","min","189.184","μmol/L","Humid","21.764","deg","120380","µV","26.732","°C","1016.000","hPa","35.9","pmil","0","55.690","deg","20.000","°C","100.000","%a.s.","22.400","deg","20.000","°C","962.000","hPa","0.861","-0.02617","0.00035","0","0","13.56","Humid","35.35","0","78.50","280325.39","SABD0002000014","AAV2.0.0.13","3.0.3.1703","PSt7-10","180509-002","9/13/2019 10:46:52 AM","0000-00","0","no battery","V"
"06/11/2023","11:48:43","9","default","547630319","OXY_CH9","52.758","min","189.219","μmol/L","Humid","21.764","deg","120374","µV","26.726","°C","1016.000","hPa","35.9","pmil","0","55.690","deg","20.000","°C","100.000","%a.s.","22.400","deg","20.000","°C","962.000","hPa","0.861","-0.02617","0.00035","0","0","13.56","Humid","35.35","0","78.50","280325.95","SABD0002000014","AAV2.0.0.13","3.0.3.1703","PSt7-10","180509-002","9/13/2019 10:46:52 AM","0000-00","0","no battery","V"
"06/11/2023","11:48:44","9","default","547630319","OXY_CH9","52.775","min","189.268","μmol/L","Humid","21.761","deg","120360","µV","26.726","°C","1016.000","hPa","35.9","pmil","0","55.690","deg","20.000","°C","100.000","%a.s.","22.400","deg","20.000","°C","962.000","hPa","0.861","-0.02617","0.00035","0","0","13.56","Humid","35.35","0","78.50","280322.75","SABD0002000014","AAV2.0.0.13","3.0.3.1703","PSt7-10","180509-002","9/13/2019 10:46:52 AM","0000-00","0","no battery","V"
"06/11/2023","11:48:45","9","default","547630319","OXY_CH9","52.792","min","189.301","μmol/L","Humid","21.759","deg","120357","µV","26.726","°C","1016.000","hPa","35.9","pmil","0","55.690","deg","20.000","°C","100.000","%a.s.","22.400","deg","20.000","°C","962.000","hPa","0.861","-0.02617","0.00035","0","0","13.56","Humid","35.35","0","78.50","280326.48","SABD0002000014","AAV2.0.0.13","3.0.3.1703","PSt7-10","180509-002","9/13/2019 10:46:52 AM","0000-00","0","no battery","V"
"06/11/2023","11:48:46","9","default","547630319","OXY_CH9","52.808","min","189.317","μmol/L","Humid","21.758","deg","120348","µV","26.726","°C","1016.000","hPa","35.9","pmil","0","55.690","deg","20.000","°C","100.000","%a.s.","22.400","deg","20.000","°C","962.000","hPa","0.861","-0.02617","0.00035","0","0","13.56","Humid","35.35","0","78.50","280324.67","SABD0002000014","AAV2.0.0.13","3.0.3.1703","PSt7-10","180509-002","9/13/2019 10:46:52 AM","0000-00","0","no battery","V"
"06/11/2023","11:48:47","9","default","547630319","OXY_CH9","52.825","min","189.367","μmol/L","Humid","21.755","deg","120343","µV","26.726","°C","1016.000","hPa","35.9","pmil","0","55.690","deg","20.000","°C","100.000","%a.s.","22.400","deg","20.000","°C","962.000","hPa","0.861","-0.02617","0.00035","0","0","13.56","Humid","35.35","0","78.50","280326.57","SABD0002000014","AAV2.0.0.13","3.0.3.1703","PSt7-10","180509-002","9/13/2019 10:46:52 AM","0000-00","0","no battery","V"
"06/11/2023","11:48:48","9","default","547630319","OXY_CH9","52.842","min","189.400","μmol/L","Humid","21.753","deg","120326","µV","26.726","°C","1016.000","hPa","35.9","pmil","0","55.690","deg","20.000","°C","100.000","%a.s.","22.400","deg","20.000","°C","962.000","hPa","0.861","-0.02617","0.00035","0","0","13.56","Humid","35.35","0","78.50","280315.10","SABD0002000014","AAV2.0.0.13","3.0.3.1703","PSt7-10","180509-002","9/13/2019 10:46:52 AM","0000-00","0","no battery","V"
"06/11/2023","11:48:49","9","default","547630319","OXY_CH9","52.858","min","189.367","μmol/L","Humid","21.755","deg","120317","µV","26.726","°C","1016.000","hPa","35.9","pmil","0","55.690","deg","20.000","°C","100.000","%a.s.","22.400","deg","20.000","°C","962.000","hPa","0.861","-0.02617","0.00035","0","0","13.56","Humid","35.35","0","78.50","280323.46","SABD0002000014","AAV2.0.0.13","3.0.3.1703","PSt7-10","180509-002","9/13/2019 10:46:52 AM","0000-00","0","no battery","V"
"06/11/2023","11:48:50","9","default","547630319","OXY_CH9","52.875","min","189.382","μmol/L","Humid","21.752","deg","120312","µV","26.732","°C","1016.000","hPa","35.9","pmil","0","55.690","deg","20.000","°C","100.000","%a.s.","22.400","deg","20.000","°C","962.000","hPa","0.861","-0.02617","0.00035","0","0","13.56","Humid","35.35","0","78.50","280319.36","SABD0002000014","AAV2.0.0.13","3.0.3.1703","PSt7-10","180509-002","9/13/2019 10:46:52 AM","0000-00","0","no battery","V"
"06/11/2023","11:48:51","9","default","547630319","OXY_CH9","52.891","min","189.449","μmol/L","Humid","21.750","deg","120298","µV","26.726","°C","1016.000","hPa","35.9","pmil","0","55.690","deg","20.000","°C","100.000","%a.s.","22.400","deg","20.000","°C","962.000","hPa","0.861","-0.02617","0.00035","0","0","13.56","Humid","35.35","0","78.50","280318.41","SABD0002000014","AAV2.0.0.13","3.0.3.1703","PSt7-10","180509-002","9/13/2019 10:46:52 AM","0000-00","0","no battery","V"
"06/11/2023","11:48:52","9","default","547630319","OXY_CH9","52.908","min","189.433","μmol/L","Humid","21.751","deg","120301","µV","26.726","°C","1016.000","hPa","35.9","pmil","0","55.690","deg","20.000","°C","100.000","%a.s.","22.400","deg","20.000","°C","962.000","hPa","0.861","-0.02617","0.00035","0","0","13.56","Humid","35.35","0","78.50","280324.00","SABD0002000014","AAV2.0.0.13","3.0.3.1703","PSt7-10","180509-002","9/13/2019 10:46:52 AM","0000-00","0","no battery","V"
"06/11/2023","11:48:53","9","default","547630319","OXY_CH9","52.924","min","189.398","μmol/L","Humid","21.751","deg","120289","µV","26.732","°C","1016.000","hPa","35.9","pmil","0","55.690","deg","20.000","°C","100.000","%a.s.","22.400","deg","20.000","°C","962.000","hPa","0.861","-0.02617","0.00035","0","0","13.56","Humid","35.35","0","78.50","280321.57","SABD0002000014","AAV2.0.0.13","3.0.3.1703","PSt7-10","180509-002","9/13/2019 10:46:52 AM","0000-00","0","no battery","V"
"06/11/2023","11:48:54","9","default","547630319","OXY_CH9","52.941","min","189.515","μmol/L","Humid","21.746","deg","120281","µV","26.726","°C","1016.000","hPa","35.9","pmil","0","55.690","deg","20.000","°C","100.000","%a.s.","22.400","deg","20.000","°C","962.000","hPa","0.861","-0.02617","0.00035","0","0","13.56","Humid","35.35","0","78.50","280321.71","SABD0002000014","AAV2.0.0.13","3.0.3.1703","PSt7-10","180509-002","9/13/2019 10:46:52 AM","0000-00","0","no battery","V"
"06/11/2023","11:48:55","9","default","547630319","OXY_CH9","52.958","min","189.497","μmol/L","Humid","21.745","deg","120272","µV","26.732","°C","1016.000","hPa","35.9","pmil","0","55.690","deg","20.000","°C","100.000","%a.s.","22.400","deg","20.000","°C","962.000","hPa","0.861","-0.02617","0.00035","0","0","13.56","Humid","35.35","0","78.50","280311.48","SABD0002000014","AAV2.0.0.13","3.0.3.1703","PSt7-10","180509-002","9/13/2019 10:46:52 AM","0000-00","0","no battery","V"
"06/11/2023","11:48:56","9","default","547630319","OXY_CH9","52.974","min","189.615","μmol/L","Humid","21.742","deg","120263","µV","26.720","°C","1016.000","hPa","35.9","pmil","0","55.690","deg","20.000","°C","100.000","%a.s.","22.400","deg","20.000","°C","962.000","hPa","0.861","-0.02617","0.00035","0","0","13.56","Humid","35.35","0","78.50","280307.15","SABD0002000014","AAV2.0.0.13","3.0.3.1703","PSt7-10","180509-002","9/13/2019 10:46:52 AM","0000-00","0","no battery","V"
"06/11/2023","11:48:57","9","default","547630319","OXY_CH9","52.992","min","189.515","μmol/L","Humid","21.746","deg","120258","µV","26.726","°C","1016.000","hPa","35.9","pmil","0","55.690","deg","20.000","°C","100.000","%a.s.","22.400","deg","20.000","°C","962.000","hPa","0.861","-0.02617","0.00035","0","0","13.56","Humid","35.35","0","78.50","280311.25","SABD0002000014","AAV2.0.0.13","3.0.3.1703","PSt7-10","180509-002","9/13/2019 10:46:52 AM","0000-00","0","no battery","V"
"06/11/2023","11:48:58","9","default","547630319","OXY_CH9","53.009","min","189.546","μmol/L","Humid","21.742","deg","120251","µV","26.732","°C","1016.000","hPa","35.9","pmil","0","55.690","deg","20.000","°C","100.000","%a.s.","22.400","deg","20.000","°C","962.000","hPa","0.861","-0.02617","0.00035","0","0","13.56","Humid","35.35","0","78.50","280326.00","SABD0002000014","AAV2.0.0.13","3.0.3.1703","PSt7-10","180509-002","9/13/2019 10:46:52 AM","0000-00","0","no battery","V"
"06/11/2023","11:48:59","9","default","547630319","OXY_CH9","53.025","min","189.548","μmol/L","Humid","21.744","deg","120241","µV","26.726","°C","1016.000","hPa","35.9","pmil","0","55.690","deg","20.000","°C","100.000","%a.s.","22.400","deg","20.000","°C","962.000","hPa","0.861","-0.02617","0.00035","0","0","13.56","Humid","35.35","0","78.50","280299.27","SABD0002000014","AAV2.0.0.13","3.0.3.1703","PSt7-10","180509-002","9/13/2019 10:46:52 AM","0000-00","0","no battery","V"
"06/11/2023","11:49:00","9","default","547630319","OXY_CH9","53.042","min","189.599","μmol/L","Humid","21.743","deg","120234","µV","26.720","°C","1016.000","hPa","35.9","pmil","0","55.690","deg","20.000","°C","100.000","%a.s.","22.400","deg","20.000","°C","962.000","hPa","0.861","-0.02617","0.00035","0","0","13.56","Humid","35.35","0","78.50","280319.20","SABD0002000014","AAV2.0.0.13","3.0.3.1703","PSt7-10","180509-002","9/13/2019 10:46:52 AM","0000-00","0","no battery","V"
"06/11/2023","11:49:01","9","default","547630319","OXY_CH9","53.059","min","189.597","μmol/L","Humid","21.741","deg","120232","µV","26.726","°C","1016.000","hPa","35.9","pmil","0","55.690","deg","20.000","°C","100.000","%a.s.","22.400","deg","20.000","°C","962.000","hPa","0.861","-0.02617","0.00035","0","0","13.56","Humid","35.35","0","78.50","280313.49","SABD0002000014","AAV2.0.0.13","3.0.3.1703","PSt7-10","180509-002","9/13/2019 10:46:52 AM","0000-00","0","no battery","V"
"06/11/2023","11:49:02","9","default","547630319","OXY_CH9","53.075","min","189.630","μmol/L","Humid","21.739","deg","120216","µV","26.726","°C","1016.000","hPa","35.9","pmil","0","55.690","deg","20.000","°C","100.000","%a.s.","22.400","deg","20.000","°C","962.000","hPa","0.861","-0.02617","0.00035","0","0","13.56","Humid","35.35","0","78.50","280311.82","SABD0002000014","AAV2.0.0.13","3.0.3.1703","PSt7-10","180509-002","9/13/2019 10:46:52 AM","0000-00","0","no battery","V"
"06/11/2023","11:49:03","9","default","547630319","OXY_CH9","53.092","min","189.630","μmol/L","Humid","21.739","deg","120211","µV","26.726","°C","1016.000","hPa","35.9","pmil","0","55.690","deg","20.000","°C","100.000","%a.s.","22.400","deg","20.000","°C","962.000","hPa","0.861","-0.02617","0.00035","0","0","13.56","Humid","35.35","0","78.50","280313.84","SABD0002000014","AAV2.0.0.13","3.0.3.1703","PSt7-10","180509-002","9/13/2019 10:46:52 AM","0000-00","0","no battery","V"
"06/11/2023","11:49:04","9","default","547630319","OXY_CH9","53.109","min","189.698","μmol/L","Humid","21.737","deg","120210","µV","26.720","°C","1016.000","hPa","35.9","pmil","0","55.690","deg","20.000","°C","100.000","%a.s.","22.400","deg","20.000","°C","962.000","hPa","0.861","-0.02617","0.00035","0","0","13.56","Humid","35.35","0","78.50","280311.77","SABD0002000014","AAV2.0.0.13","3.0.3.1703","PSt7-10","180509-002","9/13/2019 10:46:52 AM","0000-00","0","no battery","V"
"06/11/2023","11:49:05","9","default","547630319","OXY_CH9","53.125","min","189.698","μmol/L","Humid","21.737","deg","120189","µV","26.720","°C","1016.000","hPa","35.9","pmil","0","55.690","deg","20.000","°C","100.000","%a.s.","22.400","deg","20.000","°C","962.000","hPa","0.861","-0.02617","0.00035","0","0","13.56","Humid","35.35","0","78.50","280315.75","SABD0002000014","AAV2.0.0.13","3.0.3.1703","PSt7-10","180509-002","9/13/2019 10:46:52 AM","0000-00","0","no battery","V"
"06/11/2023","11:49:06","9","default","547630319","OXY_CH9","53.142","min","189.744","μmol/L","Humid","21.730","deg","120187","µV","26.732","°C","1016.000","hPa","35.9","pmil","0","55.690","deg","20.000","°C","100.000","%a.s.","22.400","deg","20.000","°C","962.000","hPa","0.861","-0.02617","0.00035","0","0","13.56","Humid","35.35","0","78.50","280316.39","SABD0002000014","AAV2.0.0.13","3.0.3.1703","PSt7-10","180509-002","9/13/2019 10:46:52 AM","0000-00","0","no battery","V"
"06/11/2023","11:49:07","9","default","547630319","OXY_CH9","53.158","min","189.695","μmol/L","Humid","21.733","deg","120174","µV","26.732","°C","1016.000","hPa","35.9","pmil","0","55.690","deg","20.000","°C","100.000","%a.s.","22.400","deg","20.000","°C","962.000","hPa","0.861","-0.02617","0.00035","0","0","13.56","Humid","35.35","0","78.50","280310.73","SABD0002000014","AAV2.0.0.13","3.0.3.1703","PSt7-10","180509-002","9/13/2019 10:46:52 AM","0000-00","0","no battery","V"
"06/11/2023","11:49:08","9","default","547630319","OXY_CH9","53.175","min","189.795","μmol/L","Humid","21.729","deg","120168","µV","26.726","°C","1016.000","hPa","35.9","pmil","0","55.690","deg","20.000","°C","100.000","%a.s.","22.400","deg","20.000","°C","962.000","hPa","0.861","-0.02617","0.00035","0","0","13.56","Humid","35.35","0","78.50","280320.84","SABD0002000014","AAV2.0.0.13","3.0.3.1703","PSt7-10","180509-002","9/13/2019 10:46:52 AM","0000-00","0","no battery","V"
"06/11/2023","11:49:09","9","default","547630319","OXY_CH9","53.192","min","189.830","μmol/L","Humid","21.729","deg","120168","µV","26.720","°C","1016.000","hPa","35.9","pmil","0","55.690","deg","20.000","°C","100.000","%a.s.","22.400","deg","20.000","°C","962.000","hPa","0.861","-0.02617","0.00035","0","0","13.56","Humid","35.35","0","78.50","280326.00","SABD0002000014","AAV2.0.0.13","3.0.3.1703","PSt7-10","180509-002","9/13/2019 10:46:52 AM","0000-00","0","no battery","V"
"06/11/2023","11:49:10","9","default","547630319","OXY_CH9","53.209","min","189.777","μmol/L","Humid","21.728","deg","120162","µV","26.732","°C","1016.000","hPa","35.9","pmil","0","55.690","deg","20.000","°C","100.000","%a.s.","22.400","deg","20.000","°C","962.000","hPa","0.861","-0.02617","0.00035","0","0","13.56","Humid","35.35","0","78.50","280322.69","SABD0002000014","AAV2.0.0.13","3.0.3.1703","PSt7-10","180509-002","9/13/2019 10:46:52 AM","0000-00","0","no battery","V"
"06/11/2023","11:49:11","9","default","547630319","OXY_CH9","53.225","min","189.827","μmol/L","Humid","21.725","deg","120152","µV","26.732","°C","1016.000","hPa","35.9","pmil","0","55.690","deg","20.000","°C","100.000","%a.s.","22.400","deg","20.000","°C","962.000","hPa","0.861","-0.02617","0.00035","0","0","13.56","Humid","35.35","0","78.50","280322.15","SABD0002000014","AAV2.0.0.13","3.0.3.1703","PSt7-10","180509-002","9/13/2019 10:46:52 AM","0000-00","0","no battery","V"
"06/11/2023","11:49:12","9","default","547630319","OXY_CH9","53.242","min","189.794","μmol/L","Humid","21.727","deg","120142","µV","26.732","°C","1016.000","hPa","35.9","pmil","0","55.690","deg","20.000","°C","100.000","%a.s.","22.400","deg","20.000","°C","962.000","hPa","0.861","-0.02617","0.00035","0","0","13.56","Humid","35.35","0","78.50","280322.27","SABD0002000014","AAV2.0.0.13","3.0.3.1703","PSt7-10","180509-002","9/13/2019 10:46:52 AM","0000-00","0","no battery","V"
"06/11/2023","11:49:13","9","default","547630319","OXY_CH9","53.258","min","189.896","μmol/L","Humid","21.725","deg","120129","µV","26.720","°C","1016.000","hPa","35.9","pmil","0","55.690","deg","20.000","°C","100.000","%a.s.","22.400","deg","20.000","°C","962.000","hPa","0.861","-0.02617","0.00035","0","0","13.56","Humid","35.35","0","78.50","280317.12","SABD0002000014","AAV2.0.0.13","3.0.3.1703","PSt7-10","180509-002","9/13/2019 10:46:52 AM","0000-00","0","no battery","V"
"06/11/2023","11:49:14","9","default","547630319","OXY_CH9","53.275","min","189.845","μmol/L","Humid","21.726","deg","120124","µV","26.726","°C","1016.000","hPa","35.9","pmil","0","55.690","deg","20.000","°C","100.000","%a.s.","22.400","deg","20.000","°C","962.000","hPa","0.861","-0.02617","0.00035","0","0","13.56","Humid","35.35","0","78.50","280304.01","SABD0002000014","AAV2.0.0.13","3.0.3.1703","PSt7-10","180509-002","9/13/2019 10:46:52 AM","0000-00","0","no battery","V"
"06/11/2023","11:49:15","9","default","547630319","OXY_CH9","53.292","min","189.876","μmol/L","Humid","21.722","deg","120122","µV","26.732","°C","1016.000","hPa","35.9","pmil","0","55.690","deg","20.000","°C","100.000","%a.s.","22.400","deg","20.000","°C","962.000","hPa","0.861","-0.02617","0.00035","0","0","13.56","Humid","35.35","0","78.50","280305.54","SABD0002000014","AAV2.0.0.13","3.0.3.1703","PSt7-10","180509-002","9/13/2019 10:46:52 AM","0000-00","0","no battery","V"
"06/11/2023","11:49:16","9","default","547630319","OXY_CH9","53.308","min","189.878","μmol/L","Humid","21.724","deg","120113","µV","26.726","°C","1016.000","hPa","35.9","pmil","0","55.690","deg","20.000","°C","100.000","%a.s.","22.400","deg","20.000","°C","962.000","hPa","0.861","-0.02617","0.00035","0","0","13.56","Humid","35.35","0","78.50","280300.78","SABD0002000014","AAV2.0.0.13","3.0.3.1703","PSt7-10","180509-002","9/13/2019 10:46:52 AM","0000-00","0","no battery","V"
"06/11/2023","11:49:17","9","default","547630319","OXY_CH9","53.325","min","189.960","μmol/L","Humid","21.719","deg","120107","µV","26.726","°C","1016.000","hPa","35.9","pmil","0","55.690","deg","20.000","°C","100.000","%a.s.","22.400","deg","20.000","°C","962.000","hPa","0.861","-0.02617","0.00035","0","0","13.56","Humid","35.35","0","78.50","280300.24","SABD0002000014","AAV2.0.0.13","3.0.3.1703","PSt7-10","180509-002","9/13/2019 10:46:52 AM","0000-00","0","no battery","V"
"06/11/2023","11:49:18","9","default","547630319","OXY_CH9","53.342","min","189.960","μmol/L","Humid","21.719","deg","120103","µV","26.726","°C","1016.000","hPa","35.9","pmil","0","55.690","deg","20.000","°C","100.000","%a.s.","22.400","deg","20.000","°C","962.000","hPa","0.861","-0.02617","0.00035","0","0","13.56","Humid","35.35","0","78.50","280306.25","SABD0002000014","AAV2.0.0.13","3.0.3.1703","PSt7-10","180509-002","9/13/2019 10:46:52 AM","0000-00","0","no battery","V"
"06/11/2023","11:49:19","9","default","547630319","OXY_CH9","53.358","min","189.910","μmol/L","Humid","21.720","deg","120085","µV","26.732","°C","1016.000","hPa","35.9","pmil","0","55.690","deg","20.000","°C","100.000","%a.s.","22.400","deg","20.000","°C","962.000","hPa","0.861","-0.02617","0.00035","0","0","13.56","Humid","35.35","0","78.50","280298.41","SABD0002000014","AAV2.0.0.13","3.0.3.1703","PSt7-10","180509-002","9/13/2019 10:46:52 AM","0000-00","0","no battery","V"
"06/11/2023","11:49:20","9","default","547630319","OXY_CH9","53.375","min","190.027","μmol/L","Humid","21.715","deg","120091","µV","26.726","°C","1016.000","hPa","35.9","pmil","0","55.690","deg","20.000","°C","100.000","%a.s.","22.400","deg","20.000","°C","962.000","hPa","0.861","-0.02617","0.00035","0","0","13.56","Humid","35.35","0","78.50","280306.61","SABD0002000014","AAV2.0.0.13","3.0.3.1703","PSt7-10","180509-002","9/13/2019 10:46:52 AM","0000-00","0","no battery","V"
"06/11/2023","11:49:21","9","default","547630319","OXY_CH9","53.392","min","190.061","μmol/L","Humid","21.715","deg","120072","µV","26.720","°C","1016.000","hPa","35.9","pmil","0","55.690","deg","20.000","°C","100.000","%a.s.","22.400","deg","20.000","°C","962.000","hPa","0.861","-0.02617","0.00035","0","0","13.56","Humid","35.35","0","78.50","280314.68","SABD0002000014","AAV2.0.0.13","3.0.3.1703","PSt7-10","180509-002","9/13/2019 10:46:52 AM","0000-00","0","no battery","V"
"06/11/2023","11:49:22","9","default","547630319","OXY_CH9","53.408","min","189.992","μmol/L","Humid","21.715","deg","120063","µV","26.732","°C","1016.000","hPa","35.9","pmil","0","55.690","deg","20.000","°C","100.000","%a.s.","22.400","deg","20.000","°C","962.000","hPa","0.861","-0.02617","0.00035","0","0","13.56","Humid","35.35","0","78.50","280300.37","SABD0002000014","AAV2.0.0.13","3.0.3.1703","PSt7-10","180509-002","9/13/2019 10:46:52 AM","0000-00","0","no battery","V"
"06/11/2023","11:49:23","9","default","547630319","OXY_CH9","53.425","min","190.111","μmol/L","Humid","21.712","deg","120057","µV","26.720","°C","1016.000","hPa","35.9","pmil","0","55.690","deg","20.000","°C","100.000","%a.s.","22.400","deg","20.000","°C","962.000","hPa","0.861","-0.02617","0.00035","0","0","13.56","Humid","35.35","0","78.50","280305.53","SABD0002000014","AAV2.0.0.13","3.0.3.1703","PSt7-10","180509-002","9/13/2019 10:46:52 AM","0000-00","0","no battery","V"
"06/11/2023","11:49:24","9","default","547630319","OXY_CH9","53.442","min","190.076","μmol/L","Humid","21.712","deg","120048","µV","26.726","°C","1016.000","hPa","35.9","pmil","0","55.690","deg","20.000","°C","100.000","%a.s.","22.400","deg","20.000","°C","962.000","hPa","0.861","-0.02617","0.00035","0","0","13.56","Humid","35.35","0","78.50","280307.14","SABD0002000014","AAV2.0.0.13","3.0.3.1703","PSt7-10","180509-002","9/13/2019 10:46:52 AM","0000-00","0","no battery","V"
"06/11/2023","11:49:25","9","default","547630319","OXY_CH9","53.458","min","190.060","μmol/L","Humid","21.713","deg","120034","µV","26.726","°C","1016.000","hPa","35.9","pmil","0","55.690","deg","20.000","°C","100.000","%a.s.","22.400","deg","20.000","°C","962.000","hPa","0.861","-0.02617","0.00035","0","0","13.56","Humid","35.35","0","78.50","280293.14","SABD0002000014","AAV2.0.0.13","3.0.3.1703","PSt7-10","180509-002","9/13/2019 10:46:52 AM","0000-00","0","no battery","V"
"06/11/2023","11:49:26","9","default","547630319","OXY_CH9","53.475","min","190.091","μmol/L","Humid","21.709","deg","120028","µV","26.732","°C","1016.000","hPa","35.9","pmil","0","55.690","deg","20.000","°C","100.000","%a.s.","22.400","deg","20.000","°C","962.000","hPa","0.861","-0.02617","0.00035","0","0","13.56","Humid","35.35","0","78.50","280293.53","SABD0002000014","AAV2.0.0.13","3.0.3.1703","PSt7-10","180509-002","9/13/2019 10:46:52 AM","0000-00","0","no battery","V"
"06/11/2023","11:49:27","9","default","547630319","OXY_CH9","53.492","min","190.177","μmol/L","Humid","21.708","deg","120021","µV","26.720","°C","1016.000","hPa","35.9","pmil","0","55.690","deg","20.000","°C","100.000","%a.s.","22.400","deg","20.000","°C","962.000","hPa","0.861","-0.02617","0.00035","0","0","13.56","Humid","35.35","0","78.50","280304.15","SABD0002000014","AAV2.0.0.13","3.0.3.1703","PSt7-10","180509-002","9/13/2019 10:46:52 AM","0000-00","0","no battery","V"
"06/11/2023","11:49:28","9","default","547630319","OXY_CH9","53.508","min","190.142","μmol/L","Humid","21.708","deg","120016","µV","26.726","°C","1016.000","hPa","35.9","pmil","0","55.690","deg","20.000","°C","100.000","%a.s.","22.400","deg","20.000","°C","962.000","hPa","0.861","-0.02617","0.00035","0","0","13.56","Humid","35.35","0","78.50","280294.13","SABD0002000014","AAV2.0.0.13","3.0.3.1703","PSt7-10","180509-002","9/13/2019 10:46:52 AM","0000-00","0","no battery","V"
"06/11/2023","11:49:29","9","default","547630319","OXY_CH9","53.525","min","190.209","μmol/L","Humid","21.704","deg","120005","µV","26.726","°C","1016.000","hPa","35.9","pmil","0","55.690","deg","20.000","°C","100.000","%a.s.","22.400","deg","20.000","°C","962.000","hPa","0.861","-0.02617","0.00035","0","0","13.56","Humid","35.35","0","78.50","280296.58","SABD0002000014","AAV2.0.0.13","3.0.3.1703","PSt7-10","180509-002","9/13/2019 10:46:52 AM","0000-00","0","no battery","V"
"06/11/2023","11:49:30","9","default","547630319","OXY_CH9","53.542","min","190.225","μmol/L","Humid","21.703","deg","120000","µV","26.726","°C","1016.000","hPa","35.9","pmil","0","55.690","deg","20.000","°C","100.000","%a.s.","22.400","deg","20.000","°C","962.000","hPa","0.861","-0.02617","0.00035","0","0","13.56","Humid","35.35","0","78.50","280303.99","SABD0002000014","AAV2.0.0.13","3.0.3.1703","PSt7-10","180509-002","9/13/2019 10:46:52 AM","0000-00","0","no battery","V"
"06/11/2023","11:49:31","9","default","547630319","OXY_CH9","53.558","min","190.225","μmol/L","Humid","21.703","deg","119989","µV","26.726","°C","1016.000","hPa","35.9","pmil","0","55.690","deg","20.000","°C","100.000","%a.s.","22.400","deg","20.000","°C","962.000","hPa","0.861","-0.02617","0.00035","0","0","13.56","Humid","35.35","0","78.50","280284.91","SABD0002000014","AAV2.0.0.13","3.0.3.1703","PSt7-10","180509-002","9/13/2019 10:46:52 AM","0000-00","0","no battery","V"
"06/11/2023","11:49:32","9","default","547630319","OXY_CH9","53.575","min","190.258","μmol/L","Humid","21.701","deg","119979","µV","26.726","°C","1016.000","hPa","35.9","pmil","0","55.690","deg","20.000","°C","100.000","%a.s.","22.400","deg","20.000","°C","962.000","hPa","0.861","-0.02617","0.00035","0","0","13.56","Humid","35.35","0","78.50","280292.56","SABD0002000014","AAV2.0.0.13","3.0.3.1703","PSt7-10","180509-002","9/13/2019 10:46:52 AM","0000-00","0","no battery","V"
"06/11/2023","11:49:33","9","default","547630319","OXY_CH9","53.592","min","190.275","μmol/L","Humid","21.700","deg","119984","µV","26.726","°C","1016.000","hPa","35.9","pmil","0","55.690","deg","20.000","°C","100.000","%a.s.","22.400","deg","20.000","°C","962.000","hPa","0.861","-0.02617","0.00035","0","0","13.56","Humid","35.35","0","78.50","280298.47","SABD0002000014","AAV2.0.0.13","3.0.3.1703","PSt7-10","180509-002","9/13/2019 10:46:52 AM","0000-00","0","no battery","V"
"06/11/2023","11:49:34","9","default","547630319","OXY_CH9","53.608","min","190.209","μmol/L","Humid","21.704","deg","119970","µV","26.726","°C","1016.000","hPa","35.9","pmil","0","55.690","deg","20.000","°C","100.000","%a.s.","22.400","deg","20.000","°C","962.000","hPa","0.861","-0.02617","0.00035","0","0","13.56","Humid","35.35","0","78.50","280294.34","SABD0002000014","AAV2.0.0.13","3.0.3.1703","PSt7-10","180509-002","9/13/2019 10:46:52 AM","0000-00","0","no battery","V"
"06/11/2023","11:49:35","9","default","547630319","OXY_CH9","53.625","min","190.206","μmol/L","Humid","21.700","deg","119956","µV","26.738","°C","1016.000","hPa","35.9","pmil","0","55.690","deg","20.000","°C","100.000","%a.s.","22.400","deg","20.000","°C","962.000","hPa","0.861","-0.02617","0.00035","0","0","13.56","Humid","35.35","0","78.50","280285.31","SABD0002000014","AAV2.0.0.13","3.0.3.1703","PSt7-10","180509-002","9/13/2019 10:46:52 AM","0000-00","0","no battery","V"
"06/11/2023","11:49:36","9","default","547630319","OXY_CH9","53.641","min","190.341","μmol/L","Humid","21.696","deg","119942","µV","26.726","°C","1016.000","hPa","35.9","pmil","0","55.690","deg","20.000","°C","100.000","%a.s.","22.400","deg","20.000","°C","962.000","hPa","0.861","-0.02617","0.00035","0","0","13.56","Humid","35.35","0","78.50","280291.20","SABD0002000014","AAV2.0.0.13","3.0.3.1703","PSt7-10","180509-002","9/13/2019 10:46:52 AM","0000-00","0","no battery","V"
"06/11/2023","11:49:37","9","default","547630319","OXY_CH9","53.658","min","190.239","μmol/L","Humid","21.698","deg","119946","µV","26.738","°C","1016.000","hPa","35.9","pmil","0","55.690","deg","20.000","°C","100.000","%a.s.","22.400","deg","20.000","°C","962.000","hPa","0.861","-0.02617","0.00035","0","0","13.56","Humid","35.35","0","78.50","280309.82","SABD0002000014","AAV2.0.0.13","3.0.3.1703","PSt7-10","180509-002","9/13/2019 10:46:52 AM","0000-00","0","no battery","V"
"06/11/2023","11:49:38","9","default","547630319","OXY_CH9","53.675","min","190.290","μmol/L","Humid","21.697","deg","119944","µV","26.732","°C","1016.000","hPa","35.9","pmil","0","55.690","deg","20.000","°C","100.000","%a.s.","22.400","deg","20.000","°C","962.000","hPa","0.861","-0.02617","0.00035","0","0","13.56","Humid","35.35","0","78.50","280313.32","SABD0002000014","AAV2.0.0.13","3.0.3.1703","PSt7-10","180509-002","9/13/2019 10:46:52 AM","0000-00","0","no battery","V"
"06/11/2023","11:49:39","9","default","547630319","OXY_CH9","53.692","min","190.323","μmol/L","Humid","21.695","deg","119927","µV","26.732","°C","1016.000","hPa","35.9","pmil","0","55.690","deg","20.000","°C","100.000","%a.s.","22.400","deg","20.000","°C","962.000","hPa","0.861","-0.02617","0.00035","0","0","13.56","Humid","35.35","0","78.50","280298.93","SABD0002000014","AAV2.0.0.13","3.0.3.1703","PSt7-10","180509-002","9/13/2019 10:46:52 AM","0000-00","0","no battery","V"
"06/11/2023","11:49:40","9","default","547630319","OXY_CH9","53.708","min","190.407","μmol/L","Humid","21.692","deg","119921","µV","26.726","°C","1016.000","hPa","35.9","pmil","0","55.690","deg","20.000","°C","100.000","%a.s.","22.400","deg","20.000","°C","962.000","hPa","0.861","-0.02617","0.00035","0","0","13.56","Humid","35.35","0","78.50","280322.05","SABD0002000014","AAV2.0.0.13","3.0.3.1703","PSt7-10","180509-002","9/13/2019 10:46:52 AM","0000-00","0","no battery","V"
"06/11/2023","11:49:41","9","default","547630319","OXY_CH9","53.725","min","190.406","μmol/L","Humid","21.690","deg","119910","µV","26.732","°C","1016.000","hPa","35.9","pmil","0","55.690","deg","20.000","°C","100.000","%a.s.","22.400","deg","20.000","°C","962.000","hPa","0.861","-0.02617","0.00035","0","0","13.56","Humid","35.35","0","78.50","280299.35","SABD0002000014","AAV2.0.0.13","3.0.3.1703","PSt7-10","180509-002","9/13/2019 10:46:52 AM","0000-00","0","no battery","V"
"06/11/2023","11:49:42","9","default","547630319","OXY_CH9","53.741","min","190.490","μmol/L","Humid","21.687","deg","119908","µV","26.726","°C","1016.000","hPa","35.9","pmil","0","55.690","deg","20.000","°C","100.000","%a.s.","22.400","deg","20.000","°C","962.000","hPa","0.861","-0.02617","0.00035","0","0","13.56","Humid","35.35","0","78.50","280292.43","SABD0002000014","AAV2.0.0.13","3.0.3.1703","PSt7-10","180509-002","9/13/2019 10:46:52 AM","0000-00","0","no battery","V"
"06/11/2023","11:49:43","9","default","547630319","OXY_CH9","53.758","min","190.474","μmol/L","Humid","21.688","deg","119904","µV","26.726","°C","1016.000","hPa","35.9","pmil","0","55.690","deg","20.000","°C","100.000","%a.s.","22.400","deg","20.000","°C","962.000","hPa","0.861","-0.02617","0.00035","0","0","13.56","Humid","35.35","0","78.50","280291.94","SABD0002000014","AAV2.0.0.13","3.0.3.1703","PSt7-10","180509-002","9/13/2019 10:46:52 AM","0000-00","0","no battery","V"
"06/11/2023","11:49:44","9","default","547630319","OXY_CH9","53.775","min","190.423","μmol/L","Humid","21.689","deg","119890","µV","26.732","°C","1016.000","hPa","35.9","pmil","0","55.690","deg","20.000","°C","100.000","%a.s.","22.400","deg","20.000","°C","962.000","hPa","0.861","-0.02617","0.00035","0","0","13.56","Humid","35.35","0","78.50","280299.36","SABD0002000014","AAV2.0.0.13","3.0.3.1703","PSt7-10","180509-002","9/13/2019 10:46:52 AM","0000-00","0","no battery","V"
"06/11/2023","11:49:45","9","default","547630319","OXY_CH9","53.791","min","190.406","μmol/L","Humid","21.690","deg","119878","µV","26.732","°C","1016.000","hPa","35.9","pmil","0","55.690","deg","20.000","°C","100.000","%a.s.","22.400","deg","20.000","°C","962.000","hPa","0.861","-0.02617","0.00035","0","0","13.56","Humid","35.35","0","78.50","280282.16","SABD0002000014","AAV2.0.0.13","3.0.3.1703","PSt7-10","180509-002","9/13/2019 10:46:52 AM","0000-00","0","no battery","V"
"06/11/2023","11:49:46","9","default","547630319","OXY_CH9","53.808","min","190.507","μmol/L","Humid","21.686","deg","119875","µV","26.726","°C","1016.000","hPa","35.9","pmil","0","55.690","deg","20.000","°C","100.000","%a.s.","22.400","deg","20.000","°C","962.000","hPa","0.861","-0.02617","0.00035","0","0","13.56","Humid","35.35","0","78.50","280303.40","SABD0002000014","AAV2.0.0.13","3.0.3.1703","PSt7-10","180509-002","9/13/2019 10:46:52 AM","0000-00","0","no battery","V"
"06/11/2023","11:49:47","9","default","547630319","OXY_CH9","53.824","min","190.489","μmol/L","Humid","21.685","deg","119867","µV","26.732","°C","1016.000","hPa","35.9","pmil","0","55.690","deg","20.000","°C","100.000","%a.s.","22.400","deg","20.000","°C","962.000","hPa","0.861","-0.02617","0.00035","0","0","13.56","Humid","35.35","0","78.50","280282.24","SABD0002000014","AAV2.0.0.13","3.0.3.1703","PSt7-10","180509-002","9/13/2019 10:46:52 AM","0000-00","0","no battery","V"
"06/11/2023","11:49:48","9","default","547630319","OXY_CH9","53.841","min","190.507","μmol/L","Humid","21.686","deg","119856","µV","26.726","°C","1016.000","hPa","35.9","pmil","0","55.690","deg","20.000","°C","100.000","%a.s.","22.400","deg","20.000","°C","962.000","hPa","0.861","-0.02617","0.00035","0","0","13.56","Humid","35.35","0","78.50","280302.50","SABD0002000014","AAV2.0.0.13","3.0.3.1703","PSt7-10","180509-002","9/13/2019 10:46:52 AM","0000-00","0","no battery","V"
"06/11/2023","11:49:49","9","default","547630319","OXY_CH9","53.858","min","190.521","μmol/L","Humid","21.681","deg","119856","µV","26.738","°C","1016.000","hPa","35.9","pmil","0","55.690","deg","20.000","°C","100.000","%a.s.","22.400","deg","20.000","°C","962.000","hPa","0.861","-0.02617","0.00035","0","0","13.56","Humid","35.35","0","78.50","280291.65","SABD0002000014","AAV2.0.0.13","3.0.3.1703","PSt7-10","180509-002","9/13/2019 10:46:52 AM","0000-00","0","no battery","V"
"06/11/2023","11:49:50","9","default","547630319","OXY_CH9","53.874","min","190.605","μmol/L","Humid","21.678","deg","119840","µV","26.732","°C","1016.000","hPa","35.9","pmil","0","55.690","deg","20.000","°C","100.000","%a.s.","22.400","deg","20.000","°C","962.000","hPa","0.861","-0.02617","0.00035","0","0","13.56","Humid","35.35","0","78.50","280284.18","SABD0002000014","AAV2.0.0.13","3.0.3.1703","PSt7-10","180509-002","9/13/2019 10:46:52 AM","0000-00","0","no battery","V"
"06/11/2023","11:49:51","9","default","547630319","OXY_CH9","53.891","min","190.606","μmol/L","Humid","21.680","deg","119846","µV","26.726","°C","1016.000","hPa","35.9","pmil","0","55.690","deg","20.000","°C","100.000","%a.s.","22.400","deg","20.000","°C","962.000","hPa","0.861","-0.02617","0.00035","0","0","13.56","Humid","35.35","0","78.50","280291.28","SABD0002000014","AAV2.0.0.13","3.0.3.1703","PSt7-10","180509-002","9/13/2019 10:46:52 AM","0000-00","0","no battery","V"
"06/11/2023","11:49:52","9","default","547630319","OXY_CH9","53.908","min","190.656","μmol/L","Humid","21.677","deg","119838","µV","26.726","°C","1016.000","hPa","35.9","pmil","0","55.690","deg","20.000","°C","100.000","%a.s.","22.400","deg","20.000","°C","962.000","hPa","0.861","-0.02617","0.00035","0","0","13.56","Humid","35.35","0","78.50","280308.64","SABD0002000014","AAV2.0.0.13","3.0.3.1703","PSt7-10","180509-002","9/13/2019 10:46:52 AM","0000-00","0","no battery","V"
"06/11/2023","11:49:53","9","default","547630319","OXY_CH9","53.925","min","190.587","μmol/L","Humid","21.677","deg","119824","µV","26.738","°C","1016.000","hPa","35.9","pmil","0","55.690","deg","20.000","°C","100.000","%a.s.","22.400","deg","20.000","°C","962.000","hPa","0.861","-0.02617","0.00035","0","0","13.56","Humid","35.35","0","78.50","280300.04","SABD0002000014","AAV2.0.0.13","3.0.3.1703","PSt7-10","180509-002","9/13/2019 10:46:52 AM","0000-00","0","no battery","V"
"06/11/2023","11:49:54","9","default","547630319","OXY_CH9","53.941","min","190.655","μmol/L","Humid","21.675","deg","119811","µV","26.732","°C","1016.000","hPa","35.9","pmil","0","55.690","deg","20.000","°C","100.000","%a.s.","22.400","deg","20.000","°C","962.000","hPa","0.861","-0.02617","0.00035","0","0","13.56","Humid","35.35","0","78.50","280300.27","SABD0002000014","AAV2.0.0.13","3.0.3.1703","PSt7-10","180509-002","9/13/2019 10:46:52 AM","0000-00","0","no battery","V"
"06/11/2023","11:49:55","9","default","547630319","OXY_CH9","53.958","min","190.705","μmol/L","Humid","21.672","deg","119809","µV","26.732","°C","1016.000","hPa","35.9","pmil","0","55.690","deg","20.000","°C","100.000","%a.s.","22.400","deg","20.000","°C","962.000","hPa","0.861","-0.02617","0.00035","0","0","13.56","Humid","35.35","0","78.50","280296.88","SABD0002000014","AAV2.0.0.13","3.0.3.1703","PSt7-10","180509-002","9/13/2019 10:46:52 AM","0000-00","0","no battery","V"
"06/11/2023","11:49:56","9","default","547630319","OXY_CH9","53.974","min","190.671","μmol/L","Humid","21.674","deg","119793","µV","26.732","°C","1016.000","hPa","35.9","pmil","0","55.690","deg","20.000","°C","100.000","%a.s.","22.400","deg","20.000","°C","962.000","hPa","0.861","-0.02617","0.00035","0","0","13.56","Humid","35.35","0","78.50","280282.74","SABD0002000014","AAV2.0.0.13","3.0.3.1703","PSt7-10","180509-002","9/13/2019 10:46:52 AM","0000-00","0","no battery","V"
"06/11/2023","11:49:57","9","default","547630319","OXY_CH9","53.991","min","190.771","μmol/L","Humid","21.668","deg","119788","µV","26.732","°C","1016.000","hPa","35.9","pmil","0","55.690","deg","20.000","°C","100.000","%a.s.","22.400","deg","20.000","°C","962.000","hPa","0.861","-0.02617","0.00035","0","0","13.56","Humid","35.35","0","78.50","280288.26","SABD0002000014","AAV2.0.0.13","3.0.3.1703","PSt7-10","180509-002","9/13/2019 10:46:52 AM","0000-00","0","no battery","V"
"06/11/2023","11:49:58","9","default","547630319","OXY_CH9","54.008","min","190.806","μmol/L","Humid","21.668","deg","119784","µV","26.726","°C","1016.000","hPa","35.9","pmil","0","55.690","deg","20.000","°C","100.000","%a.s.","22.400","deg","20.000","°C","962.000","hPa","0.861","-0.02617","0.00035","0","0","13.56","Humid","35.35","0","78.50","280301.05","SABD0002000014","AAV2.0.0.13","3.0.3.1703","PSt7-10","180509-002","9/13/2019 10:46:52 AM","0000-00","0","no battery","V"
"06/11/2023","11:49:59","9","default","547630319","OXY_CH9","54.024","min","190.789","μmol/L","Humid","21.669","deg","119768","µV","26.726","°C","1016.000","hPa","35.9","pmil","0","55.690","deg","20.000","°C","100.000","%a.s.","22.400","deg","20.000","°C","962.000","hPa","0.861","-0.02617","0.00035","0","0","13.56","Humid","35.35","0","78.50","280287.58","SABD0002000014","AAV2.0.0.13","3.0.3.1703","PSt7-10","180509-002","9/13/2019 10:46:52 AM","0000-00","0","no battery","V"
"06/11/2023","11:50:00","9","default","547630319","OXY_CH9","54.041","min","190.755","μmol/L","Humid","21.669","deg","119775","µV","26.732","°C","1016.000","hPa","35.9","pmil","0","55.690","deg","20.000","°C","100.000","%a.s.","22.400","deg","20.000","°C","962.000","hPa","0.861","-0.02617","0.00035","0","0","13.56","Humid","35.35","0","78.50","280299.29","SABD0002000014","AAV2.0.0.13","3.0.3.1703","PSt7-10","180509-002","9/13/2019 10:46:52 AM","0000-00","0","no battery","V"
"06/11/2023","11:50:01","9","default","547630319","OXY_CH9","54.058","min","190.786","μmol/L","Humid","21.665","deg","119761","µV","26.738","°C","1016.000","hPa","35.9","pmil","0","55.690","deg","20.000","°C","100.000","%a.s.","22.400","deg","20.000","°C","962.000","hPa","0.861","-0.02617","0.00035","0","0","13.56","Humid","35.35","0","78.50","280297.86","SABD0002000014","AAV2.0.0.13","3.0.3.1703","PSt7-10","180509-002","9/13/2019 10:46:52 AM","0000-00","0","no battery","V"
"06/11/2023","11:50:02","9","default","547630319","OXY_CH9","54.075","min","190.788","μmol/L","Humid","21.667","deg","119744","µV","26.732","°C","1016.000","hPa","35.9","pmil","0","55.690","deg","20.000","°C","100.000","%a.s.","22.400","deg","20.000","°C","962.000","hPa","0.861","-0.02617","0.00035","0","0","13.56","Humid","35.35","0","78.50","280284.10","SABD0002000014","AAV2.0.0.13","3.0.3.1703","PSt7-10","180509-002","9/13/2019 10:46:52 AM","0000-00","0","no battery","V"
"06/11/2023","11:50:03","9","default","547630319","OXY_CH9","54.092","min","190.770","μmol/L","Humid","21.666","deg","119744","µV","26.738","°C","1016.000","hPa","35.9","pmil","0","55.690","deg","20.000","°C","100.000","%a.s.","22.400","deg","20.000","°C","962.000","hPa","0.861","-0.02617","0.00035","0","0","13.56","Humid","35.35","0","78.50","280286.27","SABD0002000014","AAV2.0.0.13","3.0.3.1703","PSt7-10","180509-002","9/13/2019 10:46:52 AM","0000-00","0","no battery","V"
"06/11/2023","11:50:04","9","default","547630319","OXY_CH9","54.109","min","190.821","μmol/L","Humid","21.665","deg","119731","µV","26.732","°C","1016.000","hPa","35.9","pmil","0","55.690","deg","20.000","°C","100.000","%a.s.","22.400","deg","20.000","°C","962.000","hPa","0.861","-0.02617","0.00035","0","0","13.56","Humid","35.35","0","78.50","280290.97","SABD0002000014","AAV2.0.0.13","3.0.3.1703","PSt7-10","180509-002","9/13/2019 10:46:52 AM","0000-00","0","no battery","V"
"06/11/2023","11:50:05","9","default","547630319","OXY_CH9","54.125","min","190.854","μmol/L","Humid","21.663","deg","119725","µV","26.732","°C","1016.000","hPa","35.9","pmil","0","55.690","deg","20.000","°C","100.000","%a.s.","22.400","deg","20.000","°C","962.000","hPa","0.861","-0.02617","0.00035","0","0","13.56","Humid","35.35","0","78.50","280281.71","SABD0002000014","AAV2.0.0.13","3.0.3.1703","PSt7-10","180509-002","9/13/2019 10:46:52 AM","0000-00","0","no battery","V"
"06/11/2023","11:50:06","9","default","547630319","OXY_CH9","54.142","min","190.904","μmol/L","Humid","21.660","deg","119714","µV","26.732","°C","1016.000","hPa","35.9","pmil","0","55.690","deg","20.000","°C","100.000","%a.s.","22.400","deg","20.000","°C","962.000","hPa","0.861","-0.02617","0.00035","0","0","13.56","Humid","35.35","0","78.50","280294.18","SABD0002000014","AAV2.0.0.13","3.0.3.1703","PSt7-10","180509-002","9/13/2019 10:46:52 AM","0000-00","0","no battery","V"
"06/11/2023","11:50:07","9","default","547630319","OXY_CH9","54.158","min","191.005","μmol/L","Humid","21.656","deg","119717","µV","26.726","°C","1016.000","hPa","35.9","pmil","0","55.690","deg","20.000","°C","100.000","%a.s.","22.400","deg","20.000","°C","962.000","hPa","0.861","-0.02617","0.00035","0","0","13.56","Humid","35.35","0","78.50","280296.95","SABD0002000014","AAV2.0.0.13","3.0.3.1703","PSt7-10","180509-002","9/13/2019 10:46:52 AM","0000-00","0","no battery","V"
"06/11/2023","11:50:08","9","default","547630319","OXY_CH9","54.175","min","190.954","μmol/L","Humid","21.657","deg","119700","µV","26.732","°C","1016.000","hPa","35.9","pmil","0","55.690","deg","20.000","°C","100.000","%a.s.","22.400","deg","20.000","°C","962.000","hPa","0.861","-0.02617","0.00035","0","0","13.56","Humid","35.35","0","78.50","280279.20","SABD0002000014","AAV2.0.0.13","3.0.3.1703","PSt7-10","180509-002","9/13/2019 10:46:52 AM","0000-00","0","no battery","V"
"06/11/2023","11:50:09","9","default","547630319","OXY_CH9","54.192","min","190.972","μmol/L","Humid","21.658","deg","119693","µV","26.726","°C","1016.000","hPa","35.9","pmil","0","55.690","deg","20.000","°C","100.000","%a.s.","22.400","deg","20.000","°C","962.000","hPa","0.861","-0.02617","0.00035","0","0","13.56","Humid","35.35","0","78.50","280295.65","SABD0002000014","AAV2.0.0.13","3.0.3.1703","PSt7-10","180509-002","9/13/2019 10:46:52 AM","0000-00","0","no battery","V"
"06/11/2023","11:50:10","9","default","547630319","OXY_CH9","54.209","min","190.972","μmol/L","Humid","21.658","deg","119692","µV","26.726","°C","1016.000","hPa","35.9","pmil","0","55.690","deg","20.000","°C","100.000","%a.s.","22.400","deg","20.000","°C","962.000","hPa","0.861","-0.02617","0.00035","0","0","13.56","Humid","35.35","0","78.50","280293.97","SABD0002000014","AAV2.0.0.13","3.0.3.1703","PSt7-10","180509-002","9/13/2019 10:46:52 AM","0000-00","0","no battery","V"
"06/11/2023","11:50:11","9","default","547630319","OXY_CH9","54.225","min","190.954","μmol/L","Humid","21.657","deg","119680","µV","26.732","°C","1016.000","hPa","35.9","pmil","0","55.690","deg","20.000","°C","100.000","%a.s.","22.400","deg","20.000","°C","962.000","hPa","0.861","-0.02617","0.00035","0","0","13.56","Humid","35.35","0","78.50","280280.54","SABD0002000014","AAV2.0.0.13","3.0.3.1703","PSt7-10","180509-002","9/13/2019 10:46:52 AM","0000-00","0","no battery","V"
"06/11/2023","11:50:12","9","default","547630319","OXY_CH9","54.242","min","191.021","μmol/L","Humid","21.653","deg","119673","µV","26.732","°C","1016.000","hPa","35.9","pmil","0","55.690","deg","20.000","°C","100.000","%a.s.","22.400","deg","20.000","°C","962.000","hPa","0.861","-0.02617","0.00035","0","0","13.56","Humid","35.35","0","78.50","280291.75","SABD0002000014","AAV2.0.0.13","3.0.3.1703","PSt7-10","180509-002","9/13/2019 10:46:52 AM","0000-00","0","no battery","V"
"06/11/2023","11:50:13","9","default","547630319","OXY_CH9","54.258","min","191.107","μmol/L","Humid","21.652","deg","119673","µV","26.720","°C","1016.000","hPa","35.9","pmil","0","55.690","deg","20.000","°C","100.000","%a.s.","22.400","deg","20.000","°C","962.000","hPa","0.861","-0.02617","0.00035","0","0","13.56","Humid","35.35","0","78.50","280291.74","SABD0002000014","AAV2.0.0.13","3.0.3.1703","PSt7-10","180509-002","9/13/2019 10:46:52 AM","0000-00","0","no battery","V"
"06/11/2023","11:50:14","9","default","547630319","OXY_CH9","54.275","min","191.087","μmol/L","Humid","21.649","deg","119656","µV","26.732","°C","1016.000","hPa","35.9","pmil","0","55.690","deg","20.000","°C","100.000","%a.s.","22.400","deg","20.000","°C","962.000","hPa","0.861","-0.02617","0.00035","0","0","13.56","Humid","35.35","0","78.50","280289.27","SABD0002000014","AAV2.0.0.13","3.0.3.1703","PSt7-10","180509-002","9/13/2019 10:46:52 AM","0000-00","0","no battery","V"
"06/11/2023","11:50:15","9","default","547630319","OXY_CH9","54.292","min","191.139","μmol/L","Humid","21.648","deg","119652","µV","26.726","°C","1016.000","hPa","35.9","pmil","0","55.690","deg","20.000","°C","100.000","%a.s.","22.400","deg","20.000","°C","962.000","hPa","0.861","-0.02617","0.00035","0","0","13.56","Humid","35.35","0","78.50","280298.39","SABD0002000014","AAV2.0.0.13","3.0.3.1703","PSt7-10","180509-002","9/13/2019 10:46:52 AM","0000-00","0","no battery","V"
"06/11/2023","11:50:16","9","default","547630319","OXY_CH9","54.308","min","191.139","μmol/L","Humid","21.648","deg","119640","µV","26.726","°C","1016.000","hPa","35.9","pmil","0","55.690","deg","20.000","°C","100.000","%a.s.","22.400","deg","20.000","°C","962.000","hPa","0.861","-0.02617","0.00035","0","0","13.56","Humid","35.35","0","78.50","280277.76","SABD0002000014","AAV2.0.0.13","3.0.3.1703","PSt7-10","180509-002","9/13/2019 10:46:52 AM","0000-00","0","no battery","V"
"06/11/2023","11:50:17","9","default","547630319","OXY_CH9","54.325","min","191.154","μmol/L","Humid","21.645","deg","119640","µV","26.732","°C","1016.000","hPa","35.9","pmil","0","55.690","deg","20.000","°C","100.000","%a.s.","22.400","deg","20.000","°C","962.000","hPa","0.861","-0.02617","0.00035","0","0","13.56","Humid","35.35","0","78.50","280293.69","SABD0002000014","AAV2.0.0.13","3.0.3.1703","PSt7-10","180509-002","9/13/2019 10:46:52 AM","0000-00","0","no battery","V"
"06/11/2023","11:50:18","9","default","547630319","OXY_CH9","54.342","min","191.137","μmol/L","Humid","21.646","deg","119637","µV","26.732","°C","1016.000","hPa","35.9","pmil","0","55.690","deg","20.000","°C","100.000","%a.s.","22.400","deg","20.000","°C","962.000","hPa","0.861","-0.02617","0.00035","0","0","13.56","Humid","35.35","0","78.50","280303.32","SABD0002000014","AAV2.0.0.13","3.0.3.1703","PSt7-10","180509-002","9/13/2019 10:46:52 AM","0000-00","0","no battery","V"
"06/11/2023","11:50:19","9","default","547630319","OXY_CH9","54.358","min","191.154","μmol/L","Humid","21.645","deg","119620","µV","26.732","°C","1016.000","hPa","35.9","pmil","0","55.690","deg","20.000","°C","100.000","%a.s.","22.400","deg","20.000","°C","962.000","hPa","0.861","-0.02617","0.00035","0","0","13.56","Humid","35.35","0","78.50","280292.05","SABD0002000014","AAV2.0.0.13","3.0.3.1703","PSt7-10","180509-002","9/13/2019 10:46:52 AM","0000-00","0","no battery","V"
"06/11/2023","11:50:20","9","default","547630319","OXY_CH9","54.375","min","191.187","μmol/L","Humid","21.643","deg","119621","µV","26.732","°C","1016.000","hPa","35.9","pmil","0","55.690","deg","20.000","°C","100.000","%a.s.","22.400","deg","20.000","°C","962.000","hPa","0.861","-0.02617","0.00035","0","0","13.56","Humid","35.35","0","78.50","280286.92","SABD0002000014","AAV2.0.0.13","3.0.3.1703","PSt7-10","180509-002","9/13/2019 10:46:52 AM","0000-00","0","no battery","V"
"06/11/2023","11:50:21","9","default","547630319","OXY_CH9","54.392","min","191.171","μmol/L","Humid","21.644","deg","119605","µV","26.732","°C","1016.000","hPa","35.9","pmil","0","55.690","deg","20.000","°C","100.000","%a.s.","22.400","deg","20.000","°C","962.000","hPa","0.861","-0.02617","0.00035","0","0","13.56","Humid","35.35","0","78.50","280280.66","SABD0002000014","AAV2.0.0.13","3.0.3.1703","PSt7-10","180509-002","9/13/2019 10:46:52 AM","0000-00","0","no battery","V"
"06/11/2023","11:50:22","9","default","547630319","OXY_CH9","54.408","min","191.204","μmol/L","Humid","21.642","deg","119592","µV","26.732","°C","1016.000","hPa","35.9","pmil","0","55.690","deg","20.000","°C","100.000","%a.s.","22.400","deg","20.000","°C","962.000","hPa","0.861","-0.02617","0.00035","0","0","13.56","Humid","35.35","0","78.50","280288.61","SABD0002000014","AAV2.0.0.13","3.0.3.1703","PSt7-10","180509-002","9/13/2019 10:46:52 AM","0000-00","0","no battery","V"
"06/11/2023","11:50:23","9","default","547630319","OXY_CH9","54.425","min","191.287","μmol/L","Humid","21.637","deg","119588","µV","26.732","°C","1016.000","hPa","35.9","pmil","0","55.690","deg","20.000","°C","100.000","%a.s.","22.400","deg","20.000","°C","962.000","hPa","0.861","-0.02617","0.00035","0","0","13.56","Humid","35.35","0","78.50","280282.42","SABD0002000014","AAV2.0.0.13","3.0.3.1703","PSt7-10","180509-002","9/13/2019 10:46:52 AM","0000-00","0","no battery","V"
"06/11/2023","11:50:24","9","default","547630319","OXY_CH9","54.442","min","191.287","μmol/L","Humid","21.637","deg","119579","µV","26.732","°C","1016.000","hPa","35.9","pmil","0","55.690","deg","20.000","°C","100.000","%a.s.","22.400","deg","20.000","°C","962.000","hPa","0.861","-0.02617","0.00035","0","0","13.56","Humid","35.35","0","78.50","280267.50","SABD0002000014","AAV2.0.0.13","3.0.3.1703","PSt7-10","180509-002","9/13/2019 10:46:52 AM","0000-00","0","no battery","V"
"06/11/2023","11:50:25","9","default","547630319","OXY_CH9","54.458","min","191.287","μmol/L","Humid","21.637","deg","119573","µV","26.732","°C","1016.000","hPa","35.9","pmil","0","55.690","deg","20.000","°C","100.000","%a.s.","22.400","deg","20.000","°C","962.000","hPa","0.861","-0.02617","0.00035","0","0","13.56","Humid","35.35","0","78.50","280275.16","SABD0002000014","AAV2.0.0.13","3.0.3.1703","PSt7-10","180509-002","9/13/2019 10:46:52 AM","0000-00","0","no battery","V"
"06/11/2023","11:50:26","9","default","547630319","OXY_CH9","54.475","min","191.321","μmol/L","Humid","21.635","deg","119578","µV","26.732","°C","1016.000","hPa","35.9","pmil","0","55.690","deg","20.000","°C","100.000","%a.s.","22.400","deg","20.000","°C","962.000","hPa","0.861","-0.02617","0.00035","0","0","13.56","Humid","35.35","0","78.50","280301.16","SABD0002000014","AAV2.0.0.13","3.0.3.1703","PSt7-10","180509-002","9/13/2019 10:46:52 AM","0000-00","0","no battery","V"
"06/11/2023","11:50:27","9","default","547630319","OXY_CH9","54.492","min","191.339","μmol/L","Humid","21.636","deg","119566","µV","26.726","°C","1016.000","hPa","35.9","pmil","0","55.690","deg","20.000","°C","100.000","%a.s.","22.400","deg","20.000","°C","962.000","hPa","0.861","-0.02617","0.00035","0","0","13.56","Humid","35.35","0","78.50","280286.32","SABD0002000014","AAV2.0.0.13","3.0.3.1703","PSt7-10","180509-002","9/13/2019 10:46:52 AM","0000-00","0","no battery","V"
"06/11/2023","11:50:28","9","default","547630319","OXY_CH9","54.508","min","191.372","μmol/L","Humid","21.634","deg","119552","µV","26.726","°C","1016.000","hPa","35.9","pmil","0","55.690","deg","20.000","°C","100.000","%a.s.","22.400","deg","20.000","°C","962.000","hPa","0.861","-0.02617","0.00035","0","0","13.56","Humid","35.35","0","78.50","280283.95","SABD0002000014","AAV2.0.0.13","3.0.3.1703","PSt7-10","180509-002","9/13/2019 10:46:52 AM","0000-00","0","no battery","V"
"06/11/2023","11:50:29","9","default","547630319","OXY_CH9","54.525","min","191.336","μmol/L","Humid","21.632","deg","119549","µV","26.738","°C","1016.000","hPa","35.9","pmil","0","55.690","deg","20.000","°C","100.000","%a.s.","22.400","deg","20.000","°C","962.000","hPa","0.861","-0.02617","0.00035","0","0","13.56","Humid","35.35","0","78.50","280292.30","SABD0002000014","AAV2.0.0.13","3.0.3.1703","PSt7-10","180509-002","9/13/2019 10:46:52 AM","0000-00","0","no battery","V"
"06/11/2023","11:50:30","9","default","547630319","OXY_CH9","54.541","min","191.303","μmol/L","Humid","21.634","deg","119539","µV","26.738","°C","1016.000","hPa","35.9","pmil","0","55.690","deg","20.000","°C","100.000","%a.s.","22.400","deg","20.000","°C","962.000","hPa","0.861","-0.02617","0.00035","0","0","13.56","Humid","35.35","0","78.50","280283.80","SABD0002000014","AAV2.0.0.13","3.0.3.1703","PSt7-10","180509-002","9/13/2019 10:46:52 AM","0000-00","0","no battery","V"
"06/11/2023","11:50:31","9","default","547630319","OXY_CH9","54.558","min","191.371","μmol/L","Humid","21.632","deg","119538","µV","26.732","°C","1016.000","hPa","35.9","pmil","0","55.690","deg","20.000","°C","100.000","%a.s.","22.400","deg","20.000","°C","962.000","hPa","0.861","-0.02617","0.00035","0","0","13.56","Humid","35.35","0","78.50","280295.43","SABD0002000014","AAV2.0.0.13","3.0.3.1703","PSt7-10","180509-002","9/13/2019 10:46:52 AM","0000-00","0","no battery","V"
"06/11/2023","11:50:32","9","default","547630319","OXY_CH9","54.575","min","191.437","μmol/L","Humid","21.628","deg","119521","µV","26.732","°C","1016.000","hPa","35.9","pmil","0","55.690","deg","20.000","°C","100.000","%a.s.","22.400","deg","20.000","°C","962.000","hPa","0.861","-0.02617","0.00035","0","0","13.56","Humid","35.35","0","78.50","280277.69","SABD0002000014","AAV2.0.0.13","3.0.3.1703","PSt7-10","180509-002","9/13/2019 10:46:52 AM","0000-00","0","no battery","V"
"06/11/2023","11:50:33","9","default","547630319","OXY_CH9","54.591","min","191.386","μmol/L","Humid","21.629","deg","119510","µV","26.738","°C","1016.000","hPa","35.9","pmil","0","55.690","deg","20.000","°C","100.000","%a.s.","22.400","deg","20.000","°C","962.000","hPa","0.861","-0.02617","0.00035","0","0","13.56","Humid","35.35","0","78.50","280279.43","SABD0002000014","AAV2.0.0.13","3.0.3.1703","PSt7-10","180509-002","9/13/2019 10:46:52 AM","0000-00","0","no battery","V"
"06/11/2023","11:50:34","9","default","547630319","OXY_CH9","54.608","min","191.471","μmol/L","Humid","21.626","deg","119507","µV","26.732","°C","1016.000","hPa","35.9","pmil","0","55.690","deg","20.000","°C","100.000","%a.s.","22.400","deg","20.000","°C","962.000","hPa","0.861","-0.02617","0.00035","0","0","13.56","Humid","35.35","0","78.50","280289.87","SABD0002000014","AAV2.0.0.13","3.0.3.1703","PSt7-10","180509-002","9/13/2019 10:46:52 AM","0000-00","0","no battery","V"
"06/11/2023","11:50:35","9","default","547630319","OXY_CH9","54.624","min","191.504","μmol/L","Humid","21.624","deg","119491","µV","26.732","°C","1016.000","hPa","35.9","pmil","0","55.690","deg","20.000","°C","100.000","%a.s.","22.400","deg","20.000","°C","962.000","hPa","0.861","-0.02617","0.00035","0","0","13.56","Humid","35.35","0","78.50","280271.66","SABD0002000014","AAV2.0.0.13","3.0.3.1703","PSt7-10","180509-002","9/13/2019 10:46:52 AM","0000-00","0","no battery","V"
"06/11/2023","11:50:36","9","default","547630319","OXY_CH9","54.641","min","191.436","μmol/L","Humid","21.626","deg","119492","µV","26.738","°C","1016.000","hPa","35.9","pmil","0","55.690","deg","20.000","°C","100.000","%a.s.","22.400","deg","20.000","°C","962.000","hPa","0.861","-0.02617","0.00035","0","0","13.56","Humid","35.35","0","78.50","280268.12","SABD0002000014","AAV2.0.0.13","3.0.3.1703","PSt7-10","180509-002","9/13/2019 10:46:52 AM","0000-00","0","no battery","V"
"06/11/2023","11:50:37","9","default","547630319","OXY_CH9","54.658","min","191.504","μmol/L","Humid","21.624","deg","119488","µV","26.732","°C","1016.000","hPa","35.9","pmil","0","55.690","deg","20.000","°C","100.000","%a.s.","22.400","deg","20.000","°C","962.000","hPa","0.861","-0.02617","0.00035","0","0","13.56","Humid","35.35","0","78.50","280275.75","SABD0002000014","AAV2.0.0.13","3.0.3.1703","PSt7-10","180509-002","9/13/2019 10:46:52 AM","0000-00","0","no battery","V"
"06/11/2023","11:50:38","9","default","547630319","OXY_CH9","54.674","min","191.487","μmol/L","Humid","21.625","deg","119475","µV","26.732","°C","1016.000","hPa","35.9","pmil","0","55.690","deg","20.000","°C","100.000","%a.s.","22.400","deg","20.000","°C","962.000","hPa","0.861","-0.02617","0.00035","0","0","13.56","Humid","35.35","0","78.50","280284.44","SABD0002000014","AAV2.0.0.13","3.0.3.1703","PSt7-10","180509-002","9/13/2019 10:46:52 AM","0000-00","0","no battery","V"
"06/11/2023","11:50:39","9","default","547630319","OXY_CH9","54.691","min","191.588","μmol/L","Humid","21.619","deg","119460","µV","26.732","°C","1016.000","hPa","35.9","pmil","0","55.690","deg","20.000","°C","100.000","%a.s.","22.400","deg","20.000","°C","962.000","hPa","0.861","-0.02617","0.00035","0","0","13.56","Humid","35.35","0","78.50","280282.59","SABD0002000014","AAV2.0.0.13","3.0.3.1703","PSt7-10","180509-002","9/13/2019 10:46:52 AM","0000-00","0","no battery","V"
"06/11/2023","11:50:40","9","default","547630319","OXY_CH9","54.708","min","191.554","μmol/L","Humid","21.621","deg","119456","µV","26.732","°C","1016.000","hPa","35.9","pmil","0","55.690","deg","20.000","°C","100.000","%a.s.","22.400","deg","20.000","°C","962.000","hPa","0.861","-0.02617","0.00035","0","0","13.56","Humid","35.35","0","78.50","280271.33","SABD0002000014","AAV2.0.0.13","3.0.3.1703","PSt7-10","180509-002","9/13/2019 10:46:52 AM","0000-00","0","no battery","V"
"06/11/2023","11:50:41","9","default","547630319","OXY_CH9","54.725","min","191.622","μmol/L","Humid","21.619","deg","119445","µV","26.726","°C","1016.000","hPa","35.9","pmil","0","55.690","deg","20.000","°C","100.000","%a.s.","22.400","deg","20.000","°C","962.000","hPa","0.861","-0.02617","0.00035","0","0","13.56","Humid","35.35","0","78.50","280269.25","SABD0002000014","AAV2.0.0.13","3.0.3.1703","PSt7-10","180509-002","9/13/2019 10:46:52 AM","0000-00","0","no battery","V"
"06/11/2023","11:50:42","9","default","547630319","OXY_CH9","54.742","min","191.571","μmol/L","Humid","21.620","deg","119446","µV","26.732","°C","1016.000","hPa","35.9","pmil","0","55.690","deg","20.000","°C","100.000","%a.s.","22.400","deg","20.000","°C","962.000","hPa","0.861","-0.02617","0.00035","0","0","13.56","Humid","35.35","0","78.50","280285.25","SABD0002000014","AAV2.0.0.13","3.0.3.1703","PSt7-10","180509-002","9/13/2019 10:46:52 AM","0000-00","0","no battery","V"
"06/11/2023","11:50:43","9","default","547630319","OXY_CH9","54.758","min","191.603","μmol/L","Humid","21.616","deg","119435","µV","26.738","°C","1016.000","hPa","35.9","pmil","0","55.690","deg","20.000","°C","100.000","%a.s.","22.400","deg","20.000","°C","962.000","hPa","0.861","-0.02617","0.00035","0","0","13.56","Humid","35.35","0","78.50","280276.49","SABD0002000014","AAV2.0.0.13","3.0.3.1703","PSt7-10","180509-002","9/13/2019 10:46:52 AM","0000-00","0","no battery","V"
"06/11/2023","11:50:44","9","default","547630319","OXY_CH9","54.775","min","191.639","μmol/L","Humid","21.618","deg","119430","µV","26.726","°C","1016.000","hPa","35.9","pmil","0","55.690","deg","20.000","°C","100.000","%a.s.","22.400","deg","20.000","°C","962.000","hPa","0.861","-0.02617","0.00035","0","0","13.56","Humid","35.35","0","78.50","280280.69","SABD0002000014","AAV2.0.0.13","3.0.3.1703","PSt7-10","180509-002","9/13/2019 10:46:52 AM","0000-00","0","no battery","V"
"06/11/2023","11:50:45","9","default","547630319","OXY_CH9","54.792","min","191.638","μmol/L","Humid","21.616","deg","119423","µV","26.732","°C","1016.000","hPa","35.9","pmil","0","55.690","deg","20.000","°C","100.000","%a.s.","22.400","deg","20.000","°C","962.000","hPa","0.861","-0.02617","0.00035","0","0","13.56","Humid","35.35","0","78.50","280278.72","SABD0002000014","AAV2.0.0.13","3.0.3.1703","PSt7-10","180509-002","9/13/2019 10:46:52 AM","0000-00","0","no battery","V"
"06/11/2023","11:50:46","9","default","547630319","OXY_CH9","54.808","min","191.688","μmol/L","Humid","21.613","deg","119418","µV","26.732","°C","1016.000","hPa","35.9","pmil","0","55.690","deg","20.000","°C","100.000","%a.s.","22.400","deg","20.000","°C","962.000","hPa","0.861","-0.02617","0.00035","0","0","13.56","Humid","35.35","0","78.50","280277.51","SABD0002000014","AAV2.0.0.13","3.0.3.1703","PSt7-10","180509-002","9/13/2019 10:46:52 AM","0000-00","0","no battery","V"
"06/11/2023","11:50:47","9","default","547630319","OXY_CH9","54.825","min","191.703","μmol/L","Humid","21.610","deg","119403","µV","26.738","°C","1016.000","hPa","35.9","pmil","0","55.690","deg","20.000","°C","100.000","%a.s.","22.400","deg","20.000","°C","962.000","hPa","0.861","-0.02617","0.00035","0","0","13.56","Humid","35.35","0","78.50","280275.09","SABD0002000014","AAV2.0.0.13","3.0.3.1703","PSt7-10","180509-002","9/13/2019 10:46:52 AM","0000-00","0","no battery","V"
"06/11/2023","11:50:48","9","default","547630319","OXY_CH9","54.841","min","191.703","μmol/L","Humid","21.610","deg","119404","µV","26.738","°C","1016.000","hPa","35.9","pmil","0","55.690","deg","20.000","°C","100.000","%a.s.","22.400","deg","20.000","°C","962.000","hPa","0.861","-0.02617","0.00035","0","0","13.56","Humid","35.35","0","78.50","280274.29","SABD0002000014","AAV2.0.0.13","3.0.3.1703","PSt7-10","180509-002","9/13/2019 10:46:52 AM","0000-00","0","no battery","V"
"06/11/2023","11:50:49","9","default","547630319","OXY_CH9","54.858","min","191.756","μmol/L","Humid","21.611","deg","119391","µV","26.726","°C","1016.000","hPa","35.9","pmil","0","55.690","deg","20.000","°C","100.000","%a.s.","22.400","deg","20.000","°C","962.000","hPa","0.861","-0.02617","0.00035","0","0","13.56","Humid","35.35","0","78.50","280275.85","SABD0002000014","AAV2.0.0.13","3.0.3.1703","PSt7-10","180509-002","9/13/2019 10:46:52 AM","0000-00","0","no battery","V"
"06/11/2023","11:50:50","9","default","547630319","OXY_CH9","54.875","min","191.720","μmol/L","Humid","21.609","deg","119376","µV","26.738","°C","1016.000","hPa","35.9","pmil","0","55.690","deg","20.000","°C","100.000","%a.s.","22.400","deg","20.000","°C","962.000","hPa","0.861","-0.02617","0.00035","0","0","13.56","Humid","35.35","0","78.50","280261.59","SABD0002000014","AAV2.0.0.13","3.0.3.1703","PSt7-10","180509-002","9/13/2019 10:46:52 AM","0000-00","0","no battery","V"
"06/11/2023","11:50:51","9","default","547630319","OXY_CH9","54.892","min","191.823","μmol/L","Humid","21.607","deg","119373","µV","26.726","°C","1016.000","hPa","35.9","pmil","0","55.690","deg","20.000","°C","100.000","%a.s.","22.400","deg","20.000","°C","962.000","hPa","0.861","-0.02617","0.00035","0","0","13.56","Humid","35.35","0","78.50","280283.73","SABD0002000014","AAV2.0.0.13","3.0.3.1703","PSt7-10","180509-002","9/13/2019 10:46:52 AM","0000-00","0","no battery","V"
"06/11/2023","11:50:52","9","default","547630319","OXY_CH9","54.908","min","191.804","μmol/L","Humid","21.604","deg","119362","µV","26.738","°C","1016.000","hPa","35.9","pmil","0","55.690","deg","20.000","°C","100.000","%a.s.","22.400","deg","20.000","°C","962.000","hPa","0.861","-0.02617","0.00035","0","0","13.56","Humid","35.35","0","78.50","280269.46","SABD0002000014","AAV2.0.0.13","3.0.3.1703","PSt7-10","180509-002","9/13/2019 10:46:52 AM","0000-00","0","no battery","V"
"06/11/2023","11:50:53","9","default","547630319","OXY_CH9","54.925","min","191.907","μmol/L","Humid","21.602","deg","119359","µV","26.726","°C","1016.000","hPa","35.9","pmil","0","55.690","deg","20.000","°C","100.000","%a.s.","22.400","deg","20.000","°C","962.000","hPa","0.861","-0.02617","0.00035","0","0","13.56","Humid","35.35","0","78.50","280267.91","SABD0002000014","AAV2.0.0.13","3.0.3.1703","PSt7-10","180509-002","9/13/2019 10:46:52 AM","0000-00","0","no battery","V"
"06/11/2023","11:50:54","9","default","547630319","OXY_CH9","54.942","min","191.822","μmol/L","Humid","21.605","deg","119354","µV","26.732","°C","1016.000","hPa","35.9","pmil","0","55.690","deg","20.000","°C","100.000","%a.s.","22.400","deg","20.000","°C","962.000","hPa","0.861","-0.02617","0.00035","0","0","13.56","Humid","35.35","0","78.50","280268.63","SABD0002000014","AAV2.0.0.13","3.0.3.1703","PSt7-10","180509-002","9/13/2019 10:46:52 AM","0000-00","0","no battery","V"
"06/11/2023","11:50:55","9","default","547630319","OXY_CH9","54.958","min","191.753","μmol/L","Humid","21.607","deg","119345","µV","26.738","°C","1016.000","hPa","35.9","pmil","0","55.690","deg","20.000","°C","100.000","%a.s.","22.400","deg","20.000","°C","962.000","hPa","0.861","-0.02617","0.00035","0","0","13.56","Humid","35.35","0","78.50","280272.44","SABD0002000014","AAV2.0.0.13","3.0.3.1703","PSt7-10","180509-002","9/13/2019 10:46:52 AM","0000-00","0","no battery","V"
"06/11/2023","11:50:56","9","default","547630319","OXY_CH9","54.975","min","191.922","μmol/L","Humid","21.599","deg","119334","µV","26.732","°C","1016.000","hPa","35.9","pmil","0","55.690","deg","20.000","°C","100.000","%a.s.","22.400","deg","20.000","°C","962.000","hPa","0.861","-0.02617","0.00035","0","0","13.56","Humid","35.35","0","78.50","280265.12","SABD0002000014","AAV2.0.0.13","3.0.3.1703","PSt7-10","180509-002","9/13/2019 10:46:52 AM","0000-00","0","no battery","V"
"06/11/2023","11:50:57","9","default","547630319","OXY_CH9","54.991","min","191.871","μmol/L","Humid","21.600","deg","119329","µV","26.738","°C","1016.000","hPa","35.9","pmil","0","55.690","deg","20.000","°C","100.000","%a.s.","22.400","deg","20.000","°C","962.000","hPa","0.861","-0.02617","0.00035","0","0","13.56","Humid","35.35","0","78.50","280270.57","SABD0002000014","AAV2.0.0.13","3.0.3.1703","PSt7-10","180509-002","9/13/2019 10:46:52 AM","0000-00","0","no battery","V"
"06/11/2023","11:50:58","9","default","547630319","OXY_CH9","55.008","min","191.956","μmol/L","Humid","21.597","deg","119323","µV","26.732","°C","1016.000","hPa","35.9","pmil","0","55.690","deg","20.000","°C","100.000","%a.s.","22.400","deg","20.000","°C","962.000","hPa","0.861","-0.02617","0.00035","0","0","13.56","Humid","35.35","0","78.50","280270.29","SABD0002000014","AAV2.0.0.13","3.0.3.1703","PSt7-10","180509-002","9/13/2019 10:46:52 AM","0000-00","0","no battery","V"
"06/11/2023","11:50:59","9","default","547630319","OXY_CH9","55.024","min","191.922","μmol/L","Humid","21.599","deg","119314","µV","26.732","°C","1016.000","hPa","35.9","pmil","0","55.690","deg","20.000","°C","100.000","%a.s.","22.400","deg","20.000","°C","962.000","hPa","0.861","-0.02617","0.00035","0","0","13.56","Humid","35.35","0","78.50","280267.76","SABD0002000014","AAV2.0.0.13","3.0.3.1703","PSt7-10","180509-002","9/13/2019 10:46:52 AM","0000-00","0","no battery","V"
"06/11/2023","11:51:00","9","default","547630319","OXY_CH9","55.041","min","191.988","μmol/L","Humid","21.593","deg","119301","µV","26.738","°C","1016.000","hPa","35.9","pmil","0","55.690","deg","20.000","°C","100.000","%a.s.","22.400","deg","20.000","°C","962.000","hPa","0.861","-0.02617","0.00035","0","0","13.56","Humid","35.35","0","78.50","280274.28","SABD0002000014","AAV2.0.0.13","3.0.3.1703","PSt7-10","180509-002","9/13/2019 10:46:52 AM","0000-00","0","no battery","V"
"06/11/2023","11:51:01","9","default","547630319","OXY_CH9","55.058","min","191.989","μmol/L","Humid","21.595","deg","119295","µV","26.732","°C","1016.000","hPa","35.9","pmil","0","55.690","deg","20.000","°C","100.000","%a.s.","22.400","deg","20.000","°C","962.000","hPa","0.861","-0.02617","0.00035","0","0","13.56","Humid","35.35","0","78.50","280273.47","SABD0002000014","AAV2.0.0.13","3.0.3.1703","PSt7-10","180509-002","9/13/2019 10:46:52 AM","0000-00","0","no battery","V"
"06/11/2023","11:51:02","9","default","547630319","OXY_CH9","55.075","min","192.039","μmol/L","Humid","21.592","deg","119285","µV","26.732","°C","1016.000","hPa","35.9","pmil","0","55.690","deg","20.000","°C","100.000","%a.s.","22.400","deg","20.000","°C","962.000","hPa","0.861","-0.02617","0.00035","0","0","13.56","Humid","35.35","0","78.50","280262.24","SABD0002000014","AAV2.0.0.13","3.0.3.1703","PSt7-10","180509-002","9/13/2019 10:46:52 AM","0000-00","0","no battery","V"
"06/11/2023","11:51:03","9","default","547630319","OXY_CH9","55.092","min","192.023","μmol/L","Humid","21.593","deg","119285","µV","26.732","°C","1016.000","hPa","35.9","pmil","0","55.690","deg","20.000","°C","100.000","%a.s.","22.400","deg","20.000","°C","962.000","hPa","0.861","-0.02617","0.00035","0","0","13.56","Humid","35.35","0","78.50","280261.37","SABD0002000014","AAV2.0.0.13","3.0.3.1703","PSt7-10","180509-002","9/13/2019 10:46:52 AM","0000-00","0","no battery","V"
"06/11/2023","11:51:04","9","default","547630319","OXY_CH9","55.109","min","192.039","μmol/L","Humid","21.592","deg","119279","µV","26.732","°C","1016.000","hPa","35.9","pmil","0","55.690","deg","20.000","°C","100.000","%a.s.","22.400","deg","20.000","°C","962.000","hPa","0.861","-0.02617","0.00035","0","0","13.56","Humid","35.35","0","78.50","280270.49","SABD0002000014","AAV2.0.0.13","3.0.3.1703","PSt7-10","180509-002","9/13/2019 10:46:52 AM","0000-00","0","no battery","V"
"06/11/2023","11:51:05","9","default","547630319","OXY_CH9","55.125","min","192.023","μmol/L","Humid","21.593","deg","119267","µV","26.732","°C","1016.000","hPa","35.9","pmil","0","55.690","deg","20.000","°C","100.000","%a.s.","22.400","deg","20.000","°C","962.000","hPa","0.861","-0.02617","0.00035","0","0","13.56","Humid","35.35","0","78.50","280268.90","SABD0002000014","AAV2.0.0.13","3.0.3.1703","PSt7-10","180509-002","9/13/2019 10:46:52 AM","0000-00","0","no battery","V"
"06/11/2023","11:51:06","9","default","547630319","OXY_CH9","55.142","min","192.090","μmol/L","Humid","21.589","deg","119261","µV","26.732","°C","1016.000","hPa","35.9","pmil","0","55.690","deg","20.000","°C","100.000","%a.s.","22.400","deg","20.000","°C","962.000","hPa","0.861","-0.02617","0.00035","0","0","13.56","Humid","35.35","0","78.50","280281.86","SABD0002000014","AAV2.0.0.13","3.0.3.1703","PSt7-10","180509-002","9/13/2019 10:46:52 AM","0000-00","0","no battery","V"
"06/11/2023","11:51:07","9","default","547630319","OXY_CH9","55.158","min","192.107","μmol/L","Humid","21.588","deg","119250","µV","26.732","°C","1016.000","hPa","35.9","pmil","0","55.690","deg","20.000","°C","100.000","%a.s.","22.400","deg","20.000","°C","962.000","hPa","0.861","-0.02617","0.00035","0","0","13.56","Humid","35.35","0","78.50","280272.45","SABD0002000014","AAV2.0.0.13","3.0.3.1703","PSt7-10","180509-002","9/13/2019 10:46:52 AM","0000-00","0","no battery","V"
"06/11/2023","11:51:08","9","default","547630319","OXY_CH9","55.175","min","192.056","μmol/L","Humid","21.591","deg","119246","µV","26.732","°C","1016.000","hPa","35.9","pmil","0","55.690","deg","20.000","°C","100.000","%a.s.","22.400","deg","20.000","°C","962.000","hPa","0.861","-0.02617","0.00035","0","0","13.56","Humid","35.35","0","78.50","280276.14","SABD0002000014","AAV2.0.0.13","3.0.3.1703","PSt7-10","180509-002","9/13/2019 10:46:52 AM","0000-00","0","no battery","V"
"06/11/2023","11:51:09","9","default","547630319","OXY_CH9","55.192","min","192.105","μmol/L","Humid","21.586","deg","119233","µV","26.738","°C","1016.000","hPa","35.9","pmil","0","55.690","deg","20.000","°C","100.000","%a.s.","22.400","deg","20.000","°C","962.000","hPa","0.861","-0.02617","0.00035","0","0","13.56","Humid","35.35","0","78.50","280273.15","SABD0002000014","AAV2.0.0.13","3.0.3.1703","PSt7-10","180509-002","9/13/2019 10:46:52 AM","0000-00","0","no battery","V"
"06/11/2023","11:51:10","9","default","547630319","OXY_CH9","55.208","min","192.105","μmol/L","Humid","21.586","deg","119234","µV","26.738","°C","1016.000","hPa","35.9","pmil","0","55.690","deg","20.000","°C","100.000","%a.s.","22.400","deg","20.000","°C","962.000","hPa","0.861","-0.02617","0.00035","0","0","13.56","Humid","35.35","0","78.50","280271.78","SABD0002000014","AAV2.0.0.13","3.0.3.1703","PSt7-10","180509-002","9/13/2019 10:46:52 AM","0000-00","0","no battery","V"
"06/11/2023","11:51:11","9","default","547630319","OXY_CH9","55.225","min","192.174","μmol/L","Humid","21.584","deg","119218","µV","26.732","°C","1016.000","hPa","35.9","pmil","0","55.690","deg","20.000","°C","100.000","%a.s.","22.400","deg","20.000","°C","962.000","hPa","0.861","-0.02617","0.00035","0","0","13.56","Humid","35.35","0","78.50","280269.50","SABD0002000014","AAV2.0.0.13","3.0.3.1703","PSt7-10","180509-002","9/13/2019 10:46:52 AM","0000-00","0","no battery","V"
"06/11/2023","11:51:12","9","default","547630319","OXY_CH9","55.242","min","192.139","μmol/L","Humid","21.584","deg","119216","µV","26.738","°C","1016.000","hPa","35.9","pmil","0","55.690","deg","20.000","°C","100.000","%a.s.","22.400","deg","20.000","°C","962.000","hPa","0.861","-0.02617","0.00035","0","0","13.56","Humid","35.35","0","78.50","280260.63","SABD0002000014","AAV2.0.0.13","3.0.3.1703","PSt7-10","180509-002","9/13/2019 10:46:52 AM","0000-00","0","no battery","V"
"06/11/2023","11:51:13","9","default","547630319","OXY_CH9","55.258","min","192.259","μmol/L","Humid","21.581","deg","119196","µV","26.726","°C","1016.000","hPa","35.9","pmil","0","55.690","deg","20.000","°C","100.000","%a.s.","22.400","deg","20.000","°C","962.000","hPa","0.861","-0.02617","0.00035","0","0","13.56","Humid","35.35","0","78.50","280257.86","SABD0002000014","AAV2.0.0.13","3.0.3.1703","PSt7-10","180509-002","9/13/2019 10:46:52 AM","0000-00","0","no battery","V"
"06/11/2023","11:51:14","9","default","547630319","OXY_CH9","55.275","min","192.206","μmol/L","Humid","21.580","deg","119192","µV","26.738","°C","1016.000","hPa","35.9","pmil","0","55.690","deg","20.000","°C","100.000","%a.s.","22.400","deg","20.000","°C","962.000","hPa","0.861","-0.02617","0.00035","0","0","13.56","Humid","35.35","0","78.50","280269.10","SABD0002000014","AAV2.0.0.13","3.0.3.1703","PSt7-10","180509-002","9/13/2019 10:46:52 AM","0000-00","0","no battery","V"
"06/11/2023","11:51:15","9","default","547630319","OXY_CH9","55.291","min","192.291","μmol/L","Humid","21.577","deg","119189","µV","26.732","°C","1016.000","hPa","35.9","pmil","0","55.690","deg","20.000","°C","100.000","%a.s.","22.400","deg","20.000","°C","962.000","hPa","0.861","-0.02617","0.00035","0","0","13.56","Humid","35.35","0","78.50","280263.59","SABD0002000014","AAV2.0.0.13","3.0.3.1703","PSt7-10","180509-002","9/13/2019 10:46:52 AM","0000-00","0","no battery","V"
"06/11/2023","11:51:16","9","default","547630319","OXY_CH9","55.308","min","192.291","μmol/L","Humid","21.577","deg","119184","µV","26.732","°C","1016.000","hPa","35.9","pmil","0","55.690","deg","20.000","°C","100.000","%a.s.","22.400","deg","20.000","°C","962.000","hPa","0.861","-0.02617","0.00035","0","0","13.56","Humid","35.35","0","78.50","280277.20","SABD0002000014","AAV2.0.0.13","3.0.3.1703","PSt7-10","180509-002","9/13/2019 10:46:52 AM","0000-00","0","no battery","V"
"06/11/2023","11:51:17","9","default","547630319","OXY_CH9","55.325","min","192.307","μmol/L","Humid","21.574","deg","119174","µV","26.738","°C","1016.000","hPa","35.9","pmil","0","55.690","deg","20.000","°C","100.000","%a.s.","22.400","deg","20.000","°C","962.000","hPa","0.861","-0.02617","0.00035","0","0","13.56","Humid","35.35","0","78.50","280264.20","SABD0002000014","AAV2.0.0.13","3.0.3.1703","PSt7-10","180509-002","9/13/2019 10:46:52 AM","0000-00","0","no battery","V"
"06/11/2023","11:51:18","9","default","547630319","OXY_CH9","55.341","min","192.274","μmol/L","Humid","21.578","deg","119159","µV","26.732","°C","1016.000","hPa","35.9","pmil","0","55.690","deg","20.000","°C","100.000","%a.s.","22.400","deg","20.000","°C","962.000","hPa","0.861","-0.02617","0.00035","0","0","13.56","Humid","35.35","0","78.50","280262.59","SABD0002000014","AAV2.0.0.13","3.0.3.1703","PSt7-10","180509-002","9/13/2019 10:46:52 AM","0000-00","0","no battery","V"
"06/11/2023","11:51:19","9","default","547630319","OXY_CH9","55.359","min","192.340","μmol/L","Humid","21.572","deg","119161","µV","26.738","°C","1016.000","hPa","35.9","pmil","0","55.690","deg","20.000","°C","100.000","%a.s.","22.400","deg","20.000","°C","962.000","hPa","0.861","-0.02617","0.00035","0","0","13.56","Humid","35.35","0","78.50","280264.85","SABD0002000014","AAV2.0.0.13","3.0.3.1703","PSt7-10","180509-002","9/13/2019 10:46:52 AM","0000-00","0","no battery","V"
"06/11/2023","11:51:20","9","default","547630319","OXY_CH9","55.374","min","192.375","μmol/L","Humid","21.572","deg","119153","µV","26.732","°C","1016.000","hPa","35.9","pmil","0","55.690","deg","20.000","°C","100.000","%a.s.","22.400","deg","20.000","°C","962.000","hPa","0.861","-0.02617","0.00035","0","0","13.56","Humid","35.35","0","78.50","280257.22","SABD0002000014","AAV2.0.0.13","3.0.3.1703","PSt7-10","180509-002","9/13/2019 10:46:52 AM","0000-00","0","no battery","V"
"06/11/2023","11:51:21","9","default","547630319","OXY_CH9","55.391","min","192.392","μmol/L","Humid","21.571","deg","119139","µV","26.732","°C","1016.000","hPa","35.9","pmil","0","55.690","deg","20.000","°C","100.000","%a.s.","22.400","deg","20.000","°C","962.000","hPa","0.861","-0.02617","0.00035","0","0","13.56","Humid","35.35","0","78.50","280266.57","SABD0002000014","AAV2.0.0.13","3.0.3.1703","PSt7-10","180509-002","9/13/2019 10:46:52 AM","0000-00","0","no battery","V"
"06/11/2023","11:51:22","9","default","547630319","OXY_CH9","55.408","min","192.372","μmol/L","Humid","21.568","deg","119140","µV","26.744","°C","1016.000","hPa","35.9","pmil","0","55.690","deg","20.000","°C","100.000","%a.s.","22.400","deg","20.000","°C","962.000","hPa","0.861","-0.02617","0.00035","0","0","13.56","Humid","35.35","0","78.50","280271.13","SABD0002000014","AAV2.0.0.13","3.0.3.1703","PSt7-10","180509-002","9/13/2019 10:46:52 AM","0000-00","0","no battery","V"
"06/11/2023","11:51:23","9","default","547630319","OXY_CH9","55.425","min","192.407","μmol/L","Humid","21.568","deg","119127","µV","26.738","°C","1016.000","hPa","35.9","pmil","0","55.690","deg","20.000","°C","100.000","%a.s.","22.400","deg","20.000","°C","962.000","hPa","0.861","-0.02617","0.00035","0","0","13.56","Humid","35.35","0","78.50","280269.63","SABD0002000014","AAV2.0.0.13","3.0.3.1703","PSt7-10","180509-002","9/13/2019 10:46:52 AM","0000-00","0","no battery","V"
"06/11/2023","11:51:24","9","default","547630319","OXY_CH9","55.441","min","192.459","μmol/L","Humid","21.567","deg","119121","µV","26.732","°C","1016.000","hPa","35.9","pmil","0","55.690","deg","20.000","°C","100.000","%a.s.","22.400","deg","20.000","°C","962.000","hPa","0.861","-0.02617","0.00035","0","0","13.56","Humid","35.35","0","78.50","280263.04","SABD0002000014","AAV2.0.0.13","3.0.3.1703","PSt7-10","180509-002","9/13/2019 10:46:52 AM","0000-00","0","no battery","V"
"06/11/2023","11:51:25","9","default","547630319","OXY_CH9","55.458","min","192.425","μmol/L","Humid","21.569","deg","119110","µV","26.732","°C","1016.000","hPa","35.9","pmil","0","55.690","deg","20.000","°C","100.000","%a.s.","22.400","deg","20.000","°C","962.000","hPa","0.861","-0.02617","0.00035","0","0","13.56","Humid","35.35","0","78.50","280248.63","SABD0002000014","AAV2.0.0.13","3.0.3.1703","PSt7-10","180509-002","9/13/2019 10:46:52 AM","0000-00","0","no battery","V"
"06/11/2023","11:51:26","9","default","547630319","OXY_CH9","55.475","min","192.493","μmol/L","Humid","21.565","deg","119104","µV","26.732","°C","1016.000","hPa","35.9","pmil","0","55.690","deg","20.000","°C","100.000","%a.s.","22.400","deg","20.000","°C","962.000","hPa","0.861","-0.02617","0.00035","0","0","13.56","Humid","35.35","0","78.50","280262.73","SABD0002000014","AAV2.0.0.13","3.0.3.1703","PSt7-10","180509-002","9/13/2019 10:46:52 AM","0000-00","0","no battery","V"
"06/11/2023","11:51:27","9","default","547630319","OXY_CH9","55.491","min","192.543","μmol/L","Humid","21.562","deg","119093","µV","26.732","°C","1016.000","hPa","35.9","pmil","0","55.690","deg","20.000","°C","100.000","%a.s.","22.400","deg","20.000","°C","962.000","hPa","0.861","-0.02617","0.00035","0","0","13.56","Humid","35.35","0","78.50","280253.12","SABD0002000014","AAV2.0.0.13","3.0.3.1703","PSt7-10","180509-002","9/13/2019 10:46:52 AM","0000-00","0","no battery","V"
"06/11/2023","11:51:28","9","default","547630319","OXY_CH9","55.508","min","192.423","μmol/L","Humid","21.565","deg","119093","µV","26.744","°C","1016.000","hPa","35.9","pmil","0","55.690","deg","20.000","°C","100.000","%a.s.","22.400","deg","20.000","°C","962.000","hPa","0.861","-0.02617","0.00035","0","0","13.56","Humid","35.35","0","78.50","280260.87","SABD0002000014","AAV2.0.0.13","3.0.3.1703","PSt7-10","180509-002","9/13/2019 10:46:52 AM","0000-00","0","no battery","V"
"06/11/2023","11:51:29","9","default","547630319","OXY_CH9","55.524","min","192.543","μmol/L","Humid","21.562","deg","119087","µV","26.732","°C","1016.000","hPa","35.9","pmil","0","55.690","deg","20.000","°C","100.000","%a.s.","22.400","deg","20.000","°C","962.000","hPa","0.861","-0.02617","0.00035","0","0","13.56","Humid","35.35","0","78.50","280260.54","SABD0002000014","AAV2.0.0.13","3.0.3.1703","PSt7-10","180509-002","9/13/2019 10:46:52 AM","0000-00","0","no battery","V"
"06/11/2023","11:51:30","9","default","547630319","OXY_CH9","55.541","min","192.525","μmol/L","Humid","21.561","deg","119072","µV","26.738","°C","1016.000","hPa","35.9","pmil","0","55.690","deg","20.000","°C","100.000","%a.s.","22.400","deg","20.000","°C","962.000","hPa","0.861","-0.02617","0.00035","0","0","13.56","Humid","35.35","0","78.50","280256.43","SABD0002000014","AAV2.0.0.13","3.0.3.1703","PSt7-10","180509-002","9/13/2019 10:46:52 AM","0000-00","0","no battery","V"
"06/11/2023","11:51:31","9","default","547630319","OXY_CH9","55.558","min","192.577","μmol/L","Humid","21.560","deg","119076","µV","26.732","°C","1016.000","hPa","35.9","pmil","0","55.690","deg","20.000","°C","100.000","%a.s.","22.400","deg","20.000","°C","962.000","hPa","0.861","-0.02617","0.00035","0","0","13.56","Humid","35.35","0","78.50","280265.22","SABD0002000014","AAV2.0.0.13","3.0.3.1703","PSt7-10","180509-002","9/13/2019 10:46:52 AM","0000-00","0","no battery","V"
"06/11/2023","11:51:32","9","default","547630319","OXY_CH9","55.574","min","192.609","μmol/L","Humid","21.556","deg","119055","µV","26.738","°C","1016.000","hPa","35.9","pmil","0","55.690","deg","20.000","°C","100.000","%a.s.","22.400","deg","20.000","°C","962.000","hPa","0.861","-0.02617","0.00035","0","0","13.56","Humid","35.35","0","78.50","280257.65","SABD0002000014","AAV2.0.0.13","3.0.3.1703","PSt7-10","180509-002","9/13/2019 10:46:52 AM","0000-00","0","no battery","V"
"06/11/2023","11:51:33","9","default","547630319","OXY_CH9","55.591","min","192.577","μmol/L","Humid","21.560","deg","119058","µV","26.732","°C","1016.000","hPa","35.9","pmil","0","55.690","deg","20.000","°C","100.000","%a.s.","22.400","deg","20.000","°C","962.000","hPa","0.861","-0.02617","0.00035","0","0","13.56","Humid","35.35","0","78.50","280260.08","SABD0002000014","AAV2.0.0.13","3.0.3.1703","PSt7-10","180509-002","9/13/2019 10:46:52 AM","0000-00","0","no battery","V"
"06/11/2023","11:51:34","9","default","547630319","OXY_CH9","55.608","min","192.661","μmol/L","Humid","21.555","deg","119053","µV","26.732","°C","1016.000","hPa","35.9","pmil","0","55.690","deg","20.000","°C","100.000","%a.s.","22.400","deg","20.000","°C","962.000","hPa","0.861","-0.02617","0.00035","0","0","13.56","Humid","35.35","0","78.50","280258.57","SABD0002000014","AAV2.0.0.13","3.0.3.1703","PSt7-10","180509-002","9/13/2019 10:46:52 AM","0000-00","0","no battery","V"
"06/11/2023","11:51:35","9","default","547630319","OXY_CH9","55.625","min","192.676","μmol/L","Humid","21.552","deg","119051","µV","26.738","°C","1016.000","hPa","35.9","pmil","0","55.690","deg","20.000","°C","100.000","%a.s.","22.400","deg","20.000","°C","962.000","hPa","0.861","-0.02617","0.00035","0","0","13.56","Humid","35.35","0","78.50","280276.49","SABD0002000014","AAV2.0.0.13","3.0.3.1703","PSt7-10","180509-002","9/13/2019 10:46:52 AM","0000-00","0","no battery","V"
"06/11/2023","11:51:36","9","default","547630319","OXY_CH9","55.641","min","192.609","μmol/L","Humid","21.556","deg","119026","µV","26.738","°C","1016.000","hPa","35.9","pmil","0","55.690","deg","20.000","°C","100.000","%a.s.","22.400","deg","20.000","°C","962.000","hPa","0.861","-0.02617","0.00035","0","0","13.56","Humid","35.35","0","78.50","280248.47","SABD0002000014","AAV2.0.0.13","3.0.3.1703","PSt7-10","180509-002","9/13/2019 10:46:52 AM","0000-00","0","no battery","V"
"06/11/2023","11:51:37","9","default","547630319","OXY_CH9","55.658","min","192.693","μmol/L","Humid","21.551","deg","119023","µV","26.738","°C","1016.000","hPa","35.9","pmil","0","55.690","deg","20.000","°C","100.000","%a.s.","22.400","deg","20.000","°C","962.000","hPa","0.861","-0.02617","0.00035","0","0","13.56","Humid","35.35","0","78.50","280260.68","SABD0002000014","AAV2.0.0.13","3.0.3.1703","PSt7-10","180509-002","9/13/2019 10:46:52 AM","0000-00","0","no battery","V"
"06/11/2023","11:51:38","9","default","547630319","OXY_CH9","55.675","min","192.694","μmol/L","Humid","21.553","deg","119017","µV","26.732","°C","1016.000","hPa","35.9","pmil","0","55.690","deg","20.000","°C","100.000","%a.s.","22.400","deg","20.000","°C","962.000","hPa","0.861","-0.02617","0.00035","0","0","13.56","Humid","35.35","0","78.50","280252.38","SABD0002000014","AAV2.0.0.13","3.0.3.1703","PSt7-10","180509-002","9/13/2019 10:46:52 AM","0000-00","0","no battery","V"
"06/11/2023","11:51:39","9","default","547630319","OXY_CH9","55.691","min","192.728","μmol/L","Humid","21.551","deg","119008","µV","26.732","°C","1016.000","hPa","35.9","pmil","0","55.690","deg","20.000","°C","100.000","%a.s.","22.400","deg","20.000","°C","962.000","hPa","0.861","-0.02617","0.00035","0","0","13.56","Humid","35.35","0","78.50","280253.94","SABD0002000014","AAV2.0.0.13","3.0.3.1703","PSt7-10","180509-002","9/13/2019 10:46:52 AM","0000-00","0","no battery","V"
"06/11/2023","11:51:40","9","default","547630319","OXY_CH9","55.708","min","192.779","μmol/L","Humid","21.548","deg","119004","µV","26.732","°C","1016.000","hPa","35.9","pmil","0","55.690","deg","20.000","°C","100.000","%a.s.","22.400","deg","20.000","°C","962.000","hPa","0.861","-0.02617","0.00035","0","0","13.56","Humid","35.35","0","78.50","280250.05","SABD0002000014","AAV2.0.0.13","3.0.3.1703","PSt7-10","180509-002","9/13/2019 10:46:52 AM","0000-00","0","no battery","V"
"06/11/2023","11:51:41","9","default","547630319","OXY_CH9","55.725","min","192.811","μmol/L","Humid","21.544","deg","118996","µV","26.738","°C","1016.000","hPa","35.9","pmil","0","55.690","deg","20.000","°C","100.000","%a.s.","22.400","deg","20.000","°C","962.000","hPa","0.861","-0.02617","0.00035","0","0","13.56","Humid","35.35","0","78.50","280263.74","SABD0002000014","AAV2.0.0.13","3.0.3.1703","PSt7-10","180509-002","9/13/2019 10:46:52 AM","0000-00","0","no battery","V"
"06/11/2023","11:51:42","9","default","547630319","OXY_CH9","55.741","min","192.761","μmol/L","Humid","21.547","deg","118984","µV","26.738","°C","1016.000","hPa","35.9","pmil","0","55.690","deg","20.000","°C","100.000","%a.s.","22.400","deg","20.000","°C","962.000","hPa","0.861","-0.02617","0.00035","0","0","13.56","Humid","35.35","0","78.50","280255.83","SABD0002000014","AAV2.0.0.13","3.0.3.1703","PSt7-10","180509-002","9/13/2019 10:46:52 AM","0000-00","0","no battery","V"
"06/11/2023","11:51:43","9","default","547630319","OXY_CH9","55.758","min","192.863","μmol/L","Humid","21.543","deg","118980","µV","26.732","°C","1016.000","hPa","35.9","pmil","0","55.690","deg","20.000","°C","100.000","%a.s.","22.400","deg","20.000","°C","962.000","hPa","0.861","-0.02617","0.00035","0","0","13.56","Humid","35.35","0","78.50","280264.52","SABD0002000014","AAV2.0.0.13","3.0.3.1703","PSt7-10","180509-002","9/13/2019 10:46:52 AM","0000-00","0","no battery","V"
"06/11/2023","11:51:44","9","default","547630319","OXY_CH9","55.775","min","192.828","μmol/L","Humid","21.543","deg","118975","µV","26.738","°C","1016.000","hPa","35.9","pmil","0","55.690","deg","20.000","°C","100.000","%a.s.","22.400","deg","20.000","°C","962.000","hPa","0.861","-0.02617","0.00035","0","0","13.56","Humid","35.35","0","78.50","280258.71","SABD0002000014","AAV2.0.0.13","3.0.3.1703","PSt7-10","180509-002","9/13/2019 10:46:52 AM","0000-00","0","no battery","V"
"06/11/2023","11:51:45","9","default","547630319","OXY_CH9","55.791","min","192.793","μmol/L","Humid","21.543","deg","118971","µV","26.744","°C","1016.000","hPa","35.9","pmil","0","55.690","deg","20.000","°C","100.000","%a.s.","22.400","deg","20.000","°C","962.000","hPa","0.861","-0.02617","0.00035","0","0","13.56","Humid","35.35","0","78.50","280252.84","SABD0002000014","AAV2.0.0.13","3.0.3.1703","PSt7-10","180509-002","9/13/2019 10:46:52 AM","0000-00","0","no battery","V"
"06/11/2023","11:51:46","9","default","547630319","OXY_CH9","55.808","min","192.878","μmol/L","Humid","21.540","deg","118961","µV","26.738","°C","1016.000","hPa","35.9","pmil","0","55.690","deg","20.000","°C","100.000","%a.s.","22.400","deg","20.000","°C","962.000","hPa","0.861","-0.02617","0.00035","0","0","13.56","Humid","35.35","0","78.50","280272.34","SABD0002000014","AAV2.0.0.13","3.0.3.1703","PSt7-10","180509-002","9/13/2019 10:46:52 AM","0000-00","0","no battery","V"
"06/11/2023","11:51:47","9","default","547630319","OXY_CH9","55.825","min","192.895","μmol/L","Humid","21.539","deg","118953","µV","26.738","°C","1016.000","hPa","35.9","pmil","0","55.690","deg","20.000","°C","100.000","%a.s.","22.400","deg","20.000","°C","962.000","hPa","0.861","-0.02617","0.00035","0","0","13.56","Humid","35.35","0","78.50","280264.10","SABD0002000014","AAV2.0.0.13","3.0.3.1703","PSt7-10","180509-002","9/13/2019 10:46:52 AM","0000-00","0","no battery","V"
"06/11/2023","11:51:48","9","default","547630319","OXY_CH9","55.841","min","192.929","μmol/L","Humid","21.537","deg","118946","µV","26.738","°C","1016.000","hPa","35.9","pmil","0","55.690","deg","20.000","°C","100.000","%a.s.","22.400","deg","20.000","°C","962.000","hPa","0.861","-0.02617","0.00035","0","0","13.56","Humid","35.35","0","78.50","280265.40","SABD0002000014","AAV2.0.0.13","3.0.3.1703","PSt7-10","180509-002","9/13/2019 10:46:52 AM","0000-00","0","no battery","V"
"06/11/2023","11:51:49","9","default","547630319","OXY_CH9","55.858","min","192.929","μmol/L","Humid","21.537","deg","118944","µV","26.738","°C","1016.000","hPa","35.9","pmil","0","55.690","deg","20.000","°C","100.000","%a.s.","22.400","deg","20.000","°C","962.000","hPa","0.861","-0.02617","0.00035","0","0","13.56","Humid","35.35","0","78.50","280262.52","SABD0002000014","AAV2.0.0.13","3.0.3.1703","PSt7-10","180509-002","9/13/2019 10:46:52 AM","0000-00","0","no battery","V"
"06/11/2023","11:51:50","9","default","547630319","OXY_CH9","55.875","min","192.946","μmol/L","Humid","21.536","deg","118932","µV","26.738","°C","1016.000","hPa","35.9","pmil","0","55.690","deg","20.000","°C","100.000","%a.s.","22.400","deg","20.000","°C","962.000","hPa","0.861","-0.02617","0.00035","0","0","13.56","Humid","35.35","0","78.50","280263.59","SABD0002000014","AAV2.0.0.13","3.0.3.1703","PSt7-10","180509-002","9/13/2019 10:46:52 AM","0000-00","0","no battery","V"
"06/11/2023","11:51:51","9","default","547630319","OXY_CH9","55.891","min","192.980","μmol/L","Humid","21.534","deg","118922","µV","26.738","°C","1016.000","hPa","35.9","pmil","0","55.690","deg","20.000","°C","100.000","%a.s.","22.400","deg","20.000","°C","962.000","hPa","0.861","-0.02617","0.00035","0","0","13.56","Humid","35.35","0","78.50","280245.11","SABD0002000014","AAV2.0.0.13","3.0.3.1703","PSt7-10","180509-002","9/13/2019 10:46:52 AM","0000-00","0","no battery","V"
"06/11/2023","11:51:52","9","default","547630319","OXY_CH9","55.908","min","192.929","μmol/L","Humid","21.537","deg","118919","µV","26.738","°C","1016.000","hPa","35.9","pmil","0","55.690","deg","20.000","°C","100.000","%a.s.","22.400","deg","20.000","°C","962.000","hPa","0.861","-0.02617","0.00035","0","0","13.56","Humid","35.35","0","78.50","280264.79","SABD0002000014","AAV2.0.0.13","3.0.3.1703","PSt7-10","180509-002","9/13/2019 10:46:52 AM","0000-00","0","no battery","V"
"06/11/2023","11:51:53","9","default","547630319","OXY_CH9","55.925","min","193.031","μmol/L","Humid","21.533","deg","118908","µV","26.732","°C","1016.000","hPa","35.9","pmil","0","55.690","deg","20.000","°C","100.000","%a.s.","22.400","deg","20.000","°C","962.000","hPa","0.861","-0.02617","0.00035","0","0","13.56","Humid","35.35","0","78.50","280255.91","SABD0002000014","AAV2.0.0.13","3.0.3.1703","PSt7-10","180509-002","9/13/2019 10:46:52 AM","0000-00","0","no battery","V"
"06/11/2023","11:51:54","9","default","547630319","OXY_CH9","55.942","min","193.031","μmol/L","Humid","21.533","deg","118896","µV","26.732","°C","1016.000","hPa","35.9","pmil","0","55.690","deg","20.000","°C","100.000","%a.s.","22.400","deg","20.000","°C","962.000","hPa","0.861","-0.02617","0.00035","0","0","13.56","Humid","35.35","0","78.50","280255.96","SABD0002000014","AAV2.0.0.13","3.0.3.1703","PSt7-10","180509-002","9/13/2019 10:46:52 AM","0000-00","0","no battery","V"
"06/11/2023","11:51:55","9","default","547630319","OXY_CH9","55.958","min","193.081","μmol/L","Humid","21.528","deg","118888","µV","26.738","°C","1016.000","hPa","35.9","pmil","0","55.690","deg","20.000","°C","100.000","%a.s.","22.400","deg","20.000","°C","962.000","hPa","0.861","-0.02617","0.00035","0","0","13.56","Humid","35.35","0","78.50","280251.36","SABD0002000014","AAV2.0.0.13","3.0.3.1703","PSt7-10","180509-002","9/13/2019 10:46:52 AM","0000-00","0","no battery","V"
"06/11/2023","11:51:56","9","default","547630319","OXY_CH9","55.975","min","193.098","μmol/L","Humid","21.527","deg","118876","µV","26.738","°C","1016.000","hPa","35.9","pmil","0","55.690","deg","20.000","°C","100.000","%a.s.","22.400","deg","20.000","°C","962.000","hPa","0.861","-0.02617","0.00035","0","0","13.56","Humid","35.35","0","78.50","280243.36","SABD0002000014","AAV2.0.0.13","3.0.3.1703","PSt7-10","180509-002","9/13/2019 10:46:52 AM","0000-00","0","no battery","V"
"06/11/2023","11:51:57","9","default","547630319","OXY_CH9","55.992","min","193.047","μmol/L","Humid","21.530","deg","118865","µV","26.738","°C","1016.000","hPa","35.9","pmil","0","55.690","deg","20.000","°C","100.000","%a.s.","22.400","deg","20.000","°C","962.000","hPa","0.861","-0.02617","0.00035","0","0","13.56","Humid","35.35","0","78.50","280243.59","SABD0002000014","AAV2.0.0.13","3.0.3.1703","PSt7-10","180509-002","9/13/2019 10:46:52 AM","0000-00","0","no battery","V"
"06/11/2023","11:51:58","9","default","547630319","OXY_CH9","56.009","min","193.150","μmol/L","Humid","21.526","deg","118862","µV","26.732","°C","1016.000","hPa","35.9","pmil","0","55.690","deg","20.000","°C","100.000","%a.s.","22.400","deg","20.000","°C","962.000","hPa","0.861","-0.02617","0.00035","0","0","13.56","Humid","35.35","0","78.50","280253.67","SABD0002000014","AAV2.0.0.13","3.0.3.1703","PSt7-10","180509-002","9/13/2019 10:46:52 AM","0000-00","0","no battery","V"
"06/11/2023","11:51:59","9","default","547630319","OXY_CH9","56.025","min","193.148","μmol/L","Humid","21.524","deg","118856","µV","26.738","°C","1016.000","hPa","35.9","pmil","0","55.690","deg","20.000","°C","100.000","%a.s.","22.400","deg","20.000","°C","962.000","hPa","0.861","-0.02617","0.00035","0","0","13.56","Humid","35.35","0","78.50","280239.92","SABD0002000014","AAV2.0.0.13","3.0.3.1703","PSt7-10","180509-002","9/13/2019 10:46:52 AM","0000-00","0","no battery","V"
"06/11/2023","11:52:00","9","default","547630319","OXY_CH9","56.042","min","193.200","μmol/L","Humid","21.523","deg","118855","µV","26.732","°C","1016.000","hPa","35.9","pmil","0","55.690","deg","20.000","°C","100.000","%a.s.","22.400","deg","20.000","°C","962.000","hPa","0.861","-0.02617","0.00035","0","0","13.56","Humid","35.35","0","78.50","280251.15","SABD0002000014","AAV2.0.0.13","3.0.3.1703","PSt7-10","180509-002","9/13/2019 10:46:52 AM","0000-00","0","no battery","V"
"06/11/2023","11:52:01","9","default","547630319","OXY_CH9","56.059","min","193.165","μmol/L","Humid","21.523","deg","118847","µV","26.738","°C","1016.000","hPa","35.9","pmil","0","55.690","deg","20.000","°C","100.000","%a.s.","22.400","deg","20.000","°C","962.000","hPa","0.861","-0.02617","0.00035","0","0","13.56","Humid","35.35","0","78.50","280255.89","SABD0002000014","AAV2.0.0.13","3.0.3.1703","PSt7-10","180509-002","9/13/2019 10:46:52 AM","0000-00","0","no battery","V"
"06/11/2023","11:52:02","9","default","547630319","OXY_CH9","56.075","min","193.148","μmol/L","Humid","21.524","deg","118837","µV","26.738","°C","1016.000","hPa","35.9","pmil","0","55.690","deg","20.000","°C","100.000","%a.s.","22.400","deg","20.000","°C","962.000","hPa","0.861","-0.02617","0.00035","0","0","13.56","Humid","35.35","0","78.50","280248.23","SABD0002000014","AAV2.0.0.13","3.0.3.1703","PSt7-10","180509-002","9/13/2019 10:46:52 AM","0000-00","0","no battery","V"
"06/11/2023","11:52:03","9","default","547630319","OXY_CH9","56.092","min","193.131","μmol/L","Humid","21.525","deg","118836","µV","26.738","°C","1016.000","hPa","35.9","pmil","0","55.690","deg","20.000","°C","100.000","%a.s.","22.400","deg","20.000","°C","962.000","hPa","0.861","-0.02617","0.00035","0","0","13.56","Humid","35.35","0","78.50","280255.90","SABD0002000014","AAV2.0.0.13","3.0.3.1703","PSt7-10","180509-002","9/13/2019 10:46:52 AM","0000-00","0","no battery","V"
"06/11/2023","11:52:04","9","default","547630319","OXY_CH9","56.108","min","193.165","μmol/L","Humid","21.523","deg","118825","µV","26.738","°C","1016.000","hPa","35.9","pmil","0","55.690","deg","20.000","°C","100.000","%a.s.","22.400","deg","20.000","°C","962.000","hPa","0.861","-0.02617","0.00035","0","0","13.56","Humid","35.35","0","78.50","280251.06","SABD0002000014","AAV2.0.0.13","3.0.3.1703","PSt7-10","180509-002","9/13/2019 10:46:52 AM","0000-00","0","no battery","V"
"06/11/2023","11:52:05","9","default","547630319","OXY_CH9","56.125","min","193.182","μmol/L","Humid","21.522","deg","118818","µV","26.738","°C","1016.000","hPa","35.9","pmil","0","55.690","deg","20.000","°C","100.000","%a.s.","22.400","deg","20.000","°C","962.000","hPa","0.861","-0.02617","0.00035","0","0","13.56","Humid","35.35","0","78.50","280247.66","SABD0002000014","AAV2.0.0.13","3.0.3.1703","PSt7-10","180509-002","9/13/2019 10:46:52 AM","0000-00","0","no battery","V"
"06/11/2023","11:52:06","9","default","547630319","OXY_CH9","56.142","min","193.216","μmol/L","Humid","21.520","deg","118811","µV","26.738","°C","1016.000","hPa","35.9","pmil","0","55.690","deg","20.000","°C","100.000","%a.s.","22.400","deg","20.000","°C","962.000","hPa","0.861","-0.02617","0.00035","0","0","13.56","Humid","35.35","0","78.50","280258.49","SABD0002000014","AAV2.0.0.13","3.0.3.1703","PSt7-10","180509-002","9/13/2019 10:46:52 AM","0000-00","0","no battery","V"
"06/11/2023","11:52:07","9","default","547630319","OXY_CH9","56.158","min","193.302","μmol/L","Humid","21.517","deg","118800","µV","26.732","°C","1016.000","hPa","35.9","pmil","0","55.690","deg","20.000","°C","100.000","%a.s.","22.400","deg","20.000","°C","962.000","hPa","0.861","-0.02617","0.00035","0","0","13.56","Humid","35.35","0","78.50","280248.92","SABD0002000014","AAV2.0.0.13","3.0.3.1703","PSt7-10","180509-002","9/13/2019 10:46:52 AM","0000-00","0","no battery","V"
"06/11/2023","11:52:08","9","default","547630319","OXY_CH9","56.175","min","193.335","μmol/L","Humid","21.515","deg","118790","µV","26.732","°C","1016.000","hPa","35.9","pmil","0","55.690","deg","20.000","°C","100.000","%a.s.","22.400","deg","20.000","°C","962.000","hPa","0.861","-0.02617","0.00035","0","0","13.56","Humid","35.35","0","78.50","280250.84","SABD0002000014","AAV2.0.0.13","3.0.3.1703","PSt7-10","180509-002","9/13/2019 10:46:52 AM","0000-00","0","no battery","V"
"06/11/2023","11:52:09","9","default","547630319","OXY_CH9","56.192","min","193.335","μmol/L","Humid","21.515","deg","118785","µV","26.732","°C","1016.000","hPa","35.9","pmil","0","55.690","deg","20.000","°C","100.000","%a.s.","22.400","deg","20.000","°C","962.000","hPa","0.861","-0.02617","0.00035","0","0","13.56","Humid","35.35","0","78.50","280250.29","SABD0002000014","AAV2.0.0.13","3.0.3.1703","PSt7-10","180509-002","9/13/2019 10:46:52 AM","0000-00","0","no battery","V"
"06/11/2023","11:52:10","9","default","547630319","OXY_CH9","56.208","min","193.316","μmol/L","Humid","21.512","deg","118776","µV","26.744","°C","1016.000","hPa","35.9","pmil","0","55.690","deg","20.000","°C","100.000","%a.s.","22.400","deg","20.000","°C","962.000","hPa","0.861","-0.02617","0.00035","0","0","13.56","Humid","35.35","0","78.50","280242.06","SABD0002000014","AAV2.0.0.13","3.0.3.1703","PSt7-10","180509-002","9/13/2019 10:46:52 AM","0000-00","0","no battery","V"
"06/11/2023","11:52:11","9","default","547630319","OXY_CH9","56.225","min","193.385","μmol/L","Humid","21.510","deg","118770","µV","26.738","°C","1016.000","hPa","35.9","pmil","0","55.690","deg","20.000","°C","100.000","%a.s.","22.400","deg","20.000","°C","962.000","hPa","0.861","-0.02617","0.00035","0","0","13.56","Humid","35.35","0","78.50","280250.75","SABD0002000014","AAV2.0.0.13","3.0.3.1703","PSt7-10","180509-002","9/13/2019 10:46:52 AM","0000-00","0","no battery","V"
"06/11/2023","11:52:12","9","default","547630319","OXY_CH9","56.242","min","193.369","μmol/L","Humid","21.513","deg","118757","µV","26.732","°C","1016.000","hPa","35.9","pmil","0","55.690","deg","20.000","°C","100.000","%a.s.","22.400","deg","20.000","°C","962.000","hPa","0.861","-0.02617","0.00035","0","0","13.56","Humid","35.35","0","78.50","280238.04","SABD0002000014","AAV2.0.0.13","3.0.3.1703","PSt7-10","180509-002","9/13/2019 10:46:52 AM","0000-00","0","no battery","V"
"06/11/2023","11:52:13","9","default","547630319","OXY_CH9","56.258","min","193.352","μmol/L","Humid","21.514","deg","118751","µV","26.732","°C","1016.000","hPa","35.9","pmil","0","55.690","deg","20.000","°C","100.000","%a.s.","22.400","deg","20.000","°C","962.000","hPa","0.861","-0.02617","0.00035","0","0","13.56","Humid","35.35","0","78.50","280246.67","SABD0002000014","AAV2.0.0.13","3.0.3.1703","PSt7-10","180509-002","9/13/2019 10:46:52 AM","0000-00","0","no battery","V"
"06/11/2023","11:52:14","9","default","547630319","OXY_CH9","56.275","min","193.402","μmol/L","Humid","21.509","deg","118750","µV","26.738","°C","1016.000","hPa","35.9","pmil","0","55.690","deg","20.000","°C","100.000","%a.s.","22.400","deg","20.000","°C","962.000","hPa","0.861","-0.02617","0.00035","0","0","13.56","Humid","35.35","0","78.50","280246.30","SABD0002000014","AAV2.0.0.13","3.0.3.1703","PSt7-10","180509-002","9/13/2019 10:46:52 AM","0000-00","0","no battery","V"
"06/11/2023","11:52:15","9","default","547630319","OXY_CH9","56.292","min","193.350","μmol/L","Humid","21.510","deg","118738","µV","26.744","°C","1016.000","hPa","35.9","pmil","0","55.690","deg","20.000","°C","100.000","%a.s.","22.400","deg","20.000","°C","962.000","hPa","0.861","-0.02617","0.00035","0","0","13.56","Humid","35.35","0","78.50","280249.89","SABD0002000014","AAV2.0.0.13","3.0.3.1703","PSt7-10","180509-002","9/13/2019 10:46:52 AM","0000-00","0","no battery","V"
"06/11/2023","11:52:16","9","default","547630319","OXY_CH9","56.308","min","193.367","μmol/L","Humid","21.509","deg","118728","µV","26.744","°C","1016.000","hPa","35.9","pmil","0","55.690","deg","20.000","°C","100.000","%a.s.","22.400","deg","20.000","°C","962.000","hPa","0.861","-0.02617","0.00035","0","0","13.56","Humid","35.35","0","78.50","280249.83","SABD0002000014","AAV2.0.0.13","3.0.3.1703","PSt7-10","180509-002","9/13/2019 10:46:52 AM","0000-00","0","no battery","V"
"06/11/2023","11:52:17","9","default","547630319","OXY_CH9","56.325","min","193.503","μmol/L","Humid","21.503","deg","118724","µV","26.738","°C","1016.000","hPa","35.9","pmil","0","55.690","deg","20.000","°C","100.000","%a.s.","22.400","deg","20.000","°C","962.000","hPa","0.861","-0.02617","0.00035","0","0","13.56","Humid","35.35","0","78.50","280245.79","SABD0002000014","AAV2.0.0.13","3.0.3.1703","PSt7-10","180509-002","9/13/2019 10:46:52 AM","0000-00","0","no battery","V"
"06/11/2023","11:52:18","9","default","547630319","OXY_CH9","56.341","min","193.503","μmol/L","Humid","21.503","deg","118714","µV","26.738","°C","1016.000","hPa","35.9","pmil","0","55.690","deg","20.000","°C","100.000","%a.s.","22.400","deg","20.000","°C","962.000","hPa","0.861","-0.02617","0.00035","0","0","13.56","Humid","35.35","0","78.50","280237.29","SABD0002000014","AAV2.0.0.13","3.0.3.1703","PSt7-10","180509-002","9/13/2019 10:46:52 AM","0000-00","0","no battery","V"
"06/11/2023","11:52:19","9","default","547630319","OXY_CH9","56.358","min","193.503","μmol/L","Humid","21.503","deg","118706","µV","26.738","°C","1016.000","hPa","35.9","pmil","0","55.690","deg","20.000","°C","100.000","%a.s.","22.400","deg","20.000","°C","962.000","hPa","0.861","-0.02617","0.00035","0","0","13.56","Humid","35.35","0","78.50","280236.45","SABD0002000014","AAV2.0.0.13","3.0.3.1703","PSt7-10","180509-002","9/13/2019 10:46:52 AM","0000-00","0","no battery","V"
"06/11/2023","11:52:20","9","default","547630319","OXY_CH9","56.375","min","193.485","μmol/L","Humid","21.502","deg","118695","µV","26.744","°C","1016.000","hPa","35.9","pmil","0","55.690","deg","20.000","°C","100.000","%a.s.","22.400","deg","20.000","°C","962.000","hPa","0.861","-0.02617","0.00035","0","0","13.56","Humid","35.35","0","78.50","280238.87","SABD0002000014","AAV2.0.0.13","3.0.3.1703","PSt7-10","180509-002","9/13/2019 10:46:52 AM","0000-00","0","no battery","V"
"06/11/2023","11:52:21","9","default","547630319","OXY_CH9","56.391","min","193.605","μmol/L","Humid","21.497","deg","118685","µV","26.738","°C","1016.000","hPa","35.9","pmil","0","55.690","deg","20.000","°C","100.000","%a.s.","22.400","deg","20.000","°C","962.000","hPa","0.861","-0.02617","0.00035","0","0","13.56","Humid","35.35","0","78.50","280238.17","SABD0002000014","AAV2.0.0.13","3.0.3.1703","PSt7-10","180509-002","9/13/2019 10:46:52 AM","0000-00","0","no battery","V"
"06/11/2023","11:52:22","9","default","547630319","OXY_CH9","56.408","min","193.658","μmol/L","Humid","21.498","deg","118677","µV","26.726","°C","1016.000","hPa","35.9","pmil","0","55.690","deg","20.000","°C","100.000","%a.s.","22.400","deg","20.000","°C","962.000","hPa","0.861","-0.02617","0.00035","0","0","13.56","Humid","35.35","0","78.50","280251.14","SABD0002000014","AAV2.0.0.13","3.0.3.1703","PSt7-10","180509-002","9/13/2019 10:46:52 AM","0000-00","0","no battery","V"
"06/11/2023","11:52:23","9","default","547630319","OXY_CH9","56.424","min","193.587","μmol/L","Humid","21.496","deg","118671","µV","26.744","°C","1016.000","hPa","35.9","pmil","0","55.690","deg","20.000","°C","100.000","%a.s.","22.400","deg","20.000","°C","962.000","hPa","0.861","-0.02617","0.00035","0","0","13.56","Humid","35.35","0","78.50","280238.06","SABD0002000014","AAV2.0.0.13","3.0.3.1703","PSt7-10","180509-002","9/13/2019 10:46:52 AM","0000-00","0","no battery","V"
"06/11/2023","11:52:24","9","default","547630319","OXY_CH9","56.441","min","193.605","μmol/L","Humid","21.497","deg","118660","µV","26.738","°C","1016.000","hPa","35.9","pmil","0","55.690","deg","20.000","°C","100.000","%a.s.","22.400","deg","20.000","°C","962.000","hPa","0.861","-0.02617","0.00035","0","0","13.56","Humid","35.35","0","78.50","280238.51","SABD0002000014","AAV2.0.0.13","3.0.3.1703","PSt7-10","180509-002","9/13/2019 10:46:52 AM","0000-00","0","no battery","V"
"06/11/2023","11:52:25","9","default","547630319","OXY_CH9","56.458","min","193.622","μmol/L","Humid","21.496","deg","118653","µV","26.738","°C","1016.000","hPa","35.9","pmil","0","55.690","deg","20.000","°C","100.000","%a.s.","22.400","deg","20.000","°C","962.000","hPa","0.861","-0.02617","0.00035","0","0","13.56","Humid","35.35","0","78.50","280231.54","SABD0002000014","AAV2.0.0.13","3.0.3.1703","PSt7-10","180509-002","9/13/2019 10:46:52 AM","0000-00","0","no battery","V"
"06/11/2023","11:52:26","9","default","547630319","OXY_CH9","56.474","min","193.656","μmol/L","Humid","21.494","deg","118646","µV","26.738","°C","1016.000","hPa","35.9","pmil","0","55.690","deg","20.000","°C","100.000","%a.s.","22.400","deg","20.000","°C","962.000","hPa","0.861","-0.02617","0.00035","0","0","13.56","Humid","35.35","0","78.50","280238.89","SABD0002000014","AAV2.0.0.13","3.0.3.1703","PSt7-10","180509-002","9/13/2019 10:46:52 AM","0000-00","0","no battery","V"
"06/11/2023","11:52:27","9","default","547630319","OXY_CH9","56.491","min","193.621","μmol/L","Humid","21.494","deg","118638","µV","26.744","°C","1016.000","hPa","35.9","pmil","0","55.690","deg","20.000","°C","100.000","%a.s.","22.400","deg","20.000","°C","962.000","hPa","0.861","-0.02617","0.00035","0","0","13.56","Humid","35.35","0","78.50","280252.85","SABD0002000014","AAV2.0.0.13","3.0.3.1703","PSt7-10","180509-002","9/13/2019 10:46:52 AM","0000-00","0","no battery","V"
"06/11/2023","11:52:28","9","default","547630319","OXY_CH9","56.508","min","193.707","μmol/L","Humid","21.491","deg","118626","µV","26.738","°C","1016.000","hPa","35.9","pmil","0","55.690","deg","20.000","°C","100.000","%a.s.","22.400","deg","20.000","°C","962.000","hPa","0.861","-0.02617","0.00035","0","0","13.56","Humid","35.35","0","78.50","280240.36","SABD0002000014","AAV2.0.0.13","3.0.3.1703","PSt7-10","180509-002","9/13/2019 10:46:52 AM","0000-00","0","no battery","V"
"06/11/2023","11:52:29","9","default","547630319","OXY_CH9","56.525","min","193.740","μmol/L","Humid","21.489","deg","118623","µV","26.738","°C","1016.000","hPa","35.9","pmil","0","55.690","deg","20.000","°C","100.000","%a.s.","22.400","deg","20.000","°C","962.000","hPa","0.861","-0.02617","0.00035","0","0","13.56","Humid","35.35","0","78.50","280229.84","SABD0002000014","AAV2.0.0.13","3.0.3.1703","PSt7-10","180509-002","9/13/2019 10:46:52 AM","0000-00","0","no battery","V"
"06/11/2023","11:52:30","9","default","547630319","OXY_CH9","56.541","min","193.759","μmol/L","Humid","21.490","deg","118616","µV","26.732","°C","1016.000","hPa","35.9","pmil","0","55.690","deg","20.000","°C","100.000","%a.s.","22.400","deg","20.000","°C","962.000","hPa","0.861","-0.02617","0.00035","0","0","13.56","Humid","35.35","0","78.50","280232.25","SABD0002000014","AAV2.0.0.13","3.0.3.1703","PSt7-10","180509-002","9/13/2019 10:46:52 AM","0000-00","0","no battery","V"
"06/11/2023","11:52:31","9","default","547630319","OXY_CH9","56.558","min","193.774","μmol/L","Humid","21.487","deg","118618","µV","26.738","°C","1016.000","hPa","35.9","pmil","0","55.690","deg","20.000","°C","100.000","%a.s.","22.400","deg","20.000","°C","962.000","hPa","0.861","-0.02617","0.00035","0","0","13.56","Humid","35.35","0","78.50","280249.56","SABD0002000014","AAV2.0.0.13","3.0.3.1703","PSt7-10","180509-002","9/13/2019 10:46:52 AM","0000-00","0","no battery","V"
"06/11/2023","11:52:32","9","default","547630319","OXY_CH9","56.575","min","193.774","μmol/L","Humid","21.487","deg","118593","µV","26.738","°C","1016.000","hPa","35.9","pmil","0","55.690","deg","20.000","°C","100.000","%a.s.","22.400","deg","20.000","°C","962.000","hPa","0.861","-0.02617","0.00035","0","0","13.56","Humid","35.35","0","78.50","280243.69","SABD0002000014","AAV2.0.0.13","3.0.3.1703","PSt7-10","180509-002","9/13/2019 10:46:52 AM","0000-00","0","no battery","V"
"06/11/2023","11:52:33","9","default","547630319","OXY_CH9","56.591","min","193.759","μmol/L","Humid","21.490","deg","118595","µV","26.732","°C","1016.000","hPa","35.9","pmil","0","55.690","deg","20.000","°C","100.000","%a.s.","22.400","deg","20.000","°C","962.000","hPa","0.861","-0.02617","0.00035","0","0","13.56","Humid","35.35","0","78.50","280237.22","SABD0002000014","AAV2.0.0.13","3.0.3.1703","PSt7-10","180509-002","9/13/2019 10:46:52 AM","0000-00","0","no battery","V"
"06/11/2023","11:52:34","9","default","547630319","OXY_CH9","56.608","min","193.842","μmol/L","Humid","21.483","deg","118588","µV","26.738","°C","1016.000","hPa","35.9","pmil","0","55.690","deg","20.000","°C","100.000","%a.s.","22.400","deg","20.000","°C","962.000","hPa","0.861","-0.02617","0.00035","0","0","13.56","Humid","35.35","0","78.50","280230.85","SABD0002000014","AAV2.0.0.13","3.0.3.1703","PSt7-10","180509-002","9/13/2019 10:46:52 AM","0000-00","0","no battery","V"
"06/11/2023","11:52:35","9","default","547630319","OXY_CH9","56.625","min","193.893","μmol/L","Humid","21.480","deg","118580","µV","26.738","°C","1016.000","hPa","35.9","pmil","0","55.690","deg","20.000","°C","100.000","%a.s.","22.400","deg","20.000","°C","962.000","hPa","0.861","-0.02617","0.00035","0","0","13.56","Humid","35.35","0","78.50","280239.85","SABD0002000014","AAV2.0.0.13","3.0.3.1703","PSt7-10","180509-002","9/13/2019 10:46:52 AM","0000-00","0","no battery","V"
"06/11/2023","11:52:36","9","default","547630319","OXY_CH9","56.641","min","193.910","μmol/L","Humid","21.479","deg","118567","µV","26.738","°C","1016.000","hPa","35.9","pmil","0","55.690","deg","20.000","°C","100.000","%a.s.","22.400","deg","20.000","°C","962.000","hPa","0.861","-0.02617","0.00035","0","0","13.56","Humid","35.35","0","78.50","280227.86","SABD0002000014","AAV2.0.0.13","3.0.3.1703","PSt7-10","180509-002","9/13/2019 10:46:52 AM","0000-00","0","no battery","V"
"06/11/2023","11:52:37","9","default","547630319","OXY_CH9","56.658","min","193.910","μmol/L","Humid","21.479","deg","118561","µV","26.738","°C","1016.000","hPa","35.9","pmil","0","55.690","deg","20.000","°C","100.000","%a.s.","22.400","deg","20.000","°C","962.000","hPa","0.861","-0.02617","0.00035","0","0","13.56","Humid","35.35","0","78.50","280238.36","SABD0002000014","AAV2.0.0.13","3.0.3.1703","PSt7-10","180509-002","9/13/2019 10:46:52 AM","0000-00","0","no battery","V"
"06/11/2023","11:52:38","9","default","547630319","OXY_CH9","56.674","min","193.910","μmol/L","Humid","21.479","deg","118555","µV","26.738","°C","1016.000","hPa","35.9","pmil","0","55.690","deg","20.000","°C","100.000","%a.s.","22.400","deg","20.000","°C","962.000","hPa","0.861","-0.02617","0.00035","0","0","13.56","Humid","35.35","0","78.50","280225.80","SABD0002000014","AAV2.0.0.13","3.0.3.1703","PSt7-10","180509-002","9/13/2019 10:46:52 AM","0000-00","0","no battery","V"
"06/11/2023","11:52:39","9","default","547630319","OXY_CH9","56.691","min","193.927","μmol/L","Humid","21.478","deg","118554","µV","26.738","°C","1016.000","hPa","35.9","pmil","0","55.690","deg","20.000","°C","100.000","%a.s.","22.400","deg","20.000","°C","962.000","hPa","0.861","-0.02617","0.00035","0","0","13.56","Humid","35.35","0","78.50","280241.16","SABD0002000014","AAV2.0.0.13","3.0.3.1703","PSt7-10","180509-002","9/13/2019 10:46:52 AM","0000-00","0","no battery","V"
"06/11/2023","11:52:40","9","default","547630319","OXY_CH9","56.708","min","193.910","μmol/L","Humid","21.479","deg","118543","µV","26.738","°C","1016.000","hPa","35.9","pmil","0","55.690","deg","20.000","°C","100.000","%a.s.","22.400","deg","20.000","°C","962.000","hPa","0.861","-0.02617","0.00035","0","0","13.56","Humid","35.35","0","78.50","280242.02","SABD0002000014","AAV2.0.0.13","3.0.3.1703","PSt7-10","180509-002","9/13/2019 10:46:52 AM","0000-00","0","no battery","V"
"06/11/2023","11:52:41","9","default","547630319","OXY_CH9","56.725","min","193.978","μmol/L","Humid","21.475","deg","118539","µV","26.738","°C","1016.000","hPa","35.9","pmil","0","55.690","deg","20.000","°C","100.000","%a.s.","22.400","deg","20.000","°C","962.000","hPa","0.861","-0.02617","0.00035","0","0","13.56","Humid","35.35","0","78.50","280241.58","SABD0002000014","AAV2.0.0.13","3.0.3.1703","PSt7-10","180509-002","9/13/2019 10:46:52 AM","0000-00","0","no battery","V"
"06/11/2023","11:52:42","9","default","547630319","OXY_CH9","56.742","min","193.943","μmol/L","Humid","21.475","deg","118531","µV","26.744","°C","1016.000","hPa","35.9","pmil","0","55.690","deg","20.000","°C","100.000","%a.s.","22.400","deg","20.000","°C","962.000","hPa","0.861","-0.02617","0.00035","0","0","13.56","Humid","35.35","0","78.50","280235.26","SABD0002000014","AAV2.0.0.13","3.0.3.1703","PSt7-10","180509-002","9/13/2019 10:46:52 AM","0000-00","0","no battery","V"
"06/11/2023","11:52:43","9","default","547630319","OXY_CH9","56.758","min","193.961","μmol/L","Humid","21.476","deg","118513","µV","26.738","°C","1016.000","hPa","35.9","pmil","0","55.690","deg","20.000","°C","100.000","%a.s.","22.400","deg","20.000","°C","962.000","hPa","0.861","-0.02617","0.00035","0","0","13.56","Humid","35.35","0","78.50","280237.84","SABD0002000014","AAV2.0.0.13","3.0.3.1703","PSt7-10","180509-002","9/13/2019 10:46:52 AM","0000-00","0","no battery","V"
"06/11/2023","11:52:44","9","default","547630319","OXY_CH9","56.775","min","194.011","μmol/L","Humid","21.471","deg","118518","µV","26.744","°C","1016.000","hPa","35.9","pmil","0","55.690","deg","20.000","°C","100.000","%a.s.","22.400","deg","20.000","°C","962.000","hPa","0.861","-0.02617","0.00035","0","0","13.56","Humid","35.35","0","78.50","280242.99","SABD0002000014","AAV2.0.0.13","3.0.3.1703","PSt7-10","180509-002","9/13/2019 10:46:52 AM","0000-00","0","no battery","V"
"06/11/2023","11:52:45","9","default","547630319","OXY_CH9","56.792","min","194.011","μmol/L","Humid","21.471","deg","118514","µV","26.744","°C","1016.000","hPa","35.9","pmil","0","55.690","deg","20.000","°C","100.000","%a.s.","22.400","deg","20.000","°C","962.000","hPa","0.861","-0.02617","0.00035","0","0","13.56","Humid","35.35","0","78.50","280228.87","SABD0002000014","AAV2.0.0.13","3.0.3.1703","PSt7-10","180509-002","9/13/2019 10:46:52 AM","0000-00","0","no battery","V"
"06/11/2023","11:52:46","9","default","547630319","OXY_CH9","56.808","min","194.046","μmol/L","Humid","21.471","deg","118496","µV","26.738","°C","1016.000","hPa","35.9","pmil","0","55.690","deg","20.000","°C","100.000","%a.s.","22.400","deg","20.000","°C","962.000","hPa","0.861","-0.02617","0.00035","0","0","13.56","Humid","35.35","0","78.50","280218.53","SABD0002000014","AAV2.0.0.13","3.0.3.1703","PSt7-10","180509-002","9/13/2019 10:46:52 AM","0000-00","0","no battery","V"
"06/11/2023","11:52:47","9","default","547630319","OXY_CH9","56.825","min","194.098","μmol/L","Humid","21.470","deg","118495","µV","26.732","°C","1016.000","hPa","35.9","pmil","0","55.690","deg","20.000","°C","100.000","%a.s.","22.400","deg","20.000","°C","962.000","hPa","0.861","-0.02617","0.00035","0","0","13.56","Humid","35.35","0","78.50","280229.23","SABD0002000014","AAV2.0.0.13","3.0.3.1703","PSt7-10","180509-002","9/13/2019 10:46:52 AM","0000-00","0","no battery","V"
"06/11/2023","11:52:48","9","default","547630319","OXY_CH9","56.842","min","194.029","μmol/L","Humid","21.472","deg","118481","µV","26.738","°C","1016.000","hPa","35.9","pmil","0","55.690","deg","20.000","°C","100.000","%a.s.","22.400","deg","20.000","°C","962.000","hPa","0.861","-0.02617","0.00035","0","0","13.56","Humid","35.35","0","78.50","280238.49","SABD0002000014","AAV2.0.0.13","3.0.3.1703","PSt7-10","180509-002","9/13/2019 10:46:52 AM","0000-00","0","no battery","V"
"06/11/2023","11:52:49","9","default","547630319","OXY_CH9","56.858","min","194.131","μmol/L","Humid","21.466","deg","118471","µV","26.738","°C","1016.000","hPa","35.9","pmil","0","55.690","deg","20.000","°C","100.000","%a.s.","22.400","deg","20.000","°C","962.000","hPa","0.861","-0.02617","0.00035","0","0","13.56","Humid","35.35","0","78.50","280226.21","SABD0002000014","AAV2.0.0.13","3.0.3.1703","PSt7-10","180509-002","9/13/2019 10:46:52 AM","0000-00","0","no battery","V"
"06/11/2023","11:52:50","9","default","547630319","OXY_CH9","56.875","min","194.097","μmol/L","Humid","21.468","deg","118459","µV","26.738","°C","1016.000","hPa","35.9","pmil","0","55.690","deg","20.000","°C","100.000","%a.s.","22.400","deg","20.000","°C","962.000","hPa","0.861","-0.02617","0.00035","0","0","13.56","Humid","35.35","0","78.50","280215.14","SABD0002000014","AAV2.0.0.13","3.0.3.1703","PSt7-10","180509-002","9/13/2019 10:46:52 AM","0000-00","0","no battery","V"
"06/11/2023","11:52:51","9","default","547630319","OXY_CH9","56.891","min","194.199","μmol/L","Humid","21.462","deg","118452","µV","26.738","°C","1016.000","hPa","35.9","pmil","0","55.690","deg","20.000","°C","100.000","%a.s.","22.400","deg","20.000","°C","962.000","hPa","0.861","-0.02617","0.00035","0","0","13.56","Humid","35.35","0","78.50","280222.19","SABD0002000014","AAV2.0.0.13","3.0.3.1703","PSt7-10","180509-002","9/13/2019 10:46:52 AM","0000-00","0","no battery","V"
"06/11/2023","11:52:52","9","default","547630319","OXY_CH9","56.908","min","194.164","μmol/L","Humid","21.462","deg","118442","µV","26.744","°C","1016.000","hPa","35.9","pmil","0","55.690","deg","20.000","°C","100.000","%a.s.","22.400","deg","20.000","°C","962.000","hPa","0.861","-0.02617","0.00035","0","0","13.56","Humid","35.35","0","78.50","280222.68","SABD0002000014","AAV2.0.0.13","3.0.3.1703","PSt7-10","180509-002","9/13/2019 10:46:52 AM","0000-00","0","no battery","V"
"06/11/2023","11:52:53","9","default","547630319","OXY_CH9","56.925","min","194.199","μmol/L","Humid","21.462","deg","118450","µV","26.738","°C","1016.000","hPa","35.9","pmil","0","55.690","deg","20.000","°C","100.000","%a.s.","22.400","deg","20.000","°C","962.000","hPa","0.861","-0.02617","0.00035","0","0","13.56","Humid","35.35","0","78.50","280221.73","SABD0002000014","AAV2.0.0.13","3.0.3.1703","PSt7-10","180509-002","9/13/2019 10:46:52 AM","0000-00","0","no battery","V"
"06/11/2023","11:52:54","9","default","547630319","OXY_CH9","56.942","min","194.267","μmol/L","Humid","21.458","deg","118433","µV","26.738","°C","1016.000","hPa","35.9","pmil","0","55.690","deg","20.000","°C","100.000","%a.s.","22.400","deg","20.000","°C","962.000","hPa","0.861","-0.02617","0.00035","0","0","13.56","Humid","35.35","0","78.50","280225.99","SABD0002000014","AAV2.0.0.13","3.0.3.1703","PSt7-10","180509-002","9/13/2019 10:46:52 AM","0000-00","0","no battery","V"
"06/11/2023","11:52:55","9","default","547630319","OXY_CH9","56.959","min","194.267","μmol/L","Humid","21.458","deg","118426","µV","26.738","°C","1016.000","hPa","35.9","pmil","0","55.690","deg","20.000","°C","100.000","%a.s.","22.400","deg","20.000","°C","962.000","hPa","0.861","-0.02617","0.00035","0","0","13.56","Humid","35.35","0","78.50","280224.88","SABD0002000014","AAV2.0.0.13","3.0.3.1703","PSt7-10","180509-002","9/13/2019 10:46:52 AM","0000-00","0","no battery","V"
"06/11/2023","11:52:56","9","default","547630319","OXY_CH9","56.975","min","194.216","μmol/L","Humid","21.461","deg","118429","µV","26.738","°C","1016.000","hPa","35.9","pmil","0","55.690","deg","20.000","°C","100.000","%a.s.","22.400","deg","20.000","°C","962.000","hPa","0.861","-0.02617","0.00035","0","0","13.56","Humid","35.35","0","78.50","280220.08","SABD0002000014","AAV2.0.0.13","3.0.3.1703","PSt7-10","180509-002","9/13/2019 10:46:52 AM","0000-00","0","no battery","V"
"06/11/2023","11:52:57","9","default","547630319","OXY_CH9","56.992","min","194.215","μmol/L","Humid","21.459","deg","118412","µV","26.744","°C","1016.000","hPa","35.9","pmil","0","55.690","deg","20.000","°C","100.000","%a.s.","22.400","deg","20.000","°C","962.000","hPa","0.861","-0.02617","0.00035","0","0","13.56","Humid","35.35","0","78.50","280229.03","SABD0002000014","AAV2.0.0.13","3.0.3.1703","PSt7-10","180509-002","9/13/2019 10:46:52 AM","0000-00","0","no battery","V"
"06/11/2023","11:52:58","9","default","547630319","OXY_CH9","57.009","min","194.318","μmol/L","Humid","21.455","deg","118406","µV","26.738","°C","1016.000","hPa","35.9","pmil","0","55.690","deg","20.000","°C","100.000","%a.s.","22.400","deg","20.000","°C","962.000","hPa","0.861","-0.02617","0.00035","0","0","13.56","Humid","35.35","0","78.50","280230.70","SABD0002000014","AAV2.0.0.13","3.0.3.1703","PSt7-10","180509-002","9/13/2019 10:46:52 AM","0000-00","0","no battery","V"
"06/11/2023","11:52:59","9","default","547630319","OXY_CH9","57.025","min","194.335","μmol/L","Humid","21.454","deg","118393","µV","26.738","°C","1016.000","hPa","35.9","pmil","0","55.690","deg","20.000","°C","100.000","%a.s.","22.400","deg","20.000","°C","962.000","hPa","0.861","-0.02617","0.00035","0","0","13.56","Humid","35.35","0","78.50","280211.88","SABD0002000014","AAV2.0.0.13","3.0.3.1703","PSt7-10","180509-002","9/13/2019 10:46:52 AM","0000-00","0","no battery","V"
"06/11/2023","11:53:00","9","default","547630319","OXY_CH9","57.042","min","194.266","μmol/L","Humid","21.456","deg","118388","µV","26.744","°C","1016.000","hPa","35.9","pmil","0","55.690","deg","20.000","°C","100.000","%a.s.","22.400","deg","20.000","°C","962.000","hPa","0.861","-0.02617","0.00035","0","0","13.56","Humid","35.35","0","78.50","280217.42","SABD0002000014","AAV2.0.0.13","3.0.3.1703","PSt7-10","180509-002","9/13/2019 10:46:52 AM","0000-00","0","no battery","V"
"06/11/2023","11:53:01","9","default","547630319","OXY_CH9","57.058","min","194.404","μmol/L","Humid","21.452","deg","118377","µV","26.732","°C","1016.000","hPa","35.9","pmil","0","55.690","deg","20.000","°C","100.000","%a.s.","22.400","deg","20.000","°C","962.000","hPa","0.861","-0.02617","0.00035","0","0","13.56","Humid","35.35","0","78.50","280219.12","SABD0002000014","AAV2.0.0.13","3.0.3.1703","PSt7-10","180509-002","9/13/2019 10:46:52 AM","0000-00","0","no battery","V"
"06/11/2023","11:53:02","9","default","547630319","OXY_CH9","57.075","min","194.438","μmol/L","Humid","21.450","deg","118373","µV","26.732","°C","1016.000","hPa","35.9","pmil","0","55.690","deg","20.000","°C","100.000","%a.s.","22.400","deg","20.000","°C","962.000","hPa","0.861","-0.02617","0.00035","0","0","13.56","Humid","35.35","0","78.50","280225.84","SABD0002000014","AAV2.0.0.13","3.0.3.1703","PSt7-10","180509-002","9/13/2019 10:46:52 AM","0000-00","0","no battery","V"
"06/11/2023","11:53:03","9","default","547630319","OXY_CH9","57.092","min","194.420","μmol/L","Humid","21.449","deg","118380","µV","26.738","°C","1016.000","hPa","35.9","pmil","0","55.690","deg","20.000","°C","100.000","%a.s.","22.400","deg","20.000","°C","962.000","hPa","0.861","-0.02617","0.00035","0","0","13.56","Humid","35.35","0","78.50","280228.31","SABD0002000014","AAV2.0.0.13","3.0.3.1703","PSt7-10","180509-002","9/13/2019 10:46:52 AM","0000-00","0","no battery","V"
"06/11/2023","11:53:04","9","default","547630319","OXY_CH9","57.108","min","194.385","μmol/L","Humid","21.449","deg","118360","µV","26.744","°C","1016.000","hPa","35.9","pmil","0","55.690","deg","20.000","°C","100.000","%a.s.","22.400","deg","20.000","°C","962.000","hPa","0.861","-0.02617","0.00035","0","0","13.56","Humid","35.35","0","78.50","280231.08","SABD0002000014","AAV2.0.0.13","3.0.3.1703","PSt7-10","180509-002","9/13/2019 10:46:52 AM","0000-00","0","no battery","V"
"06/11/2023","11:53:05","9","default","547630319","OXY_CH9","57.125","min","194.471","μmol/L","Humid","21.446","deg","118353","µV","26.738","°C","1016.000","hPa","35.9","pmil","0","55.690","deg","20.000","°C","100.000","%a.s.","22.400","deg","20.000","°C","962.000","hPa","0.861","-0.02617","0.00035","0","0","13.56","Humid","35.35","0","78.50","280221.08","SABD0002000014","AAV2.0.0.13","3.0.3.1703","PSt7-10","180509-002","9/13/2019 10:46:52 AM","0000-00","0","no battery","V"
"06/11/2023","11:53:06","9","default","547630319","OXY_CH9","57.142","min","194.505","μmol/L","Humid","21.444","deg","118347","µV","26.738","°C","1016.000","hPa","35.9","pmil","0","55.690","deg","20.000","°C","100.000","%a.s.","22.400","deg","20.000","°C","962.000","hPa","0.861","-0.02617","0.00035","0","0","13.56","Humid","35.35","0","78.50","280211.02","SABD0002000014","AAV2.0.0.13","3.0.3.1703","PSt7-10","180509-002","9/13/2019 10:46:52 AM","0000-00","0","no battery","V"
"06/11/2023","11:53:07","9","default","547630319","OXY_CH9","57.158","min","194.488","μmol/L","Humid","21.445","deg","118339","µV","26.738","°C","1016.000","hPa","35.9","pmil","0","55.690","deg","20.000","°C","100.000","%a.s.","22.400","deg","20.000","°C","962.000","hPa","0.861","-0.02617","0.00035","0","0","13.56","Humid","35.35","0","78.50","280221.09","SABD0002000014","AAV2.0.0.13","3.0.3.1703","PSt7-10","180509-002","9/13/2019 10:46:52 AM","0000-00","0","no battery","V"
"06/11/2023","11:53:08","9","default","547630319","OXY_CH9","57.175","min","194.453","μmol/L","Humid","21.445","deg","118334","µV","26.744","°C","1016.000","hPa","35.9","pmil","0","55.690","deg","20.000","°C","100.000","%a.s.","22.400","deg","20.000","°C","962.000","hPa","0.861","-0.02617","0.00035","0","0","13.56","Humid","35.35","0","78.50","280224.30","SABD0002000014","AAV2.0.0.13","3.0.3.1703","PSt7-10","180509-002","9/13/2019 10:46:52 AM","0000-00","0","no battery","V"
"06/11/2023","11:53:09","9","default","547630319","OXY_CH9","57.192","min","194.505","μmol/L","Humid","21.444","deg","118328","µV","26.738","°C","1016.000","hPa","35.9","pmil","0","55.690","deg","20.000","°C","100.000","%a.s.","22.400","deg","20.000","°C","962.000","hPa","0.861","-0.02617","0.00035","0","0","13.56","Humid","35.35","0","78.50","280228.55","SABD0002000014","AAV2.0.0.13","3.0.3.1703","PSt7-10","180509-002","9/13/2019 10:46:52 AM","0000-00","0","no battery","V"
"06/11/2023","11:53:10","9","default","547630319","OXY_CH9","57.208","min","194.521","μmol/L","Humid","21.441","deg","118315","µV","26.744","°C","1016.000","hPa","35.9","pmil","0","55.690","deg","20.000","°C","100.000","%a.s.","22.400","deg","20.000","°C","962.000","hPa","0.861","-0.02617","0.00035","0","0","13.56","Humid","35.35","0","78.50","280220.45","SABD0002000014","AAV2.0.0.13","3.0.3.1703","PSt7-10","180509-002","9/13/2019 10:46:52 AM","0000-00","0","no battery","V"
"06/11/2023","11:53:11","9","default","547630319","OXY_CH9","57.225","min","194.539","μmol/L","Humid","21.442","deg","118314","µV","26.738","°C","1016.000","hPa","35.9","pmil","0","55.690","deg","20.000","°C","100.000","%a.s.","22.400","deg","20.000","°C","962.000","hPa","0.861","-0.02617","0.00035","0","0","13.56","Humid","35.35","0","78.50","280225.01","SABD0002000014","AAV2.0.0.13","3.0.3.1703","PSt7-10","180509-002","9/13/2019 10:46:52 AM","0000-00","0","no battery","V"
"06/11/2023","11:53:12","9","default","547630319","OXY_CH9","57.241","min","194.591","μmol/L","Humid","21.441","deg","118307","µV","26.732","°C","1016.000","hPa","35.9","pmil","0","55.690","deg","20.000","°C","100.000","%a.s.","22.400","deg","20.000","°C","962.000","hPa","0.861","-0.02617","0.00035","0","0","13.56","Humid","35.35","0","78.50","280220.54","SABD0002000014","AAV2.0.0.13","3.0.3.1703","PSt7-10","180509-002","9/13/2019 10:46:52 AM","0000-00","0","no battery","V"
"06/11/2023","11:53:13","9","default","547630319","OXY_CH9","57.258","min","194.589","μmol/L","Humid","21.437","deg","118303","µV","26.744","°C","1016.000","hPa","35.9","pmil","0","55.690","deg","20.000","°C","100.000","%a.s.","22.400","deg","20.000","°C","962.000","hPa","0.861","-0.02617","0.00035","0","0","13.56","Humid","35.35","0","78.50","280214.50","SABD0002000014","AAV2.0.0.13","3.0.3.1703","PSt7-10","180509-002","9/13/2019 10:46:52 AM","0000-00","0","no battery","V"
"06/11/2023","11:53:14","9","default","547630319","OXY_CH9","57.275","min","194.520","μmol/L","Humid","21.439","deg","118289","µV","26.750","°C","1016.000","hPa","35.9","pmil","0","55.690","deg","20.000","°C","100.000","%a.s.","22.400","deg","20.000","°C","962.000","hPa","0.861","-0.02617","0.00035","0","0","13.56","Humid","35.35","0","78.50","280214.07","SABD0002000014","AAV2.0.0.13","3.0.3.1703","PSt7-10","180509-002","9/13/2019 10:46:52 AM","0000-00","0","no battery","V"
"06/11/2023","11:53:15","9","default","547630319","OXY_CH9","57.292","min","194.572","μmol/L","Humid","21.438","deg","118288","µV","26.744","°C","1016.000","hPa","35.9","pmil","0","55.690","deg","20.000","°C","100.000","%a.s.","22.400","deg","20.000","°C","962.000","hPa","0.861","-0.02617","0.00035","0","0","13.56","Humid","35.35","0","78.50","280229.03","SABD0002000014","AAV2.0.0.13","3.0.3.1703","PSt7-10","180509-002","9/13/2019 10:46:52 AM","0000-00","0","no battery","V"
"06/11/2023","11:53:16","9","default","547630319","OXY_CH9","57.308","min","194.676","μmol/L","Humid","21.434","deg","118271","µV","26.738","°C","1016.000","hPa","35.9","pmil","0","55.690","deg","20.000","°C","100.000","%a.s.","22.400","deg","20.000","°C","962.000","hPa","0.861","-0.02617","0.00035","0","0","13.56","Humid","35.35","0","78.50","280222.61","SABD0002000014","AAV2.0.0.13","3.0.3.1703","PSt7-10","180509-002","9/13/2019 10:46:52 AM","0000-00","0","no battery","V"
"06/11/2023","11:53:17","9","default","547630319","OXY_CH9","57.325","min","194.676","μmol/L","Humid","21.434","deg","118274","µV","26.738","°C","1016.000","hPa","35.9","pmil","0","55.690","deg","20.000","°C","100.000","%a.s.","22.400","deg","20.000","°C","962.000","hPa","0.861","-0.02617","0.00035","0","0","13.56","Humid","35.35","0","78.50","280218.21","SABD0002000014","AAV2.0.0.13","3.0.3.1703","PSt7-10","180509-002","9/13/2019 10:46:52 AM","0000-00","0","no battery","V"
"06/11/2023","11:53:18","9","default","547630319","OXY_CH9","57.342","min","194.606","μmol/L","Humid","21.436","deg","118270","µV","26.744","°C","1016.000","hPa","35.9","pmil","0","55.690","deg","20.000","°C","100.000","%a.s.","22.400","deg","20.000","°C","962.000","hPa","0.861","-0.02617","0.00035","0","0","13.56","Humid","35.35","0","78.50","280227.01","SABD0002000014","AAV2.0.0.13","3.0.3.1703","PSt7-10","180509-002","9/13/2019 10:46:52 AM","0000-00","0","no battery","V"
"06/11/2023","11:53:19","9","default","547630319","OXY_CH9","57.358","min","194.745","μmol/L","Humid","21.432","deg","118260","µV","26.732","°C","1016.000","hPa","35.9","pmil","0","55.690","deg","20.000","°C","100.000","%a.s.","22.400","deg","20.000","°C","962.000","hPa","0.861","-0.02617","0.00035","0","0","13.56","Humid","35.35","0","78.50","280223.25","SABD0002000014","AAV2.0.0.13","3.0.3.1703","PSt7-10","180509-002","9/13/2019 10:46:52 AM","0000-00","0","no battery","V"
"06/11/2023","11:53:20","9","default","547630319","OXY_CH9","57.375","min","194.727","μmol/L","Humid","21.431","deg","118246","µV","26.738","°C","1016.000","hPa","35.9","pmil","0","55.690","deg","20.000","°C","100.000","%a.s.","22.400","deg","20.000","°C","962.000","hPa","0.861","-0.02617","0.00035","0","0","13.56","Humid","35.35","0","78.50","280226.51","SABD0002000014","AAV2.0.0.13","3.0.3.1703","PSt7-10","180509-002","9/13/2019 10:46:52 AM","0000-00","0","no battery","V"
"06/11/2023","11:53:21","9","default","547630319","OXY_CH9","57.392","min","194.777","μmol/L","Humid","21.426","deg","118239","µV","26.744","°C","1016.000","hPa","35.9","pmil","0","55.690","deg","20.000","°C","100.000","%a.s.","22.400","deg","20.000","°C","962.000","hPa","0.861","-0.02617","0.00035","0","0","13.56","Humid","35.35","0","78.50","280227.27","SABD0002000014","AAV2.0.0.13","3.0.3.1703","PSt7-10","180509-002","9/13/2019 10:46:52 AM","0000-00","0","no battery","V"
"06/11/2023","11:53:22","9","default","547630319","OXY_CH9","57.408","min","194.760","μmol/L","Humid","21.427","deg","118230","µV","26.744","°C","1016.000","hPa","35.9","pmil","0","55.690","deg","20.000","°C","100.000","%a.s.","22.400","deg","20.000","°C","962.000","hPa","0.861","-0.02617","0.00035","0","0","13.56","Humid","35.35","0","78.50","280222.68","SABD0002000014","AAV2.0.0.13","3.0.3.1703","PSt7-10","180509-002","9/13/2019 10:46:52 AM","0000-00","0","no battery","V"
"06/11/2023","11:53:23","9","default","547630319","OXY_CH9","57.425","min","194.812","μmol/L","Humid","21.426","deg","118221","µV","26.738","°C","1016.000","hPa","35.9","pmil","0","55.690","deg","20.000","°C","100.000","%a.s.","22.400","deg","20.000","°C","962.000","hPa","0.861","-0.02617","0.00035","0","0","13.56","Humid","35.35","0","78.50","280232.52","SABD0002000014","AAV2.0.0.13","3.0.3.1703","PSt7-10","180509-002","9/13/2019 10:46:52 AM","0000-00","0","no battery","V"
"06/11/2023","11:53:24","9","default","547630319","OXY_CH9","57.441","min","194.761","μmol/L","Humid","21.429","deg","118212","µV","26.738","°C","1016.000","hPa","35.9","pmil","0","55.690","deg","20.000","°C","100.000","%a.s.","22.400","deg","20.000","°C","962.000","hPa","0.861","-0.02617","0.00035","0","0","13.56","Humid","35.35","0","78.50","280218.83","SABD0002000014","AAV2.0.0.13","3.0.3.1703","PSt7-10","180509-002","9/13/2019 10:46:52 AM","0000-00","0","no battery","V"
"06/11/2023","11:53:25","9","default","547630319","OXY_CH9","57.458","min","194.744","μmol/L","Humid","21.430","deg","118212","µV","26.738","°C","1016.000","hPa","35.9","pmil","0","55.690","deg","20.000","°C","100.000","%a.s.","22.400","deg","20.000","°C","962.000","hPa","0.861","-0.02617","0.00035","0","0","13.56","Humid","35.35","0","78.50","280216.16","SABD0002000014","AAV2.0.0.13","3.0.3.1703","PSt7-10","180509-002","9/13/2019 10:46:52 AM","0000-00","0","no battery","V"
"06/11/2023","11:53:26","9","default","547630319","OXY_CH9","57.474","min","194.882","μmol/L","Humid","21.424","deg","118203","µV","26.732","°C","1016.000","hPa","35.9","pmil","0","55.690","deg","20.000","°C","100.000","%a.s.","22.400","deg","20.000","°C","962.000","hPa","0.861","-0.02617","0.00035","0","0","13.56","Humid","35.35","0","78.50","280221.74","SABD0002000014","AAV2.0.0.13","3.0.3.1703","PSt7-10","180509-002","9/13/2019 10:46:52 AM","0000-00","0","no battery","V"
"06/11/2023","11:53:27","9","default","547630319","OXY_CH9","57.491","min","194.828","μmol/L","Humid","21.423","deg","118197","µV","26.744","°C","1016.000","hPa","35.9","pmil","0","55.690","deg","20.000","°C","100.000","%a.s.","22.400","deg","20.000","°C","962.000","hPa","0.861","-0.02617","0.00035","0","0","13.56","Humid","35.35","0","78.50","280220.93","SABD0002000014","AAV2.0.0.13","3.0.3.1703","PSt7-10","180509-002","9/13/2019 10:46:52 AM","0000-00","0","no battery","V"
"06/11/2023","11:53:28","9","default","547630319","OXY_CH9","57.508","min","194.863","μmol/L","Humid","21.423","deg","118192","µV","26.738","°C","1016.000","hPa","35.9","pmil","0","55.690","deg","20.000","°C","100.000","%a.s.","22.400","deg","20.000","°C","962.000","hPa","0.861","-0.02617","0.00035","0","0","13.56","Humid","35.35","0","78.50","280230.51","SABD0002000014","AAV2.0.0.13","3.0.3.1703","PSt7-10","180509-002","9/13/2019 10:46:52 AM","0000-00","0","no battery","V"
"06/11/2023","11:53:29","9","default","547630319","OXY_CH9","57.524","min","194.930","μmol/L","Humid","21.417","deg","118187","µV","26.744","°C","1016.000","hPa","35.9","pmil","0","55.690","deg","20.000","°C","100.000","%a.s.","22.400","deg","20.000","°C","962.000","hPa","0.861","-0.02617","0.00035","0","0","13.56","Humid","35.35","0","78.50","280225.09","SABD0002000014","AAV2.0.0.13","3.0.3.1703","PSt7-10","180509-002","9/13/2019 10:46:52 AM","0000-00","0","no battery","V"
"06/11/2023","11:53:30","9","default","547630319","OXY_CH9","57.541","min","194.845","μmol/L","Humid","21.422","deg","118170","µV","26.744","°C","1016.000","hPa","35.9","pmil","0","55.690","deg","20.000","°C","100.000","%a.s.","22.400","deg","20.000","°C","962.000","hPa","0.861","-0.02617","0.00035","0","0","13.56","Humid","35.35","0","78.50","280226.52","SABD0002000014","AAV2.0.0.13","3.0.3.1703","PSt7-10","180509-002","9/13/2019 10:46:52 AM","0000-00","0","no battery","V"
"06/11/2023","11:53:31","9","default","547630319","OXY_CH9","57.558","min","194.949","μmol/L","Humid","21.418","deg","118167","µV","26.738","°C","1016.000","hPa","35.9","pmil","0","55.690","deg","20.000","°C","100.000","%a.s.","22.400","deg","20.000","°C","962.000","hPa","0.861","-0.02617","0.00035","0","0","13.56","Humid","35.35","0","78.50","280224.83","SABD0002000014","AAV2.0.0.13","3.0.3.1703","PSt7-10","180509-002","9/13/2019 10:46:52 AM","0000-00","0","no battery","V"
"06/11/2023","11:53:32","9","default","547630319","OXY_CH9","57.574","min","194.879","μmol/L","Humid","21.420","deg","118160","µV","26.744","°C","1016.000","hPa","35.9","pmil","0","55.690","deg","20.000","°C","100.000","%a.s.","22.400","deg","20.000","°C","962.000","hPa","0.861","-0.02617","0.00035","0","0","13.56","Humid","35.35","0","78.50","280220.36","SABD0002000014","AAV2.0.0.13","3.0.3.1703","PSt7-10","180509-002","9/13/2019 10:46:52 AM","0000-00","0","no battery","V"
"06/11/2023","11:53:33","9","default","547630319","OXY_CH9","57.591","min","194.982","μmol/L","Humid","21.414","deg","118144","µV","26.744","°C","1016.000","hPa","35.9","pmil","0","55.690","deg","20.000","°C","100.000","%a.s.","22.400","deg","20.000","°C","962.000","hPa","0.861","-0.02617","0.00035","0","0","13.56","Humid","35.35","0","78.50","280221.07","SABD0002000014","AAV2.0.0.13","3.0.3.1703","PSt7-10","180509-002","9/13/2019 10:46:52 AM","0000-00","0","no battery","V"
"06/11/2023","11:53:34","9","default","547630319","OXY_CH9","57.608","min","195.051","μmol/L","Humid","21.412","deg","118143","µV","26.738","°C","1016.000","hPa","35.9","pmil","0","55.690","deg","20.000","°C","100.000","%a.s.","22.400","deg","20.000","°C","962.000","hPa","0.861","-0.02617","0.00035","0","0","13.56","Humid","35.35","0","78.50","280230.42","SABD0002000014","AAV2.0.0.13","3.0.3.1703","PSt7-10","180509-002","9/13/2019 10:46:52 AM","0000-00","0","no battery","V"
"06/11/2023","11:53:35","9","default","547630319","OXY_CH9","57.625","min","195.016","μmol/L","Humid","21.412","deg","118131","µV","26.744","°C","1016.000","hPa","35.9","pmil","0","55.690","deg","20.000","°C","100.000","%a.s.","22.400","deg","20.000","°C","962.000","hPa","0.861","-0.02617","0.00035","0","0","13.56","Humid","35.35","0","78.50","280210.37","SABD0002000014","AAV2.0.0.13","3.0.3.1703","PSt7-10","180509-002","9/13/2019 10:46:52 AM","0000-00","0","no battery","V"
"06/11/2023","11:53:36","9","default","547630319","OXY_CH9","57.642","min","195.068","μmol/L","Humid","21.411","deg","118125","µV","26.738","°C","1016.000","hPa","35.9","pmil","0","55.690","deg","20.000","°C","100.000","%a.s.","22.400","deg","20.000","°C","962.000","hPa","0.861","-0.02617","0.00035","0","0","13.56","Humid","35.35","0","78.50","280219.50","SABD0002000014","AAV2.0.0.13","3.0.3.1703","PSt7-10","180509-002","9/13/2019 10:46:52 AM","0000-00","0","no battery","V"
"06/11/2023","11:53:37","9","default","547630319","OXY_CH9","57.658","min","195.032","μmol/L","Humid","21.409","deg","118112","µV","26.750","°C","1016.000","hPa","35.9","pmil","0","55.690","deg","20.000","°C","100.000","%a.s.","22.400","deg","20.000","°C","962.000","hPa","0.861","-0.02617","0.00035","0","0","13.56","Humid","35.35","0","78.50","280212.89","SABD0002000014","AAV2.0.0.13","3.0.3.1703","PSt7-10","180509-002","9/13/2019 10:46:52 AM","0000-00","0","no battery","V"
"06/11/2023","11:53:38","9","default","547630319","OXY_CH9","57.675","min","195.017","μmol/L","Humid","21.414","deg","118106","µV","26.738","°C","1016.000","hPa","35.9","pmil","0","55.690","deg","20.000","°C","100.000","%a.s.","22.400","deg","20.000","°C","962.000","hPa","0.861","-0.02617","0.00035","0","0","13.56","Humid","35.35","0","78.50","280222.02","SABD0002000014","AAV2.0.0.13","3.0.3.1703","PSt7-10","180509-002","9/13/2019 10:46:52 AM","0000-00","0","no battery","V"
"06/11/2023","11:53:39","9","default","547630319","OXY_CH9","57.692","min","195.085","μmol/L","Humid","21.410","deg","118105","µV","26.738","°C","1016.000","hPa","35.9","pmil","0","55.690","deg","20.000","°C","100.000","%a.s.","22.400","deg","20.000","°C","962.000","hPa","0.861","-0.02617","0.00035","0","0","13.56","Humid","35.35","0","78.50","280226.07","SABD0002000014","AAV2.0.0.13","3.0.3.1703","PSt7-10","180509-002","9/13/2019 10:46:52 AM","0000-00","0","no battery","V"
"06/11/2023","11:53:40","9","default","547630319","OXY_CH9","57.708","min","195.101","μmol/L","Humid","21.407","deg","118091","µV","26.744","°C","1016.000","hPa","35.9","pmil","0","55.690","deg","20.000","°C","100.000","%a.s.","22.400","deg","20.000","°C","962.000","hPa","0.861","-0.02617","0.00035","0","0","13.56","Humid","35.35","0","78.50","280214.80","SABD0002000014","AAV2.0.0.13","3.0.3.1703","PSt7-10","180509-002","9/13/2019 10:46:52 AM","0000-00","0","no battery","V"
"06/11/2023","11:53:41","9","default","547630319","OXY_CH9","57.725","min","195.120","μmol/L","Humid","21.408","deg","118082","µV","26.738","°C","1016.000","hPa","35.9","pmil","0","55.690","deg","20.000","°C","100.000","%a.s.","22.400","deg","20.000","°C","962.000","hPa","0.861","-0.02617","0.00035","0","0","13.56","Humid","35.35","0","78.50","280216.76","SABD0002000014","AAV2.0.0.13","3.0.3.1703","PSt7-10","180509-002","9/13/2019 10:46:52 AM","0000-00","0","no battery","V"
"06/11/2023","11:53:42","9","default","547630319","OXY_CH9","57.742","min","195.084","μmol/L","Humid","21.408","deg","118075","µV","26.744","°C","1016.000","hPa","35.9","pmil","0","55.690","deg","20.000","°C","100.000","%a.s.","22.400","deg","20.000","°C","962.000","hPa","0.861","-0.02617","0.00035","0","0","13.56","Humid","35.35","0","78.50","280214.20","SABD0002000014","AAV2.0.0.13","3.0.3.1703","PSt7-10","180509-002","9/13/2019 10:46:52 AM","0000-00","0","no battery","V"
"06/11/2023","11:53:43","9","default","547630319","OXY_CH9","57.758","min","195.101","μmol/L","Humid","21.407","deg","118063","µV","26.744","°C","1016.000","hPa","35.9","pmil","0","55.690","deg","20.000","°C","100.000","%a.s.","22.400","deg","20.000","°C","962.000","hPa","0.861","-0.02617","0.00035","0","0","13.56","Humid","35.35","0","78.50","280204.47","SABD0002000014","AAV2.0.0.13","3.0.3.1703","PSt7-10","180509-002","9/13/2019 10:46:52 AM","0000-00","0","no battery","V"
"06/11/2023","11:53:44","9","default","547630319","OXY_CH9","57.775","min","195.241","μmol/L","Humid","21.403","deg","118063","µV","26.732","°C","1016.000","hPa","35.9","pmil","0","55.690","deg","20.000","°C","100.000","%a.s.","22.400","deg","20.000","°C","962.000","hPa","0.861","-0.02617","0.00035","0","0","13.56","Humid","35.35","0","78.50","280212.85","SABD0002000014","AAV2.0.0.13","3.0.3.1703","PSt7-10","180509-002","9/13/2019 10:46:52 AM","0000-00","0","no battery","V"
"06/11/2023","11:53:45","9","default","547630319","OXY_CH9","57.792","min","195.274","μmol/L","Humid","21.399","deg","118054","µV","26.738","°C","1016.000","hPa","35.9","pmil","0","55.690","deg","20.000","°C","100.000","%a.s.","22.400","deg","20.000","°C","962.000","hPa","0.861","-0.02617","0.00035","0","0","13.56","Humid","35.35","0","78.50","280212.89","SABD0002000014","AAV2.0.0.13","3.0.3.1703","PSt7-10","180509-002","9/13/2019 10:46:52 AM","0000-00","0","no battery","V"
"06/11/2023","11:53:46","9","default","547630319","OXY_CH9","57.808","min","195.221","μmol/L","Humid","21.400","deg","118048","µV","26.744","°C","1016.000","hPa","35.9","pmil","0","55.690","deg","20.000","°C","100.000","%a.s.","22.400","deg","20.000","°C","962.000","hPa","0.861","-0.02617","0.00035","0","0","13.56","Humid","35.35","0","78.50","280215.25","SABD0002000014","AAV2.0.0.13","3.0.3.1703","PSt7-10","180509-002","9/13/2019 10:46:52 AM","0000-00","0","no battery","V"
"06/11/2023","11:53:47","9","default","547630319","OXY_CH9","57.825","min","195.272","μmol/L","Humid","21.397","deg","118043","µV","26.744","°C","1016.000","hPa","35.9","pmil","0","55.690","deg","20.000","°C","100.000","%a.s.","22.400","deg","20.000","°C","962.000","hPa","0.861","-0.02617","0.00035","0","0","13.56","Humid","35.35","0","78.50","280211.65","SABD0002000014","AAV2.0.0.13","3.0.3.1703","PSt7-10","180509-002","9/13/2019 10:46:52 AM","0000-00","0","no battery","V"
"06/11/2023","11:53:48","9","default","547630319","OXY_CH9","57.842","min","195.238","μmol/L","Humid","21.399","deg","118040","µV","26.744","°C","1016.000","hPa","35.9","pmil","0","55.690","deg","20.000","°C","100.000","%a.s.","22.400","deg","20.000","°C","962.000","hPa","0.861","-0.02617","0.00035","0","0","13.56","Humid","35.35","0","78.50","280216.50","SABD0002000014","AAV2.0.0.13","3.0.3.1703","PSt7-10","180509-002","9/13/2019 10:46:52 AM","0000-00","0","no battery","V"
"06/11/2023","11:53:49","9","default","547630319","OXY_CH9","57.858","min","195.272","μmol/L","Humid","21.397","deg","118028","µV","26.744","°C","1016.000","hPa","35.9","pmil","0","55.690","deg","20.000","°C","100.000","%a.s.","22.400","deg","20.000","°C","962.000","hPa","0.861","-0.02617","0.00035","0","0","13.56","Humid","35.35","0","78.50","280203.91","SABD0002000014","AAV2.0.0.13","3.0.3.1703","PSt7-10","180509-002","9/13/2019 10:46:52 AM","0000-00","0","no battery","V"
"06/11/2023","11:53:50","9","default","547630319","OXY_CH9","57.875","min","195.307","μmol/L","Humid","21.395","deg","118017","µV","26.744","°C","1016.000","hPa","35.9","pmil","0","55.690","deg","20.000","°C","100.000","%a.s.","22.400","deg","20.000","°C","962.000","hPa","0.861","-0.02617","0.00035","0","0","13.56","Humid","35.35","0","78.50","280217.81","SABD0002000014","AAV2.0.0.13","3.0.3.1703","PSt7-10","180509-002","9/13/2019 10:46:52 AM","0000-00","0","no battery","V"
"06/11/2023","11:53:51","9","default","547630319","OXY_CH9","57.892","min","195.305","μmol/L","Humid","21.393","deg","118008","µV","26.750","°C","1016.000","hPa","35.9","pmil","0","55.690","deg","20.000","°C","100.000","%a.s.","22.400","deg","20.000","°C","962.000","hPa","0.861","-0.02617","0.00035","0","0","13.56","Humid","35.35","0","78.50","280224.07","SABD0002000014","AAV2.0.0.13","3.0.3.1703","PSt7-10","180509-002","9/13/2019 10:46:52 AM","0000-00","0","no battery","V"
"06/11/2023","11:53:52","9","default","547630319","OXY_CH9","57.909","min","195.358","μmol/L","Humid","21.392","deg","118002","µV","26.744","°C","1016.000","hPa","35.9","pmil","0","55.690","deg","20.000","°C","100.000","%a.s.","22.400","deg","20.000","°C","962.000","hPa","0.861","-0.02617","0.00035","0","0","13.56","Humid","35.35","0","78.50","280209.72","SABD0002000014","AAV2.0.0.13","3.0.3.1703","PSt7-10","180509-002","9/13/2019 10:46:52 AM","0000-00","0","no battery","V"
"06/11/2023","11:53:53","9","default","547630319","OXY_CH9","57.925","min","195.359","μmol/L","Humid","21.394","deg","117989","µV","26.738","°C","1016.000","hPa","35.9","pmil","0","55.690","deg","20.000","°C","100.000","%a.s.","22.400","deg","20.000","°C","962.000","hPa","0.861","-0.02617","0.00035","0","0","13.56","Humid","35.35","0","78.50","280220.50","SABD0002000014","AAV2.0.0.13","3.0.3.1703","PSt7-10","180509-002","9/13/2019 10:46:52 AM","0000-00","0","no battery","V"
"06/11/2023","11:53:54","9","default","547630319","OXY_CH9","57.942","min","195.428","μmol/L","Humid","21.390","deg","117984","µV","26.738","°C","1016.000","hPa","35.9","pmil","0","55.690","deg","20.000","°C","100.000","%a.s.","22.400","deg","20.000","°C","962.000","hPa","0.861","-0.02617","0.00035","0","0","13.56","Humid","35.35","0","78.50","280212.00","SABD0002000014","AAV2.0.0.13","3.0.3.1703","PSt7-10","180509-002","9/13/2019 10:46:52 AM","0000-00","0","no battery","V"
"06/11/2023","11:53:55","9","default","547630319","OXY_CH9","57.958","min","195.480","μmol/L","Humid","21.389","deg","117971","µV","26.732","°C","1016.000","hPa","35.9","pmil","0","55.690","deg","20.000","°C","100.000","%a.s.","22.400","deg","20.000","°C","962.000","hPa","0.861","-0.02617","0.00035","0","0","13.56","Humid","35.35","0","78.50","280198.41","SABD0002000014","AAV2.0.0.13","3.0.3.1703","PSt7-10","180509-002","9/13/2019 10:46:52 AM","0000-00","0","no battery","V"
"06/11/2023","11:53:56","9","default","547630319","OXY_CH9","57.975","min","195.427","μmol/L","Humid","21.388","deg","117972","µV","26.744","°C","1016.000","hPa","35.9","pmil","0","55.690","deg","20.000","°C","100.000","%a.s.","22.400","deg","20.000","°C","962.000","hPa","0.861","-0.02617","0.00035","0","0","13.56","Humid","35.35","0","78.50","280213.74","SABD0002000014","AAV2.0.0.13","3.0.3.1703","PSt7-10","180509-002","9/13/2019 10:46:52 AM","0000-00","0","no battery","V"
"06/11/2023","11:53:57","9","default","547630319","OXY_CH9","57.991","min","195.425","μmol/L","Humid","21.386","deg","117963","µV","26.750","°C","1016.000","hPa","35.9","pmil","0","55.690","deg","20.000","°C","100.000","%a.s.","22.400","deg","20.000","°C","962.000","hPa","0.861","-0.02617","0.00035","0","0","13.56","Humid","35.35","0","78.50","280218.38","SABD0002000014","AAV2.0.0.13","3.0.3.1703","PSt7-10","180509-002","9/13/2019 10:46:52 AM","0000-00","0","no battery","V"
"06/11/2023","11:53:58","9","default","547630319","OXY_CH9","58.008","min","195.529","μmol/L","Humid","21.382","deg","117959","µV","26.744","°C","1016.000","hPa","35.9","pmil","0","55.690","deg","20.000","°C","100.000","%a.s.","22.400","deg","20.000","°C","962.000","hPa","0.861","-0.02617","0.00035","0","0","13.56","Humid","35.35","0","78.50","280198.97","SABD0002000014","AAV2.0.0.13","3.0.3.1703","PSt7-10","180509-002","9/13/2019 10:46:52 AM","0000-00","0","no battery","V"
"06/11/2023","11:53:59","9","default","547630319","OXY_CH9","58.025","min","195.495","μmol/L","Humid","21.384","deg","117951","µV","26.744","°C","1016.000","hPa","35.9","pmil","0","55.690","deg","20.000","°C","100.000","%a.s.","22.400","deg","20.000","°C","962.000","hPa","0.861","-0.02617","0.00035","0","0","13.56","Humid","35.35","0","78.50","280219.57","SABD0002000014","AAV2.0.0.13","3.0.3.1703","PSt7-10","180509-002","9/13/2019 10:46:52 AM","0000-00","0","no battery","V"
"06/11/2023","11:54:00","9","default","547630319","OXY_CH9","58.041","min","195.461","μmol/L","Humid","21.386","deg","117946","µV","26.744","°C","1016.000","hPa","35.9","pmil","0","55.690","deg","20.000","°C","100.000","%a.s.","22.400","deg","20.000","°C","962.000","hPa","0.861","-0.02617","0.00035","0","0","13.56","Humid","35.35","0","78.50","280196.12","SABD0002000014","AAV2.0.0.13","3.0.3.1703","PSt7-10","180509-002","9/13/2019 10:46:52 AM","0000-00","0","no battery","V"
"06/11/2023","11:54:01","9","default","547630319","OXY_CH9","58.058","min","195.461","μmol/L","Humid","21.386","deg","117941","µV","26.744","°C","1016.000","hPa","35.9","pmil","0","55.690","deg","20.000","°C","100.000","%a.s.","22.400","deg","20.000","°C","962.000","hPa","0.861","-0.02617","0.00035","0","0","13.56","Humid","35.35","0","78.50","280218.27","SABD0002000014","AAV2.0.0.13","3.0.3.1703","PSt7-10","180509-002","9/13/2019 10:46:52 AM","0000-00","0","no battery","V"
"06/11/2023","11:54:02","9","default","547630319","OXY_CH9","58.075","min","195.582","μmol/L","Humid","21.381","deg","117935","µV","26.738","°C","1016.000","hPa","35.9","pmil","0","55.690","deg","20.000","°C","100.000","%a.s.","22.400","deg","20.000","°C","962.000","hPa","0.861","-0.02617","0.00035","0","0","13.56","Humid","35.35","0","78.50","280214.94","SABD0002000014","AAV2.0.0.13","3.0.3.1703","PSt7-10","180509-002","9/13/2019 10:46:52 AM","0000-00","0","no battery","V"
"06/11/2023","11:54:03","9","default","547630319","OXY_CH9","58.091","min","195.547","μmol/L","Humid","21.381","deg","117925","µV","26.744","°C","1016.000","hPa","35.9","pmil","0","55.690","deg","20.000","°C","100.000","%a.s.","22.400","deg","20.000","°C","962.000","hPa","0.861","-0.02617","0.00035","0","0","13.56","Humid","35.35","0","78.50","280195.98","SABD0002000014","AAV2.0.0.13","3.0.3.1703","PSt7-10","180509-002","9/13/2019 10:46:52 AM","0000-00","0","no battery","V"
"06/11/2023","11:54:04","9","default","547630319","OXY_CH9","58.108","min","195.548","μmol/L","Humid","21.383","deg","117917","µV","26.738","°C","1016.000","hPa","35.9","pmil","0","55.690","deg","20.000","°C","100.000","%a.s.","22.400","deg","20.000","°C","962.000","hPa","0.861","-0.02617","0.00035","0","0","13.56","Humid","35.35","0","78.50","280201.70","SABD0002000014","AAV2.0.0.13","3.0.3.1703","PSt7-10","180509-002","9/13/2019 10:46:52 AM","0000-00","0","no battery","V"
"06/11/2023","11:54:05","9","default","547630319","OXY_CH9","58.125","min","195.529","μmol/L","Humid","21.382","deg","117904","µV","26.744","°C","1016.000","hPa","35.9","pmil","0","55.690","deg","20.000","°C","100.000","%a.s.","22.400","deg","20.000","°C","962.000","hPa","0.861","-0.02617","0.00035","0","0","13.56","Humid","35.35","0","78.50","280203.44","SABD0002000014","AAV2.0.0.13","3.0.3.1703","PSt7-10","180509-002","9/13/2019 10:46:52 AM","0000-00","0","no battery","V"
"06/11/2023","11:54:06","9","default","547630319","OXY_CH9","58.141","min","195.598","μmol/L","Humid","21.378","deg","117901","µV","26.744","°C","1016.000","hPa","35.9","pmil","0","55.690","deg","20.000","°C","100.000","%a.s.","22.400","deg","20.000","°C","962.000","hPa","0.861","-0.02617","0.00035","0","0","13.56","Humid","35.35","0","78.50","280205.39","SABD0002000014","AAV2.0.0.13","3.0.3.1703","PSt7-10","180509-002","9/13/2019 10:46:52 AM","0000-00","0","no battery","V"
"06/11/2023","11:54:07","9","default","547630319","OXY_CH9","58.158","min","195.598","μmol/L","Humid","21.378","deg","117894","µV","26.744","°C","1016.000","hPa","35.9","pmil","0","55.690","deg","20.000","°C","100.000","%a.s.","22.400","deg","20.000","°C","962.000","hPa","0.861","-0.02617","0.00035","0","0","13.56","Humid","35.35","0","78.50","280206.95","SABD0002000014","AAV2.0.0.13","3.0.3.1703","PSt7-10","180509-002","9/13/2019 10:46:52 AM","0000-00","0","no battery","V"
"06/11/2023","11:54:08","9","default","547630319","OXY_CH9","58.175","min","195.615","μmol/L","Humid","21.377","deg","117885","µV","26.744","°C","1016.000","hPa","35.9","pmil","0","55.690","deg","20.000","°C","100.000","%a.s.","22.400","deg","20.000","°C","962.000","hPa","0.861","-0.02617","0.00035","0","0","13.56","Humid","35.35","0","78.50","280214.58","SABD0002000014","AAV2.0.0.13","3.0.3.1703","PSt7-10","180509-002","9/13/2019 10:46:52 AM","0000-00","0","no battery","V"
"06/11/2023","11:54:09","9","default","547630319","OXY_CH9","58.191","min","195.719","μmol/L","Humid","21.373","deg","117885","µV","26.738","°C","1016.000","hPa","35.9","pmil","0","55.690","deg","20.000","°C","100.000","%a.s.","22.400","deg","20.000","°C","962.000","hPa","0.861","-0.02617","0.00035","0","0","13.56","Humid","35.35","0","78.50","280211.19","SABD0002000014","AAV2.0.0.13","3.0.3.1703","PSt7-10","180509-002","9/13/2019 10:46:52 AM","0000-00","0","no battery","V"
"06/11/2023","11:54:10","9","default","547630319","OXY_CH9","58.208","min","195.684","μmol/L","Humid","21.373","deg","117875","µV","26.744","°C","1016.000","hPa","35.9","pmil","0","55.690","deg","20.000","°C","100.000","%a.s.","22.400","deg","20.000","°C","962.000","hPa","0.861","-0.02617","0.00035","0","0","13.56","Humid","35.35","0","78.50","280196.55","SABD0002000014","AAV2.0.0.13","3.0.3.1703","PSt7-10","180509-002","9/13/2019 10:46:52 AM","0000-00","0","no battery","V"
"06/11/2023","11:54:11","9","default","547630319","OXY_CH9","58.225","min","195.718","μmol/L","Humid","21.371","deg","117859","µV","26.744","°C","1016.000","hPa","35.9","pmil","0","55.690","deg","20.000","°C","100.000","%a.s.","22.400","deg","20.000","°C","962.000","hPa","0.861","-0.02617","0.00035","0","0","13.56","Humid","35.35","0","78.50","280206.60","SABD0002000014","AAV2.0.0.13","3.0.3.1703","PSt7-10","180509-002","9/13/2019 10:46:52 AM","0000-00","0","no battery","V"
"06/11/2023","11:54:12","9","default","547630319","OXY_CH9","58.241","min","195.666","μmol/L","Humid","21.372","deg","117860","µV","26.750","°C","1016.000","hPa","35.9","pmil","0","55.690","deg","20.000","°C","100.000","%a.s.","22.400","deg","20.000","°C","962.000","hPa","0.861","-0.02617","0.00035","0","0","13.56","Humid","35.35","0","78.50","280203.62","SABD0002000014","AAV2.0.0.13","3.0.3.1703","PSt7-10","180509-002","9/13/2019 10:46:52 AM","0000-00","0","no battery","V"
"06/11/2023","11:54:13","9","default","547630319","OXY_CH9","58.258","min","195.753","μmol/L","Humid","21.369","deg","117847","µV","26.744","°C","1016.000","hPa","35.9","pmil","0","55.690","deg","20.000","°C","100.000","%a.s.","22.400","deg","20.000","°C","962.000","hPa","0.861","-0.02617","0.00035","0","0","13.56","Humid","35.35","0","78.50","280204.98","SABD0002000014","AAV2.0.0.13","3.0.3.1703","PSt7-10","180509-002","9/13/2019 10:46:52 AM","0000-00","0","no battery","V"
"06/11/2023","11:54:14","9","default","547630319","OXY_CH9","58.275","min","195.735","μmol/L","Humid","21.370","deg","117837","µV","26.744","°C","1016.000","hPa","35.9","pmil","0","55.690","deg","20.000","°C","100.000","%a.s.","22.400","deg","20.000","°C","962.000","hPa","0.861","-0.02617","0.00035","0","0","13.56","Humid","35.35","0","78.50","280208.71","SABD0002000014","AAV2.0.0.13","3.0.3.1703","PSt7-10","180509-002","9/13/2019 10:46:52 AM","0000-00","0","no battery","V"
"06/11/2023","11:54:15","9","default","547630319","OXY_CH9","58.291","min","195.840","μmol/L","Humid","21.366","deg","117830","µV","26.738","°C","1016.000","hPa","35.9","pmil","0","55.690","deg","20.000","°C","100.000","%a.s.","22.400","deg","20.000","°C","962.000","hPa","0.861","-0.02617","0.00035","0","0","13.56","Humid","35.35","0","78.50","280207.33","SABD0002000014","AAV2.0.0.13","3.0.3.1703","PSt7-10","180509-002","9/13/2019 10:46:52 AM","0000-00","0","no battery","V"
"06/11/2023","11:54:16","9","default","547630319","OXY_CH9","58.308","min","195.821","μmol/L","Humid","21.365","deg","117830","µV","26.744","°C","1016.000","hPa","35.9","pmil","0","55.690","deg","20.000","°C","100.000","%a.s.","22.400","deg","20.000","°C","962.000","hPa","0.861","-0.02617","0.00035","0","0","13.56","Humid","35.35","0","78.50","280206.30","SABD0002000014","AAV2.0.0.13","3.0.3.1703","PSt7-10","180509-002","9/13/2019 10:46:52 AM","0000-00","0","no battery","V"
"06/11/2023","11:54:17","9","default","547630319","OXY_CH9","58.324","min","195.891","μmol/L","Humid","21.363","deg","117821","µV","26.738","°C","1016.000","hPa","35.9","pmil","0","55.690","deg","20.000","°C","100.000","%a.s.","22.400","deg","20.000","°C","962.000","hPa","0.861","-0.02617","0.00035","0","0","13.56","Humid","35.35","0","78.50","280206.73","SABD0002000014","AAV2.0.0.13","3.0.3.1703","PSt7-10","180509-002","9/13/2019 10:46:52 AM","0000-00","0","no battery","V"
"06/11/2023","11:54:18","9","default","547630319","OXY_CH9","58.341","min","195.891","μmol/L","Humid","21.363","deg","117816","µV","26.738","°C","1016.000","hPa","35.9","pmil","0","55.690","deg","20.000","°C","100.000","%a.s.","22.400","deg","20.000","°C","962.000","hPa","0.861","-0.02617","0.00035","0","0","13.56","Humid","35.35","0","78.50","280205.53","SABD0002000014","AAV2.0.0.13","3.0.3.1703","PSt7-10","180509-002","9/13/2019 10:46:52 AM","0000-00","0","no battery","V"
"06/11/2023","11:54:19","9","default","547630319","OXY_CH9","58.358","min","195.873","μmol/L","Humid","21.362","deg","117811","µV","26.744","°C","1016.000","hPa","35.9","pmil","0","55.690","deg","20.000","°C","100.000","%a.s.","22.400","deg","20.000","°C","962.000","hPa","0.861","-0.02617","0.00035","0","0","13.56","Humid","35.35","0","78.50","280204.80","SABD0002000014","AAV2.0.0.13","3.0.3.1703","PSt7-10","180509-002","9/13/2019 10:46:52 AM","0000-00","0","no battery","V"
"06/11/2023","11:54:20","9","default","547630319","OXY_CH9","58.374","min","195.907","μmol/L","Humid","21.360","deg","117797","µV","26.744","°C","1016.000","hPa","35.9","pmil","0","55.690","deg","20.000","°C","100.000","%a.s.","22.400","deg","20.000","°C","962.000","hPa","0.861","-0.02617","0.00035","0","0","13.56","Humid","35.35","0","78.50","280200.54","SABD0002000014","AAV2.0.0.13","3.0.3.1703","PSt7-10","180509-002","9/13/2019 10:46:52 AM","0000-00","0","no battery","V"
"06/11/2023","11:54:21","9","default","547630319","OXY_CH9","58.392","min","195.923","μmol/L","Humid","21.357","deg","117796","µV","26.750","°C","1016.000","hPa","35.9","pmil","0","55.690","deg","20.000","°C","100.000","%a.s.","22.400","deg","20.000","°C","962.000","hPa","0.861","-0.02617","0.00035","0","0","13.56","Humid","35.35","0","78.50","280200.91","SABD0002000014","AAV2.0.0.13","3.0.3.1703","PSt7-10","180509-002","9/13/2019 10:46:52 AM","0000-00","0","no battery","V"
"06/11/2023","11:54:22","9","default","547630319","OXY_CH9","58.409","min","195.960","μmol/L","Humid","21.359","deg","117780","µV","26.738","°C","1016.000","hPa","35.9","pmil","0","55.690","deg","20.000","°C","100.000","%a.s.","22.400","deg","20.000","°C","962.000","hPa","0.861","-0.02617","0.00035","0","0","13.56","Humid","35.35","0","78.50","280193.22","SABD0002000014","AAV2.0.0.13","3.0.3.1703","PSt7-10","180509-002","9/13/2019 10:46:52 AM","0000-00","0","no battery","V"
"06/11/2023","11:54:23","9","default","547630319","OXY_CH9","58.425","min","195.977","μmol/L","Humid","21.358","deg","117778","µV","26.738","°C","1016.000","hPa","35.9","pmil","0","55.690","deg","20.000","°C","100.000","%a.s.","22.400","deg","20.000","°C","962.000","hPa","0.861","-0.02617","0.00035","0","0","13.56","Humid","35.35","0","78.50","280191.56","SABD0002000014","AAV2.0.0.13","3.0.3.1703","PSt7-10","180509-002","9/13/2019 10:46:52 AM","0000-00","0","no battery","V"
"06/11/2023","11:54:24","9","default","547630319","OXY_CH9","58.442","min","195.924","μmol/L","Humid","21.359","deg","117767","µV","26.744","°C","1016.000","hPa","35.9","pmil","0","55.690","deg","20.000","°C","100.000","%a.s.","22.400","deg","20.000","°C","962.000","hPa","0.861","-0.02617","0.00035","0","0","13.56","Humid","35.35","0","78.50","280195.39","SABD0002000014","AAV2.0.0.13","3.0.3.1703","PSt7-10","180509-002","9/13/2019 10:46:52 AM","0000-00","0","no battery","V"
"06/11/2023","11:54:25","9","default","547630319","OXY_CH9","58.458","min","195.944","μmol/L","Humid","21.362","deg","117761","µV","26.732","°C","1016.000","hPa","35.9","pmil","0","55.690","deg","20.000","°C","100.000","%a.s.","22.400","deg","20.000","°C","962.000","hPa","0.861","-0.02617","0.00035","0","0","13.56","Humid","35.35","0","78.50","280198.34","SABD0002000014","AAV2.0.0.13","3.0.3.1703","PSt7-10","180509-002","9/13/2019 10:46:52 AM","0000-00","0","no battery","V"
"06/11/2023","11:54:26","9","default","547630319","OXY_CH9","58.475","min","195.941","μmol/L","Humid","21.356","deg","117751","µV","26.750","°C","1016.000","hPa","35.9","pmil","0","55.690","deg","20.000","°C","100.000","%a.s.","22.400","deg","20.000","°C","962.000","hPa","0.861","-0.02617","0.00035","0","0","13.56","Humid","35.35","0","78.50","280206.58","SABD0002000014","AAV2.0.0.13","3.0.3.1703","PSt7-10","180509-002","9/13/2019 10:46:52 AM","0000-00","0","no battery","V"
"06/11/2023","11:54:27","9","default","547630319","OXY_CH9","58.492","min","196.063","μmol/L","Humid","21.353","deg","117740","µV","26.738","°C","1016.000","hPa","35.9","pmil","0","55.690","deg","20.000","°C","100.000","%a.s.","22.400","deg","20.000","°C","962.000","hPa","0.861","-0.02617","0.00035","0","0","13.56","Humid","35.35","0","78.50","280200.31","SABD0002000014","AAV2.0.0.13","3.0.3.1703","PSt7-10","180509-002","9/13/2019 10:46:52 AM","0000-00","0","no battery","V"
"06/11/2023","11:54:28","9","default","547630319","OXY_CH9","58.508","min","196.062","μmol/L","Humid","21.351","deg","117736","µV","26.744","°C","1016.000","hPa","35.9","pmil","0","55.690","deg","20.000","°C","100.000","%a.s.","22.400","deg","20.000","°C","962.000","hPa","0.861","-0.02617","0.00035","0","0","13.56","Humid","35.35","0","78.50","280195.95","SABD0002000014","AAV2.0.0.13","3.0.3.1703","PSt7-10","180509-002","9/13/2019 10:46:52 AM","0000-00","0","no battery","V"
"06/11/2023","11:54:29","9","default","547630319","OXY_CH9","58.525","min","196.079","μmol/L","Humid","21.350","deg","117729","µV","26.744","°C","1016.000","hPa","35.9","pmil","0","55.690","deg","20.000","°C","100.000","%a.s.","22.400","deg","20.000","°C","962.000","hPa","0.861","-0.02617","0.00035","0","0","13.56","Humid","35.35","0","78.50","280193.30","SABD0002000014","AAV2.0.0.13","3.0.3.1703","PSt7-10","180509-002","9/13/2019 10:46:52 AM","0000-00","0","no battery","V"
"06/11/2023","11:54:30","9","default","547630319","OXY_CH9","58.542","min","196.079","μmol/L","Humid","21.350","deg","117723","µV","26.744","°C","1016.000","hPa","35.9","pmil","0","55.690","deg","20.000","°C","100.000","%a.s.","22.400","deg","20.000","°C","962.000","hPa","0.861","-0.02617","0.00035","0","0","13.56","Humid","35.35","0","78.50","280210.99","SABD0002000014","AAV2.0.0.13","3.0.3.1703","PSt7-10","180509-002","9/13/2019 10:46:52 AM","0000-00","0","no battery","V"
"06/11/2023","11:54:31","9","default","547630319","OXY_CH9","58.558","min","196.062","μmol/L","Humid","21.351","deg","117716","µV","26.744","°C","1016.000","hPa","35.9","pmil","0","55.690","deg","20.000","°C","100.000","%a.s.","22.400","deg","20.000","°C","962.000","hPa","0.861","-0.02617","0.00035","0","0","13.56","Humid","35.35","0","78.50","280199.18","SABD0002000014","AAV2.0.0.13","3.0.3.1703","PSt7-10","180509-002","9/13/2019 10:46:52 AM","0000-00","0","no battery","V"
"06/11/2023","11:54:32","9","default","547630319","OXY_CH9","58.575","min","196.149","μmol/L","Humid","21.348","deg","117707","µV","26.738","°C","1016.000","hPa","35.9","pmil","0","55.690","deg","20.000","°C","100.000","%a.s.","22.400","deg","20.000","°C","962.000","hPa","0.861","-0.02617","0.00035","0","0","13.56","Humid","35.35","0","78.50","280207.64","SABD0002000014","AAV2.0.0.13","3.0.3.1703","PSt7-10","180509-002","9/13/2019 10:46:52 AM","0000-00","0","no battery","V"
"06/11/2023","11:54:33","9","default","547630319","OXY_CH9","58.592","min","196.183","μmol/L","Humid","21.344","deg","117688","µV","26.744","°C","1016.000","hPa","35.9","pmil","0","55.690","deg","20.000","°C","100.000","%a.s.","22.400","deg","20.000","°C","962.000","hPa","0.861","-0.02617","0.00035","0","0","13.56","Humid","35.35","0","78.50","280201.97","SABD0002000014","AAV2.0.0.13","3.0.3.1703","PSt7-10","180509-002","9/13/2019 10:46:52 AM","0000-00","0","no battery","V"
"06/11/2023","11:54:34","9","default","547630319","OXY_CH9","58.608","min","196.201","μmol/L","Humid","21.345","deg","117681","µV","26.738","°C","1016.000","hPa","35.9","pmil","0","55.690","deg","20.000","°C","100.000","%a.s.","22.400","deg","20.000","°C","962.000","hPa","0.861","-0.02617","0.00035","0","0","13.56","Humid","35.35","0","78.50","280186.85","SABD0002000014","AAV2.0.0.13","3.0.3.1703","PSt7-10","180509-002","9/13/2019 10:46:52 AM","0000-00","0","no battery","V"
"06/11/2023","11:54:35","9","default","547630319","OXY_CH9","58.625","min","196.201","μmol/L","Humid","21.345","deg","117674","µV","26.738","°C","1016.000","hPa","35.9","pmil","0","55.690","deg","20.000","°C","100.000","%a.s.","22.400","deg","20.000","°C","962.000","hPa","0.861","-0.02617","0.00035","0","0","13.56","Humid","35.35","0","78.50","280195.31","SABD0002000014","AAV2.0.0.13","3.0.3.1703","PSt7-10","180509-002","9/13/2019 10:46:52 AM","0000-00","0","no battery","V"
"06/11/2023","11:54:36","9","default","547630319","OXY_CH9","58.642","min","196.234","μmol/L","Humid","21.341","deg","117665","µV","26.744","°C","1016.000","hPa","35.9","pmil","0","55.690","deg","20.000","°C","100.000","%a.s.","22.400","deg","20.000","°C","962.000","hPa","0.861","-0.02617","0.00035","0","0","13.56","Humid","35.35","0","78.50","280198.16","SABD0002000014","AAV2.0.0.13","3.0.3.1703","PSt7-10","180509-002","9/13/2019 10:46:52 AM","0000-00","0","no battery","V"
"06/11/2023","11:54:37","9","default","547630319","OXY_CH9","58.659","min","196.253","μmol/L","Humid","21.342","deg","117662","µV","26.738","°C","1016.000","hPa","35.9","pmil","0","55.690","deg","20.000","°C","100.000","%a.s.","22.400","deg","20.000","°C","962.000","hPa","0.861","-0.02617","0.00035","0","0","13.56","Humid","35.35","0","78.50","280189.63","SABD0002000014","AAV2.0.0.13","3.0.3.1703","PSt7-10","180509-002","9/13/2019 10:46:52 AM","0000-00","0","no battery","V"
"06/11/2023","11:54:38","9","default","547630319","OXY_CH9","58.675","min","196.233","μmol/L","Humid","21.339","deg","117657","µV","26.750","°C","1016.000","hPa","35.9","pmil","0","55.690","deg","20.000","°C","100.000","%a.s.","22.400","deg","20.000","°C","962.000","hPa","0.861","-0.02617","0.00035","0","0","13.56","Humid","35.35","0","78.50","280189.54","SABD0002000014","AAV2.0.0.13","3.0.3.1703","PSt7-10","180509-002","9/13/2019 10:46:52 AM","0000-00","0","no battery","V"
"06/11/2023","11:54:39","9","default","547630319","OXY_CH9","58.692","min","196.285","μmol/L","Humid","21.336","deg","117649","µV","26.750","°C","1016.000","hPa","35.9","pmil","0","55.690","deg","20.000","°C","100.000","%a.s.","22.400","deg","20.000","°C","962.000","hPa","0.861","-0.02617","0.00035","0","0","13.56","Humid","35.35","0","78.50","280190.13","SABD0002000014","AAV2.0.0.13","3.0.3.1703","PSt7-10","180509-002","9/13/2019 10:46:52 AM","0000-00","0","no battery","V"
"06/11/2023","11:54:40","9","default","547630319","OXY_CH9","58.708","min","196.323","μmol/L","Humid","21.340","deg","117641","µV","26.732","°C","1016.000","hPa","35.9","pmil","0","55.690","deg","20.000","°C","100.000","%a.s.","22.400","deg","20.000","°C","962.000","hPa","0.861","-0.02617","0.00035","0","0","13.56","Humid","35.35","0","78.50","280190.44","SABD0002000014","AAV2.0.0.13","3.0.3.1703","PSt7-10","180509-002","9/13/2019 10:46:52 AM","0000-00","0","no battery","V"
"06/11/2023","11:54:41","9","default","547630319","OXY_CH9","58.725","min","196.320","μmol/L","Humid","21.336","deg","117639","µV","26.744","°C","1016.000","hPa","35.9","pmil","0","55.690","deg","20.000","°C","100.000","%a.s.","22.400","deg","20.000","°C","962.000","hPa","0.861","-0.02617","0.00035","0","0","13.56","Humid","35.35","0","78.50","280193.74","SABD0002000014","AAV2.0.0.13","3.0.3.1703","PSt7-10","180509-002","9/13/2019 10:46:52 AM","0000-00","0","no battery","V"
"06/11/2023","11:54:42","9","default","547630319","OXY_CH9","58.742","min","196.442","μmol/L","Humid","21.331","deg","117622","µV","26.738","°C","1016.000","hPa","35.9","pmil","0","55.690","deg","20.000","°C","100.000","%a.s.","22.400","deg","20.000","°C","962.000","hPa","0.861","-0.02617","0.00035","0","0","13.56","Humid","35.35","0","78.50","280198.16","SABD0002000014","AAV2.0.0.13","3.0.3.1703","PSt7-10","180509-002","9/13/2019 10:46:52 AM","0000-00","0","no battery","V"
"06/11/2023","11:54:43","9","default","547630319","OXY_CH9","58.758","min","196.286","μmol/L","Humid","21.338","deg","117620","µV","26.744","°C","1016.000","hPa","35.9","pmil","0","55.690","deg","20.000","°C","100.000","%a.s.","22.400","deg","20.000","°C","962.000","hPa","0.861","-0.02617","0.00035","0","0","13.56","Humid","35.35","0","78.50","280192.36","SABD0002000014","AAV2.0.0.13","3.0.3.1703","PSt7-10","180509-002","9/13/2019 10:46:52 AM","0000-00","0","no battery","V"
"06/11/2023","11:54:44","9","default","547630319","OXY_CH9","58.775","min","196.407","μmol/L","Humid","21.331","deg","117612","µV","26.744","°C","1016.000","hPa","35.9","pmil","0","55.690","deg","20.000","°C","100.000","%a.s.","22.400","deg","20.000","°C","962.000","hPa","0.861","-0.02617","0.00035","0","0","13.56","Humid","35.35","0","78.50","280186.56","SABD0002000014","AAV2.0.0.13","3.0.3.1703","PSt7-10","180509-002","9/13/2019 10:46:52 AM","0000-00","0","no battery","V"
"06/11/2023","11:54:45","9","default","547630319","OXY_CH9","58.792","min","196.338","μmol/L","Humid","21.335","deg","117610","µV","26.744","°C","1016.000","hPa","35.9","pmil","0","55.690","deg","20.000","°C","100.000","%a.s.","22.400","deg","20.000","°C","962.000","hPa","0.861","-0.02617","0.00035","0","0","13.56","Humid","35.35","0","78.50","280192.92","SABD0002000014","AAV2.0.0.13","3.0.3.1703","PSt7-10","180509-002","9/13/2019 10:46:52 AM","0000-00","0","no battery","V"
"06/11/2023","11:54:46","9","default","547630319","OXY_CH9","58.808","min","196.355","μmol/L","Humid","21.334","deg","117595","µV","26.744","°C","1016.000","hPa","35.9","pmil","0","55.690","deg","20.000","°C","100.000","%a.s.","22.400","deg","20.000","°C","962.000","hPa","0.861","-0.02617","0.00035","0","0","13.56","Humid","35.35","0","78.50","280180.59","SABD0002000014","AAV2.0.0.13","3.0.3.1703","PSt7-10","180509-002","9/13/2019 10:46:52 AM","0000-00","0","no battery","V"
"06/11/2023","11:54:47","9","default","547630319","OXY_CH9","58.825","min","196.424","μmol/L","Humid","21.330","deg","117586","µV","26.744","°C","1016.000","hPa","35.9","pmil","0","55.690","deg","20.000","°C","100.000","%a.s.","22.400","deg","20.000","°C","962.000","hPa","0.861","-0.02617","0.00035","0","0","13.56","Humid","35.35","0","78.50","280190.16","SABD0002000014","AAV2.0.0.13","3.0.3.1703","PSt7-10","180509-002","9/13/2019 10:46:52 AM","0000-00","0","no battery","V"
"06/11/2023","11:54:48","9","default","547630319","OXY_CH9","58.842","min","196.440","μmol/L","Humid","21.327","deg","117575","µV","26.750","°C","1016.000","hPa","35.9","pmil","0","55.690","deg","20.000","°C","100.000","%a.s.","22.400","deg","20.000","°C","962.000","hPa","0.861","-0.02617","0.00035","0","0","13.56","Humid","35.35","0","78.50","280175.14","SABD0002000014","AAV2.0.0.13","3.0.3.1703","PSt7-10","180509-002","9/13/2019 10:46:52 AM","0000-00","0","no battery","V"
"06/11/2023","11:54:49","9","default","547630319","OXY_CH9","58.858","min","196.458","μmol/L","Humid","21.328","deg","117576","µV","26.744","°C","1016.000","hPa","35.9","pmil","0","55.690","deg","20.000","°C","100.000","%a.s.","22.400","deg","20.000","°C","962.000","hPa","0.861","-0.02617","0.00035","0","0","13.56","Humid","35.35","0","78.50","280187.40","SABD0002000014","AAV2.0.0.13","3.0.3.1703","PSt7-10","180509-002","9/13/2019 10:46:52 AM","0000-00","0","no battery","V"
"06/11/2023","11:54:50","9","default","547630319","OXY_CH9","58.875","min","196.492","μmol/L","Humid","21.324","deg","117570","µV","26.750","°C","1016.000","hPa","35.9","pmil","0","55.690","deg","20.000","°C","100.000","%a.s.","22.400","deg","20.000","°C","962.000","hPa","0.861","-0.02617","0.00035","0","0","13.56","Humid","35.35","0","78.50","280192.57","SABD0002000014","AAV2.0.0.13","3.0.3.1703","PSt7-10","180509-002","9/13/2019 10:46:52 AM","0000-00","0","no battery","V"
"06/11/2023","11:54:51","9","default","547630319","OXY_CH9","58.892","min","196.562","μmol/L","Humid","21.322","deg","117556","µV","26.744","°C","1016.000","hPa","35.9","pmil","0","55.690","deg","20.000","°C","100.000","%a.s.","22.400","deg","20.000","°C","962.000","hPa","0.861","-0.02617","0.00035","0","0","13.56","Humid","35.35","0","78.50","280193.04","SABD0002000014","AAV2.0.0.13","3.0.3.1703","PSt7-10","180509-002","9/13/2019 10:46:52 AM","0000-00","0","no battery","V"
"06/11/2023","11:54:52","9","default","547630319","OXY_CH9","58.908","min","196.545","μmol/L","Humid","21.323","deg","117546","µV","26.744","°C","1016.000","hPa","35.9","pmil","0","55.690","deg","20.000","°C","100.000","%a.s.","22.400","deg","20.000","°C","962.000","hPa","0.861","-0.02617","0.00035","0","0","13.56","Humid","35.35","0","78.50","280180.72","SABD0002000014","AAV2.0.0.13","3.0.3.1703","PSt7-10","180509-002","9/13/2019 10:46:52 AM","0000-00","0","no battery","V"
"06/11/2023","11:54:53","9","default","547630319","OXY_CH9","58.925","min","196.528","μmol/L","Humid","21.324","deg","117546","µV","26.744","°C","1016.000","hPa","35.9","pmil","0","55.690","deg","20.000","°C","100.000","%a.s.","22.400","deg","20.000","°C","962.000","hPa","0.861","-0.02617","0.00035","0","0","13.56","Humid","35.35","0","78.50","280192.58","SABD0002000014","AAV2.0.0.13","3.0.3.1703","PSt7-10","180509-002","9/13/2019 10:46:52 AM","0000-00","0","no battery","V"
"06/11/2023","11:54:54","9","default","547630319","OXY_CH9","58.941","min","196.562","μmol/L","Humid","21.322","deg","117540","µV","26.744","°C","1016.000","hPa","35.9","pmil","0","55.690","deg","20.000","°C","100.000","%a.s.","22.400","deg","20.000","°C","962.000","hPa","0.861","-0.02617","0.00035","0","0","13.56","Humid","35.35","0","78.50","280191.41","SABD0002000014","AAV2.0.0.13","3.0.3.1703","PSt7-10","180509-002","9/13/2019 10:46:52 AM","0000-00","0","no battery","V"
"06/11/2023","11:54:55","9","default","547630319","OXY_CH9","58.958","min","196.563","μmol/L","Humid","21.324","deg","117534","µV","26.738","°C","1016.000","hPa","35.9","pmil","0","55.690","deg","20.000","°C","100.000","%a.s.","22.400","deg","20.000","°C","962.000","hPa","0.861","-0.02617","0.00035","0","0","13.56","Humid","35.35","0","78.50","280191.41","SABD0002000014","AAV2.0.0.13","3.0.3.1703","PSt7-10","180509-002","9/13/2019 10:46:52 AM","0000-00","0","no battery","V"
"06/11/2023","11:54:56","9","default","547630319","OXY_CH9","58.975","min","196.614","μmol/L","Humid","21.319","deg","117522","µV","26.744","°C","1016.000","hPa","35.9","pmil","0","55.690","deg","20.000","°C","100.000","%a.s.","22.400","deg","20.000","°C","962.000","hPa","0.861","-0.02617","0.00035","0","0","13.56","Humid","35.35","0","78.50","280189.54","SABD0002000014","AAV2.0.0.13","3.0.3.1703","PSt7-10","180509-002","9/13/2019 10:46:52 AM","0000-00","0","no battery","V"
"06/11/2023","11:54:57","9","default","547630319","OXY_CH9","58.991","min","196.648","μmol/L","Humid","21.317","deg","117516","µV","26.744","°C","1016.000","hPa","35.9","pmil","0","55.690","deg","20.000","°C","100.000","%a.s.","22.400","deg","20.000","°C","962.000","hPa","0.861","-0.02617","0.00035","0","0","13.56","Humid","35.35","0","78.50","280179.17","SABD0002000014","AAV2.0.0.13","3.0.3.1703","PSt7-10","180509-002","9/13/2019 10:46:52 AM","0000-00","0","no battery","V"
"06/11/2023","11:54:58","9","default","547630319","OXY_CH9","59.008","min","196.666","μmol/L","Humid","21.316","deg","117503","µV","26.744","°C","1016.000","hPa","35.9","pmil","0","55.690","deg","20.000","°C","100.000","%a.s.","22.400","deg","20.000","°C","962.000","hPa","0.861","-0.02617","0.00035","0","0","13.56","Humid","35.35","0","78.50","280185.66","SABD0002000014","AAV2.0.0.13","3.0.3.1703","PSt7-10","180509-002","9/13/2019 10:46:52 AM","0000-00","0","no battery","V"
"06/11/2023","11:54:59","9","default","547630319","OXY_CH9","59.025","min","196.666","μmol/L","Humid","21.316","deg","117496","µV","26.744","°C","1016.000","hPa","35.9","pmil","0","55.690","deg","20.000","°C","100.000","%a.s.","22.400","deg","20.000","°C","962.000","hPa","0.861","-0.02617","0.00035","0","0","13.56","Humid","35.35","0","78.50","280179.71","SABD0002000014","AAV2.0.0.13","3.0.3.1703","PSt7-10","180509-002","9/13/2019 10:46:52 AM","0000-00","0","no battery","V"
"06/11/2023","11:55:00","9","default","547630319","OXY_CH9","59.041","min","196.735","μmol/L","Humid","21.312","deg","117488","µV","26.744","°C","1016.000","hPa","35.9","pmil","0","55.690","deg","20.000","°C","100.000","%a.s.","22.400","deg","20.000","°C","962.000","hPa","0.861","-0.02617","0.00035","0","0","13.56","Humid","35.35","0","78.50","280184.58","SABD0002000014","AAV2.0.0.13","3.0.3.1703","PSt7-10","180509-002","9/13/2019 10:46:52 AM","0000-00","0","no battery","V"
"06/11/2023","11:55:01","9","default","547630319","OXY_CH9","59.059","min","196.770","μmol/L","Humid","21.312","deg","117489","µV","26.738","°C","1016.000","hPa","35.9","pmil","0","55.690","deg","20.000","°C","100.000","%a.s.","22.400","deg","20.000","°C","962.000","hPa","0.861","-0.02617","0.00035","0","0","13.56","Humid","35.35","0","78.50","280195.50","SABD0002000014","AAV2.0.0.13","3.0.3.1703","PSt7-10","180509-002","9/13/2019 10:46:52 AM","0000-00","0","no battery","V"
"06/11/2023","11:55:02","9","default","547630319","OXY_CH9","59.075","min","196.735","μmol/L","Humid","21.312","deg","117470","µV","26.744","°C","1016.000","hPa","35.9","pmil","0","55.690","deg","20.000","°C","100.000","%a.s.","22.400","deg","20.000","°C","962.000","hPa","0.861","-0.02617","0.00035","0","0","13.56","Humid","35.35","0","78.50","280183.05","SABD0002000014","AAV2.0.0.13","3.0.3.1703","PSt7-10","180509-002","9/13/2019 10:46:52 AM","0000-00","0","no battery","V"
"06/11/2023","11:55:03","9","default","547630319","OXY_CH9","59.091","min","196.786","μmol/L","Humid","21.307","deg","117458","µV","26.750","°C","1016.000","hPa","35.9","pmil","0","55.690","deg","20.000","°C","100.000","%a.s.","22.400","deg","20.000","°C","962.000","hPa","0.861","-0.02617","0.00035","0","0","13.56","Humid","35.35","0","78.50","280171.52","SABD0002000014","AAV2.0.0.13","3.0.3.1703","PSt7-10","180509-002","9/13/2019 10:46:52 AM","0000-00","0","no battery","V"
"06/11/2023","11:55:04","9","default","547630319","OXY_CH9","59.108","min","196.839","μmol/L","Humid","21.306","deg","117462","µV","26.744","°C","1016.000","hPa","35.9","pmil","0","55.690","deg","20.000","°C","100.000","%a.s.","22.400","deg","20.000","°C","962.000","hPa","0.861","-0.02617","0.00035","0","0","13.56","Humid","35.35","0","78.50","280181.03","SABD0002000014","AAV2.0.0.13","3.0.3.1703","PSt7-10","180509-002","9/13/2019 10:46:52 AM","0000-00","0","no battery","V"
"06/11/2023","11:55:05","9","default","547630319","OXY_CH9","59.125","min","196.804","μmol/L","Humid","21.308","deg","117460","µV","26.744","°C","1016.000","hPa","35.9","pmil","0","55.690","deg","20.000","°C","100.000","%a.s.","22.400","deg","20.000","°C","962.000","hPa","0.861","-0.02617","0.00035","0","0","13.56","Humid","35.35","0","78.50","280183.77","SABD0002000014","AAV2.0.0.13","3.0.3.1703","PSt7-10","180509-002","9/13/2019 10:46:52 AM","0000-00","0","no battery","V"
"06/11/2023","11:55:06","9","default","547630319","OXY_CH9","59.141","min","196.839","μmol/L","Humid","21.306","deg","117446","µV","26.744","°C","1016.000","hPa","35.9","pmil","0","55.690","deg","20.000","°C","100.000","%a.s.","22.400","deg","20.000","°C","962.000","hPa","0.861","-0.02617","0.00035","0","0","13.56","Humid","35.35","0","78.50","280183.21","SABD0002000014","AAV2.0.0.13","3.0.3.1703","PSt7-10","180509-002","9/13/2019 10:46:52 AM","0000-00","0","no battery","V"
"06/11/2023","11:55:07","9","default","547630319","OXY_CH9","59.158","min","196.786","μmol/L","Humid","21.307","deg","117436","µV","26.750","°C","1016.000","hPa","35.9","pmil","0","55.690","deg","20.000","°C","100.000","%a.s.","22.400","deg","20.000","°C","962.000","hPa","0.861","-0.02617","0.00035","0","0","13.56","Humid","35.35","0","78.50","280187.57","SABD0002000014","AAV2.0.0.13","3.0.3.1703","PSt7-10","180509-002","9/13/2019 10:46:52 AM","0000-00","0","no battery","V"
"06/11/2023","11:55:08","9","default","547630319","OXY_CH9","59.175","min","196.889","μmol/L","Humid","21.301","deg","117428","µV","26.750","°C","1016.000","hPa","35.9","pmil","0","55.690","deg","20.000","°C","100.000","%a.s.","22.400","deg","20.000","°C","962.000","hPa","0.861","-0.02617","0.00035","0","0","13.56","Humid","35.35","0","78.50","280181.15","SABD0002000014","AAV2.0.0.13","3.0.3.1703","PSt7-10","180509-002","9/13/2019 10:46:52 AM","0000-00","0","no battery","V"
"06/11/2023","11:55:09","9","default","547630319","OXY_CH9","59.191","min","196.995","μmol/L","Humid","21.299","deg","117426","µV","26.738","°C","1016.000","hPa","35.9","pmil","0","55.690","deg","20.000","°C","100.000","%a.s.","22.400","deg","20.000","°C","962.000","hPa","0.861","-0.02617","0.00035","0","0","13.56","Humid","35.35","0","78.50","280192.65","SABD0002000014","AAV2.0.0.13","3.0.3.1703","PSt7-10","180509-002","9/13/2019 10:46:52 AM","0000-00","0","no battery","V"
"06/11/2023","11:55:10","9","default","547630319","OXY_CH9","59.208","min","196.908","μmol/L","Humid","21.302","deg","117423","µV","26.744","°C","1016.000","hPa","35.9","pmil","0","55.690","deg","20.000","°C","100.000","%a.s.","22.400","deg","20.000","°C","962.000","hPa","0.861","-0.02617","0.00035","0","0","13.56","Humid","35.35","0","78.50","280199.92","SABD0002000014","AAV2.0.0.13","3.0.3.1703","PSt7-10","180509-002","9/13/2019 10:46:52 AM","0000-00","0","no battery","V"
"06/11/2023","11:55:11","9","default","547630319","OXY_CH9","59.225","min","196.977","μmol/L","Humid","21.298","deg","117412","µV","26.744","°C","1016.000","hPa","35.9","pmil","0","55.690","deg","20.000","°C","100.000","%a.s.","22.400","deg","20.000","°C","962.000","hPa","0.861","-0.02617","0.00035","0","0","13.56","Humid","35.35","0","78.50","280180.01","SABD0002000014","AAV2.0.0.13","3.0.3.1703","PSt7-10","180509-002","9/13/2019 10:46:52 AM","0000-00","0","no battery","V"
"06/11/2023","11:55:12","9","default","547630319","OXY_CH9","59.242","min","196.942","μmol/L","Humid","21.300","deg","117408","µV","26.744","°C","1016.000","hPa","35.9","pmil","0","55.690","deg","20.000","°C","100.000","%a.s.","22.400","deg","20.000","°C","962.000","hPa","0.861","-0.02617","0.00035","0","0","13.56","Humid","35.35","0","78.50","280195.38","SABD0002000014","AAV2.0.0.13","3.0.3.1703","PSt7-10","180509-002","9/13/2019 10:46:52 AM","0000-00","0","no battery","V"
"06/11/2023","11:55:13","9","default","547630319","OXY_CH9","59.259","min","196.977","μmol/L","Humid","21.298","deg","117397","µV","26.744","°C","1016.000","hPa","35.9","pmil","0","55.690","deg","20.000","°C","100.000","%a.s.","22.400","deg","20.000","°C","962.000","hPa","0.861","-0.02617","0.00035","0","0","13.56","Humid","35.35","0","78.50","280188.21","SABD0002000014","AAV2.0.0.13","3.0.3.1703","PSt7-10","180509-002","9/13/2019 10:46:52 AM","0000-00","0","no battery","V"
"06/11/2023","11:55:14","9","default","547630319","OXY_CH9","59.275","min","196.907","μmol/L","Humid","21.300","deg","117387","µV","26.750","°C","1016.000","hPa","35.9","pmil","0","55.690","deg","20.000","°C","100.000","%a.s.","22.400","deg","20.000","°C","962.000","hPa","0.861","-0.02617","0.00035","0","0","13.56","Humid","35.35","0","78.50","280179.89","SABD0002000014","AAV2.0.0.13","3.0.3.1703","PSt7-10","180509-002","9/13/2019 10:46:52 AM","0000-00","0","no battery","V"
"06/11/2023","11:55:15","9","default","547630319","OXY_CH9","59.292","min","196.941","μmol/L","Humid","21.298","deg","117383","µV","26.750","°C","1016.000","hPa","35.9","pmil","0","55.690","deg","20.000","°C","100.000","%a.s.","22.400","deg","20.000","°C","962.000","hPa","0.861","-0.02617","0.00035","0","0","13.56","Humid","35.35","0","78.50","280175.00","SABD0002000014","AAV2.0.0.13","3.0.3.1703","PSt7-10","180509-002","9/13/2019 10:46:52 AM","0000-00","0","no battery","V"
"06/11/2023","11:55:16","9","default","547630319","OXY_CH9","59.308","min","197.029","μmol/L","Humid","21.295","deg","117375","µV","26.744","°C","1016.000","hPa","35.9","pmil","0","55.690","deg","20.000","°C","100.000","%a.s.","22.400","deg","20.000","°C","962.000","hPa","0.861","-0.02617","0.00035","0","0","13.56","Humid","35.35","0","78.50","280182.63","SABD0002000014","AAV2.0.0.13","3.0.3.1703","PSt7-10","180509-002","9/13/2019 10:46:52 AM","0000-00","0","no battery","V"
"06/11/2023","11:55:17","9","default","547630319","OXY_CH9","59.325","min","197.045","μmol/L","Humid","21.292","deg","117368","µV","26.750","°C","1016.000","hPa","35.9","pmil","0","55.690","deg","20.000","°C","100.000","%a.s.","22.400","deg","20.000","°C","962.000","hPa","0.861","-0.02617","0.00035","0","0","13.56","Humid","35.35","0","78.50","280181.99","SABD0002000014","AAV2.0.0.13","3.0.3.1703","PSt7-10","180509-002","9/13/2019 10:46:52 AM","0000-00","0","no battery","V"
"06/11/2023","11:55:18","9","default","547630319","OXY_CH9","59.342","min","197.081","μmol/L","Humid","21.292","deg","117366","µV","26.744","°C","1016.000","hPa","35.9","pmil","0","55.690","deg","20.000","°C","100.000","%a.s.","22.400","deg","20.000","°C","962.000","hPa","0.861","-0.02617","0.00035","0","0","13.56","Humid","35.35","0","78.50","280193.15","SABD0002000014","AAV2.0.0.13","3.0.3.1703","PSt7-10","180509-002","9/13/2019 10:46:52 AM","0000-00","0","no battery","V"
"06/11/2023","11:55:19","9","default","547630319","OXY_CH9","59.359","min","197.029","μmol/L","Humid","21.295","deg","117364","µV","26.744","°C","1016.000","hPa","35.9","pmil","0","55.690","deg","20.000","°C","100.000","%a.s.","22.400","deg","20.000","°C","962.000","hPa","0.861","-0.02617","0.00035","0","0","13.56","Humid","35.35","0","78.50","280195.45","SABD0002000014","AAV2.0.0.13","3.0.3.1703","PSt7-10","180509-002","9/13/2019 10:46:52 AM","0000-00","0","no battery","V"
"06/11/2023","11:55:20","9","default","547630319","OXY_CH9","59.375","min","197.064","μmol/L","Humid","21.293","deg","117357","µV","26.744","°C","1016.000","hPa","35.9","pmil","0","55.690","deg","20.000","°C","100.000","%a.s.","22.400","deg","20.000","°C","962.000","hPa","0.861","-0.02617","0.00035","0","0","13.56","Humid","35.35","0","78.50","280196.56","SABD0002000014","AAV2.0.0.13","3.0.3.1703","PSt7-10","180509-002","9/13/2019 10:46:52 AM","0000-00","0","no battery","V"
"06/11/2023","11:55:21","9","default","547630319","OXY_CH9","59.392","min","197.116","μmol/L","Humid","21.290","deg","117350","µV","26.744","°C","1016.000","hPa","35.9","pmil","0","55.690","deg","20.000","°C","100.000","%a.s.","22.400","deg","20.000","°C","962.000","hPa","0.861","-0.02617","0.00035","0","0","13.56","Humid","35.35","0","78.50","280191.78","SABD0002000014","AAV2.0.0.13","3.0.3.1703","PSt7-10","180509-002","9/13/2019 10:46:52 AM","0000-00","0","no battery","V"
"06/11/2023","11:55:22","9","default","547630319","OXY_CH9","59.409","min","197.114","μmol/L","Humid","21.288","deg","117333","µV","26.750","°C","1016.000","hPa","35.9","pmil","0","55.690","deg","20.000","°C","100.000","%a.s.","22.400","deg","20.000","°C","962.000","hPa","0.861","-0.02617","0.00035","0","0","13.56","Humid","35.35","0","78.50","280185.90","SABD0002000014","AAV2.0.0.13","3.0.3.1703","PSt7-10","180509-002","9/13/2019 10:46:52 AM","0000-00","0","no battery","V"
"06/11/2023","11:55:23","9","default","547630319","OXY_CH9","59.425","min","197.116","μmol/L","Humid","21.290","deg","117322","µV","26.744","°C","1016.000","hPa","35.9","pmil","0","55.690","deg","20.000","°C","100.000","%a.s.","22.400","deg","20.000","°C","962.000","hPa","0.861","-0.02617","0.00035","0","0","13.56","Humid","35.35","0","78.50","280183.95","SABD0002000014","AAV2.0.0.13","3.0.3.1703","PSt7-10","180509-002","9/13/2019 10:46:52 AM","0000-00","0","no battery","V"
"06/11/2023","11:55:24","9","default","547630319","OXY_CH9","59.442","min","197.131","μmol/L","Humid","21.285","deg","117316","µV","26.756","°C","1016.000","hPa","35.9","pmil","0","55.690","deg","20.000","°C","100.000","%a.s.","22.400","deg","20.000","°C","962.000","hPa","0.861","-0.02617","0.00035","0","0","13.56","Humid","35.35","0","78.50","280186.17","SABD0002000014","AAV2.0.0.13","3.0.3.1703","PSt7-10","180509-002","9/13/2019 10:46:52 AM","0000-00","0","no battery","V"
"06/11/2023","11:55:25","9","default","547630319","OXY_CH9","59.458","min","197.273","μmol/L","Humid","21.283","deg","117318","µV","26.738","°C","1016.000","hPa","35.9","pmil","0","55.690","deg","20.000","°C","100.000","%a.s.","22.400","deg","20.000","°C","962.000","hPa","0.861","-0.02617","0.00035","0","0","13.56","Humid","35.35","0","78.50","280185.09","SABD0002000014","AAV2.0.0.13","3.0.3.1703","PSt7-10","180509-002","9/13/2019 10:46:52 AM","0000-00","0","no battery","V"
"06/11/2023","11:55:26","9","default","547630319","OXY_CH9","59.475","min","197.237","μmol/L","Humid","21.283","deg","117308","µV","26.744","°C","1016.000","hPa","35.9","pmil","0","55.690","deg","20.000","°C","100.000","%a.s.","22.400","deg","20.000","°C","962.000","hPa","0.861","-0.02617","0.00035","0","0","13.56","Humid","35.35","0","78.50","280183.75","SABD0002000014","AAV2.0.0.13","3.0.3.1703","PSt7-10","180509-002","9/13/2019 10:46:52 AM","0000-00","0","no battery","V"
"06/11/2023","11:55:27","9","default","547630319","OXY_CH9","59.492","min","197.236","μmol/L","Humid","21.281","deg","117296","µV","26.750","°C","1016.000","hPa","35.9","pmil","0","55.690","deg","20.000","°C","100.000","%a.s.","22.400","deg","20.000","°C","962.000","hPa","0.861","-0.02617","0.00035","0","0","13.56","Humid","35.35","0","78.50","280191.27","SABD0002000014","AAV2.0.0.13","3.0.3.1703","PSt7-10","180509-002","9/13/2019 10:46:52 AM","0000-00","0","no battery","V"
"06/11/2023","11:55:28","9","default","547630319","OXY_CH9","59.508","min","197.185","μmol/L","Humid","21.286","deg","117289","µV","26.744","°C","1016.000","hPa","35.9","pmil","0","55.690","deg","20.000","°C","100.000","%a.s.","22.400","deg","20.000","°C","962.000","hPa","0.861","-0.02617","0.00035","0","0","13.56","Humid","35.35","0","78.50","280192.74","SABD0002000014","AAV2.0.0.13","3.0.3.1703","PSt7-10","180509-002","9/13/2019 10:46:52 AM","0000-00","0","no battery","V"
"06/11/2023","11:55:29","9","default","547630319","OXY_CH9","59.525","min","197.237","μmol/L","Humid","21.283","deg","117284","µV","26.744","°C","1016.000","hPa","35.9","pmil","0","55.690","deg","20.000","°C","100.000","%a.s.","22.400","deg","20.000","°C","962.000","hPa","0.861","-0.02617","0.00035","0","0","13.56","Humid","35.35","0","78.50","280180.26","SABD0002000014","AAV2.0.0.13","3.0.3.1703","PSt7-10","180509-002","9/13/2019 10:46:52 AM","0000-00","0","no battery","V"
"06/11/2023","11:55:30","9","default","547630319","OXY_CH9","59.542","min","197.289","μmol/L","Humid","21.280","deg","117277","µV","26.744","°C","1016.000","hPa","35.9","pmil","0","55.690","deg","20.000","°C","100.000","%a.s.","22.400","deg","20.000","°C","962.000","hPa","0.861","-0.02617","0.00035","0","0","13.56","Humid","35.35","0","78.50","280191.03","SABD0002000014","AAV2.0.0.13","3.0.3.1703","PSt7-10","180509-002","9/13/2019 10:46:52 AM","0000-00","0","no battery","V"
"06/11/2023","11:55:31","9","default","547630319","OXY_CH9","59.559","min","197.341","μmol/L","Humid","21.277","deg","117273","µV","26.744","°C","1016.000","hPa","35.9","pmil","0","55.690","deg","20.000","°C","100.000","%a.s.","22.400","deg","20.000","°C","962.000","hPa","0.861","-0.02617","0.00035","0","0","13.56","Humid","35.35","0","78.50","280176.60","SABD0002000014","AAV2.0.0.13","3.0.3.1703","PSt7-10","180509-002","9/13/2019 10:46:52 AM","0000-00","0","no battery","V"
"06/11/2023","11:55:32","9","default","547630319","OXY_CH9","59.575","min","197.305","μmol/L","Humid","21.277","deg","117266","µV","26.750","°C","1016.000","hPa","35.9","pmil","0","55.690","deg","20.000","°C","100.000","%a.s.","22.400","deg","20.000","°C","962.000","hPa","0.861","-0.02617","0.00035","0","0","13.56","Humid","35.35","0","78.50","280183.28","SABD0002000014","AAV2.0.0.13","3.0.3.1703","PSt7-10","180509-002","9/13/2019 10:46:52 AM","0000-00","0","no battery","V"
"06/11/2023","11:55:33","9","default","547630319","OXY_CH9","59.592","min","197.288","μmol/L","Humid","21.278","deg","117258","µV","26.750","°C","1016.000","hPa","35.9","pmil","0","55.690","deg","20.000","°C","100.000","%a.s.","22.400","deg","20.000","°C","962.000","hPa","0.861","-0.02617","0.00035","0","0","13.56","Humid","35.35","0","78.50","280191.02","SABD0002000014","AAV2.0.0.13","3.0.3.1703","PSt7-10","180509-002","9/13/2019 10:46:52 AM","0000-00","0","no battery","V"
"06/11/2023","11:55:34","9","default","547630319","OXY_CH9","59.608","min","197.323","μmol/L","Humid","21.276","deg","117247","µV","26.750","°C","1016.000","hPa","35.9","pmil","0","55.690","deg","20.000","°C","100.000","%a.s.","22.400","deg","20.000","°C","962.000","hPa","0.861","-0.02617","0.00035","0","0","13.56","Humid","35.35","0","78.50","280180.62","SABD0002000014","AAV2.0.0.13","3.0.3.1703","PSt7-10","180509-002","9/13/2019 10:46:52 AM","0000-00","0","no battery","V"
"06/11/2023","11:55:35","9","default","547630319","OXY_CH9","59.625","min","197.446","μmol/L","Humid","21.273","deg","117230","µV","26.738","°C","1016.000","hPa","35.9","pmil","0","55.690","deg","20.000","°C","100.000","%a.s.","22.400","deg","20.000","°C","962.000","hPa","0.861","-0.02617","0.00035","0","0","13.56","Humid","35.35","0","78.50","280180.83","SABD0002000014","AAV2.0.0.13","3.0.3.1703","PSt7-10","180509-002","9/13/2019 10:46:52 AM","0000-00","0","no battery","V"
"06/11/2023","11:55:36","9","default","547630319","OXY_CH9","59.642","min","197.391","μmol/L","Humid","21.270","deg","117236","µV","26.756","°C","1016.000","hPa","35.9","pmil","0","55.690","deg","20.000","°C","100.000","%a.s.","22.400","deg","20.000","°C","962.000","hPa","0.861","-0.02617","0.00035","0","0","13.56","Humid","35.35","0","78.50","280182.94","SABD0002000014","AAV2.0.0.13","3.0.3.1703","PSt7-10","180509-002","9/13/2019 10:46:52 AM","0000-00","0","no battery","V"
"06/11/2023","11:55:37","9","default","547630319","OXY_CH9","59.658","min","197.375","μmol/L","Humid","21.273","deg","117225","µV","26.750","°C","1016.000","hPa","35.9","pmil","0","55.690","deg","20.000","°C","100.000","%a.s.","22.400","deg","20.000","°C","962.000","hPa","0.861","-0.02617","0.00035","0","0","13.56","Humid","35.35","0","78.50","280170.54","SABD0002000014","AAV2.0.0.13","3.0.3.1703","PSt7-10","180509-002","9/13/2019 10:46:52 AM","0000-00","0","no battery","V"
"06/11/2023","11:55:38","9","default","547630319","OXY_CH9","59.675","min","197.480","μmol/L","Humid","21.269","deg","117216","µV","26.744","°C","1016.000","hPa","35.9","pmil","0","55.690","deg","20.000","°C","100.000","%a.s.","22.400","deg","20.000","°C","962.000","hPa","0.861","-0.02617","0.00035","0","0","13.56","Humid","35.35","0","78.50","280179.70","SABD0002000014","AAV2.0.0.13","3.0.3.1703","PSt7-10","180509-002","9/13/2019 10:46:52 AM","0000-00","0","no battery","V"
"06/11/2023","11:55:39","9","default","547630319","OXY_CH9","59.692","min","197.515","μmol/L","Humid","21.267","deg","117205","µV","26.744","°C","1016.000","hPa","35.9","pmil","0","55.690","deg","20.000","°C","100.000","%a.s.","22.400","deg","20.000","°C","962.000","hPa","0.861","-0.02617","0.00035","0","0","13.56","Humid","35.35","0","78.50","280172.61","SABD0002000014","AAV2.0.0.13","3.0.3.1703","PSt7-10","180509-002","9/13/2019 10:46:52 AM","0000-00","0","no battery","V"
"06/11/2023","11:55:40","9","default","547630319","OXY_CH9","59.708","min","197.444","μmol/L","Humid","21.269","deg","117201","µV","26.750","°C","1016.000","hPa","35.9","pmil","0","55.690","deg","20.000","°C","100.000","%a.s.","22.400","deg","20.000","°C","962.000","hPa","0.861","-0.02617","0.00035","0","0","13.56","Humid","35.35","0","78.50","280172.21","SABD0002000014","AAV2.0.0.13","3.0.3.1703","PSt7-10","180509-002","9/13/2019 10:46:52 AM","0000-00","0","no battery","V"
"06/11/2023","11:55:41","9","default","547630319","OXY_CH9","59.725","min","197.549","μmol/L","Humid","21.265","deg","117201","µV","26.744","°C","1016.000","hPa","35.9","pmil","0","55.690","deg","20.000","°C","100.000","%a.s.","22.400","deg","20.000","°C","962.000","hPa","0.861","-0.02617","0.00035","0","0","13.56","Humid","35.35","0","78.50","280177.20","SABD0002000014","AAV2.0.0.13","3.0.3.1703","PSt7-10","180509-002","9/13/2019 10:46:52 AM","0000-00","0","no battery","V"
"06/11/2023","11:55:42","9","default","547630319","OXY_CH9","59.742","min","197.461","μmol/L","Humid","21.268","deg","117197","µV","26.750","°C","1016.000","hPa","35.9","pmil","0","55.690","deg","20.000","°C","100.000","%a.s.","22.400","deg","20.000","°C","962.000","hPa","0.861","-0.02617","0.00035","0","0","13.56","Humid","35.35","0","78.50","280166.60","SABD0002000014","AAV2.0.0.13","3.0.3.1703","PSt7-10","180509-002","9/13/2019 10:46:52 AM","0000-00","0","no battery","V"
"06/11/2023","11:55:43","9","default","547630319","OXY_CH9","59.758","min","197.514","μmol/L","Humid","21.265","deg","117188","µV","26.750","°C","1016.000","hPa","35.9","pmil","0","55.690","deg","20.000","°C","100.000","%a.s.","22.400","deg","20.000","°C","962.000","hPa","0.861","-0.02617","0.00035","0","0","13.56","Humid","35.35","0","78.50","280167.43","SABD0002000014","AAV2.0.0.13","3.0.3.1703","PSt7-10","180509-002","9/13/2019 10:46:52 AM","0000-00","0","no battery","V"
"06/11/2023","11:55:44","9","default","547630319","OXY_CH9","59.775","min","197.566","μmol/L","Humid","21.262","deg","117178","µV","26.750","°C","1016.000","hPa","35.9","pmil","0","55.690","deg","20.000","°C","100.000","%a.s.","22.400","deg","20.000","°C","962.000","hPa","0.861","-0.02617","0.00035","0","0","13.56","Humid","35.35","0","78.50","280171.01","SABD0002000014","AAV2.0.0.13","3.0.3.1703","PSt7-10","180509-002","9/13/2019 10:46:52 AM","0000-00","0","no battery","V"
"06/11/2023","11:55:45","9","default","547630319","OXY_CH9","59.791","min","197.515","μmol/L","Humid","21.267","deg","117170","µV","26.744","°C","1016.000","hPa","35.9","pmil","0","55.690","deg","20.000","°C","100.000","%a.s.","22.400","deg","20.000","°C","962.000","hPa","0.861","-0.02617","0.00035","0","0","13.56","Humid","35.35","0","78.50","280163.77","SABD0002000014","AAV2.0.0.13","3.0.3.1703","PSt7-10","180509-002","9/13/2019 10:46:52 AM","0000-00","0","no battery","V"
"06/11/2023","11:55:46","9","default","547630319","OXY_CH9","59.808","min","197.654","μmol/L","Humid","21.259","deg","117147","µV","26.744","°C","1016.000","hPa","35.9","pmil","0","55.690","deg","20.000","°C","100.000","%a.s.","22.400","deg","20.000","°C","962.000","hPa","0.861","-0.02617","0.00035","0","0","13.56","Humid","35.35","0","78.50","280161.43","SABD0002000014","AAV2.0.0.13","3.0.3.1703","PSt7-10","180509-002","9/13/2019 10:46:52 AM","0000-00","0","no battery","V"
"06/11/2023","11:55:47","9","default","547630319","OXY_CH9","59.825","min","197.619","μmol/L","Humid","21.261","deg","117154","µV","26.744","°C","1016.000","hPa","35.9","pmil","0","55.690","deg","20.000","°C","100.000","%a.s.","22.400","deg","20.000","°C","962.000","hPa","0.861","-0.02617","0.00035","0","0","13.56","Humid","35.35","0","78.50","280165.96","SABD0002000014","AAV2.0.0.13","3.0.3.1703","PSt7-10","180509-002","9/13/2019 10:46:52 AM","0000-00","0","no battery","V"
"06/11/2023","11:55:48","9","default","547630319","OXY_CH9","59.841","min","197.619","μmol/L","Humid","21.261","deg","117144","µV","26.744","°C","1016.000","hPa","35.9","pmil","0","55.690","deg","20.000","°C","100.000","%a.s.","22.400","deg","20.000","°C","962.000","hPa","0.861","-0.02617","0.00035","0","0","13.56","Humid","35.35","0","78.50","280161.31","SABD0002000014","AAV2.0.0.13","3.0.3.1703","PSt7-10","180509-002","9/13/2019 10:46:52 AM","0000-00","0","no battery","V"
"06/11/2023","11:55:49","9","default","547630319","OXY_CH9","59.858","min","197.599","μmol/L","Humid","21.258","deg","117141","µV","26.756","°C","1016.000","hPa","35.9","pmil","0","55.690","deg","20.000","°C","100.000","%a.s.","22.400","deg","20.000","°C","962.000","hPa","0.861","-0.02617","0.00035","0","0","13.56","Humid","35.35","0","78.50","280168.52","SABD0002000014","AAV2.0.0.13","3.0.3.1703","PSt7-10","180509-002","9/13/2019 10:46:52 AM","0000-00","0","no battery","V"
"06/11/2023","11:55:50","9","default","547630319","OXY_CH9","59.875","min","197.635","μmol/L","Humid","21.258","deg","117131","µV","26.750","°C","1016.000","hPa","35.9","pmil","0","55.690","deg","20.000","°C","100.000","%a.s.","22.400","deg","20.000","°C","962.000","hPa","0.861","-0.02617","0.00035","0","0","13.56","Humid","35.35","0","78.50","280159.36","SABD0002000014","AAV2.0.0.13","3.0.3.1703","PSt7-10","180509-002","9/13/2019 10:46:52 AM","0000-00","0","no battery","V"
"06/11/2023","11:55:51","9","default","547630319","OXY_CH9","59.891","min","197.635","μmol/L","Humid","21.258","deg","117122","µV","26.750","°C","1016.000","hPa","35.9","pmil","0","55.690","deg","20.000","°C","100.000","%a.s.","22.400","deg","20.000","°C","962.000","hPa","0.861","-0.02617","0.00035","0","0","13.56","Humid","35.35","0","78.50","280162.75","SABD0002000014","AAV2.0.0.13","3.0.3.1703","PSt7-10","180509-002","9/13/2019 10:46:52 AM","0000-00","0","no battery","V"
"06/11/2023","11:55:52","9","default","547630319","OXY_CH9","59.908","min","197.670","μmol/L","Humid","21.256","deg","117117","µV","26.750","°C","1016.000","hPa","35.9","pmil","0","55.690","deg","20.000","°C","100.000","%a.s.","22.400","deg","20.000","°C","962.000","hPa","0.861","-0.02617","0.00035","0","0","13.56","Humid","35.35","0","78.50","280162.74","SABD0002000014","AAV2.0.0.13","3.0.3.1703","PSt7-10","180509-002","9/13/2019 10:46:52 AM","0000-00","0","no battery","V"
"06/11/2023","11:55:53","9","default","547630319","OXY_CH9","59.925","min","197.741","μmol/L","Humid","21.254","deg","117110","µV","26.744","°C","1016.000","hPa","35.9","pmil","0","55.690","deg","20.000","°C","100.000","%a.s.","22.400","deg","20.000","°C","962.000","hPa","0.861","-0.02617","0.00035","0","0","13.56","Humid","35.35","0","78.50","280173.65","SABD0002000014","AAV2.0.0.13","3.0.3.1703","PSt7-10","180509-002","9/13/2019 10:46:52 AM","0000-00","0","no battery","V"
"06/11/2023","11:55:54","9","default","547630319","OXY_CH9","59.941","min","197.687","μmol/L","Humid","21.255","deg","117103","µV","26.750","°C","1016.000","hPa","35.9","pmil","0","55.690","deg","20.000","°C","100.000","%a.s.","22.400","deg","20.000","°C","962.000","hPa","0.861","-0.02617","0.00035","0","0","13.56","Humid","35.35","0","78.50","280161.38","SABD0002000014","AAV2.0.0.13","3.0.3.1703","PSt7-10","180509-002","9/13/2019 10:46:52 AM","0000-00","0","no battery","V"
"06/11/2023","11:55:55","9","default","547630319","OXY_CH9","59.958","min","197.740","μmol/L","Humid","21.252","deg","117099","µV","26.750","°C","1016.000","hPa","35.9","pmil","0","55.690","deg","20.000","°C","100.000","%a.s.","22.400","deg","20.000","°C","962.000","hPa","0.861","-0.02617","0.00035","0","0","13.56","Humid","35.35","0","78.50","280159.14","SABD0002000014","AAV2.0.0.13","3.0.3.1703","PSt7-10","180509-002","9/13/2019 10:46:52 AM","0000-00","0","no battery","V"
"06/11/2023","11:55:56","9","default","547630319","OXY_CH9","59.975","min","197.774","μmol/L","Humid","21.250","deg","117091","µV","26.750","°C","1016.000","hPa","35.9","pmil","0","55.690","deg","20.000","°C","100.000","%a.s.","22.400","deg","20.000","°C","962.000","hPa","0.861","-0.02617","0.00035","0","0","13.56","Humid","35.35","0","78.50","280172.38","SABD0002000014","AAV2.0.0.13","3.0.3.1703","PSt7-10","180509-002","9/13/2019 10:46:52 AM","0000-00","0","no battery","V"
"06/11/2023","11:55:57","9","default","547630319","OXY_CH9","59.991","min","197.722","μmol/L","Humid","21.253","deg","117078","µV","26.750","°C","1016.000","hPa","35.9","pmil","0","55.690","deg","20.000","°C","100.000","%a.s.","22.400","deg","20.000","°C","962.000","hPa","0.861","-0.02617","0.00035","0","0","13.56","Humid","35.35","0","78.50","280159.75","SABD0002000014","AAV2.0.0.13","3.0.3.1703","PSt7-10","180509-002","9/13/2019 10:46:52 AM","0000-00","0","no battery","V"
"06/11/2023","11:55:58","9","default","547630319","OXY_CH9","60.008","min","197.827","μmol/L","Humid","21.247","deg","117077","µV","26.750","°C","1016.000","hPa","35.9","pmil","0","55.690","deg","20.000","°C","100.000","%a.s.","22.400","deg","20.000","°C","962.000","hPa","0.861","-0.02617","0.00035","0","0","13.56","Humid","35.35","0","78.50","280168.54","SABD0002000014","AAV2.0.0.13","3.0.3.1703","PSt7-10","180509-002","9/13/2019 10:46:52 AM","0000-00","0","no battery","V"
"06/11/2023","11:55:59","9","default","547630319","OXY_CH9","60.025","min","197.828","μmol/L","Humid","21.249","deg","117068","µV","26.744","°C","1016.000","hPa","35.9","pmil","0","55.690","deg","20.000","°C","100.000","%a.s.","22.400","deg","20.000","°C","962.000","hPa","0.861","-0.02617","0.00035","0","0","13.56","Humid","35.35","0","78.50","280163.98","SABD0002000014","AAV2.0.0.13","3.0.3.1703","PSt7-10","180509-002","9/13/2019 10:46:52 AM","0000-00","0","no battery","V"
"06/11/2023","11:56:00","9","default","547630319","OXY_CH9","60.041","min","197.862","μmol/L","Humid","21.245","deg","117060","µV","26.750","°C","1016.000","hPa","35.9","pmil","0","55.690","deg","20.000","°C","100.000","%a.s.","22.400","deg","20.000","°C","962.000","hPa","0.861","-0.02617","0.00035","0","0","13.56","Humid","35.35","0","78.50","280155.55","SABD0002000014","AAV2.0.0.13","3.0.3.1703","PSt7-10","180509-002","9/13/2019 10:46:52 AM","0000-00","0","no battery","V"
"06/11/2023","11:56:01","9","default","547630319","OXY_CH9","60.058","min","197.879","μmol/L","Humid","21.244","deg","117054","µV","26.750","°C","1016.000","hPa","35.9","pmil","0","55.690","deg","20.000","°C","100.000","%a.s.","22.400","deg","20.000","°C","962.000","hPa","0.861","-0.02617","0.00035","0","0","13.56","Humid","35.35","0","78.50","280170.77","SABD0002000014","AAV2.0.0.13","3.0.3.1703","PSt7-10","180509-002","9/13/2019 10:46:52 AM","0000-00","0","no battery","V"
"06/11/2023","11:56:02","9","default","547630319","OXY_CH9","60.074","min","197.950","μmol/L","Humid","21.242","deg","117046","µV","26.744","°C","1016.000","hPa","35.9","pmil","0","55.690","deg","20.000","°C","100.000","%a.s.","22.400","deg","20.000","°C","962.000","hPa","0.861","-0.02617","0.00035","0","0","13.56","Humid","35.35","0","78.50","280164.92","SABD0002000014","AAV2.0.0.13","3.0.3.1703","PSt7-10","180509-002","9/13/2019 10:46:52 AM","0000-00","0","no battery","V"
"06/11/2023","11:56:03","9","default","547630319","OXY_CH9","60.091","min","197.897","μmol/L","Humid","21.245","deg","117042","µV","26.744","°C","1016.000","hPa","35.9","pmil","0","55.690","deg","20.000","°C","100.000","%a.s.","22.400","deg","20.000","°C","962.000","hPa","0.861","-0.02617","0.00035","0","0","13.56","Humid","35.35","0","78.50","280154.93","SABD0002000014","AAV2.0.0.13","3.0.3.1703","PSt7-10","180509-002","9/13/2019 10:46:52 AM","0000-00","0","no battery","V"
"06/11/2023","11:56:04","9","default","547630319","OXY_CH9","60.108","min","197.914","μmol/L","Humid","21.242","deg","117030","µV","26.750","°C","1016.000","hPa","35.9","pmil","0","55.690","deg","20.000","°C","100.000","%a.s.","22.400","deg","20.000","°C","962.000","hPa","0.861","-0.02617","0.00035","0","0","13.56","Humid","35.35","0","78.50","280167.82","SABD0002000014","AAV2.0.0.13","3.0.3.1703","PSt7-10","180509-002","9/13/2019 10:46:52 AM","0000-00","0","no battery","V"
"06/11/2023","11:56:05","9","default","547630319","OXY_CH9","60.125","min","197.985","μmol/L","Humid","21.240","deg","117022","µV","26.744","°C","1016.000","hPa","35.9","pmil","0","55.690","deg","20.000","°C","100.000","%a.s.","22.400","deg","20.000","°C","962.000","hPa","0.861","-0.02617","0.00035","0","0","13.56","Humid","35.35","0","78.50","280158.74","SABD0002000014","AAV2.0.0.13","3.0.3.1703","PSt7-10","180509-002","9/13/2019 10:46:52 AM","0000-00","0","no battery","V"
"06/11/2023","11:56:06","9","default","547630319","OXY_CH9","60.142","min","197.950","μmol/L","Humid","21.242","deg","117018","µV","26.744","°C","1016.000","hPa","35.9","pmil","0","55.690","deg","20.000","°C","100.000","%a.s.","22.400","deg","20.000","°C","962.000","hPa","0.861","-0.02617","0.00035","0","0","13.56","Humid","35.35","0","78.50","280173.34","SABD0002000014","AAV2.0.0.13","3.0.3.1703","PSt7-10","180509-002","9/13/2019 10:46:52 AM","0000-00","0","no battery","V"
"06/11/2023","11:56:07","9","default","547630319","OXY_CH9","60.158","min","197.913","μmol/L","Humid","21.240","deg","117012","µV","26.756","°C","1016.000","hPa","35.9","pmil","0","55.690","deg","20.000","°C","100.000","%a.s.","22.400","deg","20.000","°C","962.000","hPa","0.861","-0.02617","0.00035","0","0","13.56","Humid","35.35","0","78.50","280161.05","SABD0002000014","AAV2.0.0.13","3.0.3.1703","PSt7-10","180509-002","9/13/2019 10:46:52 AM","0000-00","0","no battery","V"
"06/11/2023","11:56:08","9","default","547630319","OXY_CH9","60.174","min","198.036","μmol/L","Humid","21.235","deg","116999","µV","26.750","°C","1016.000","hPa","35.9","pmil","0","55.690","deg","20.000","°C","100.000","%a.s.","22.400","deg","20.000","°C","962.000","hPa","0.861","-0.02617","0.00035","0","0","13.56","Humid","35.35","0","78.50","280154.00","SABD0002000014","AAV2.0.0.13","3.0.3.1703","PSt7-10","180509-002","9/13/2019 10:46:52 AM","0000-00","0","no battery","V"
"06/11/2023","11:56:09","9","default","547630319","OXY_CH9","60.191","min","198.018","μmol/L","Humid","21.236","deg","116993","µV","26.750","°C","1016.000","hPa","35.9","pmil","0","55.690","deg","20.000","°C","100.000","%a.s.","22.400","deg","20.000","°C","962.000","hPa","0.861","-0.02617","0.00035","0","0","13.56","Humid","35.35","0","78.50","280154.61","SABD0002000014","AAV2.0.0.13","3.0.3.1703","PSt7-10","180509-002","9/13/2019 10:46:52 AM","0000-00","0","no battery","V"
"06/11/2023","11:56:10","9","default","547630319","OXY_CH9","60.208","min","198.071","μmol/L","Humid","21.233","deg","116990","µV","26.750","°C","1016.000","hPa","35.9","pmil","0","55.690","deg","20.000","°C","100.000","%a.s.","22.400","deg","20.000","°C","962.000","hPa","0.861","-0.02617","0.00035","0","0","13.56","Humid","35.35","0","78.50","280170.10","SABD0002000014","AAV2.0.0.13","3.0.3.1703","PSt7-10","180509-002","9/13/2019 10:46:52 AM","0000-00","0","no battery","V"
"06/11/2023","11:56:11","9","default","547630319","OXY_CH9","60.224","min","198.089","μmol/L","Humid","21.234","deg","116974","µV","26.744","°C","1016.000","hPa","35.9","pmil","0","55.690","deg","20.000","°C","100.000","%a.s.","22.400","deg","20.000","°C","962.000","hPa","0.861","-0.02617","0.00035","0","0","13.56","Humid","35.35","0","78.50","280167.29","SABD0002000014","AAV2.0.0.13","3.0.3.1703","PSt7-10","180509-002","9/13/2019 10:46:52 AM","0000-00","0","no battery","V"
"06/11/2023","11:56:12","9","default","547630319","OXY_CH9","60.241","min","198.053","μmol/L","Humid","21.234","deg","116972","µV","26.750","°C","1016.000","hPa","35.9","pmil","0","55.690","deg","20.000","°C","100.000","%a.s.","22.400","deg","20.000","°C","962.000","hPa","0.861","-0.02617","0.00035","0","0","13.56","Humid","35.35","0","78.50","280165.97","SABD0002000014","AAV2.0.0.13","3.0.3.1703","PSt7-10","180509-002","9/13/2019 10:46:52 AM","0000-00","0","no battery","V"
"06/11/2023","11:56:13","9","default","547630319","OXY_CH9","60.258","min","198.143","μmol/L","Humid","21.233","deg","116958","µV","26.738","°C","1016.000","hPa","35.9","pmil","0","55.690","deg","20.000","°C","100.000","%a.s.","22.400","deg","20.000","°C","962.000","hPa","0.861","-0.02617","0.00035","0","0","13.56","Humid","35.35","0","78.50","280166.21","SABD0002000014","AAV2.0.0.13","3.0.3.1703","PSt7-10","180509-002","9/13/2019 10:46:52 AM","0000-00","0","no battery","V"
"06/11/2023","11:56:14","9","default","547630319","OXY_CH9","60.275","min","198.104","μmol/L","Humid","21.229","deg","116956","µV","26.756","°C","1016.000","hPa","35.9","pmil","0","55.690","deg","20.000","°C","100.000","%a.s.","22.400","deg","20.000","°C","962.000","hPa","0.861","-0.02617","0.00035","0","0","13.56","Humid","35.35","0","78.50","280161.82","SABD0002000014","AAV2.0.0.13","3.0.3.1703","PSt7-10","180509-002","9/13/2019 10:46:52 AM","0000-00","0","no battery","V"
"06/11/2023","11:56:15","9","default","547630319","OXY_CH9","60.291","min","198.140","μmol/L","Humid","21.229","deg","116940","µV","26.750","°C","1016.000","hPa","35.9","pmil","0","55.690","deg","20.000","°C","100.000","%a.s.","22.400","deg","20.000","°C","962.000","hPa","0.861","-0.02617","0.00035","0","0","13.56","Humid","35.35","0","78.50","280160.01","SABD0002000014","AAV2.0.0.13","3.0.3.1703","PSt7-10","180509-002","9/13/2019 10:46:52 AM","0000-00","0","no battery","V"
"06/11/2023","11:56:16","9","default","547630319","OXY_CH9","60.308","min","198.123","μmol/L","Humid","21.230","deg","116940","µV","26.750","°C","1016.000","hPa","35.9","pmil","0","55.690","deg","20.000","°C","100.000","%a.s.","22.400","deg","20.000","°C","962.000","hPa","0.861","-0.02617","0.00035","0","0","13.56","Humid","35.35","0","78.50","280153.65","SABD0002000014","AAV2.0.0.13","3.0.3.1703","PSt7-10","180509-002","9/13/2019 10:46:52 AM","0000-00","0","no battery","V"
"06/11/2023","11:56:17","9","default","547630319","OXY_CH9","60.325","min","198.157","μmol/L","Humid","21.226","deg","116928","µV","26.756","°C","1016.000","hPa","35.9","pmil","0","55.690","deg","20.000","°C","100.000","%a.s.","22.400","deg","20.000","°C","962.000","hPa","0.861","-0.02617","0.00035","0","0","13.56","Humid","35.35","0","78.50","280163.27","SABD0002000014","AAV2.0.0.13","3.0.3.1703","PSt7-10","180509-002","9/13/2019 10:46:52 AM","0000-00","0","no battery","V"
"06/11/2023","11:56:18","9","default","547630319","OXY_CH9","60.342","min","198.158","μmol/L","Humid","21.228","deg","116931","µV","26.750","°C","1016.000","hPa","35.9","pmil","0","55.690","deg","20.000","°C","100.000","%a.s.","22.400","deg","20.000","°C","962.000","hPa","0.861","-0.02617","0.00035","0","0","13.56","Humid","35.35","0","78.50","280157.65","SABD0002000014","AAV2.0.0.13","3.0.3.1703","PSt7-10","180509-002","9/13/2019 10:46:52 AM","0000-00","0","no battery","V"
"06/11/2023","11:56:19","9","default","547630319","OXY_CH9","60.358","min","198.070","μmol/L","Humid","21.231","deg","116917","µV","26.756","°C","1016.000","hPa","35.9","pmil","0","55.690","deg","20.000","°C","100.000","%a.s.","22.400","deg","20.000","°C","962.000","hPa","0.861","-0.02617","0.00035","0","0","13.56","Humid","35.35","0","78.50","280143.04","SABD0002000014","AAV2.0.0.13","3.0.3.1703","PSt7-10","180509-002","9/13/2019 10:46:52 AM","0000-00","0","no battery","V"
"06/11/2023","11:56:20","9","default","547630319","OXY_CH9","60.375","min","198.229","μmol/L","Humid","21.226","deg","116911","µV","26.744","°C","1016.000","hPa","35.9","pmil","0","55.690","deg","20.000","°C","100.000","%a.s.","22.400","deg","20.000","°C","962.000","hPa","0.861","-0.02617","0.00035","0","0","13.56","Humid","35.35","0","78.50","280160.57","SABD0002000014","AAV2.0.0.13","3.0.3.1703","PSt7-10","180509-002","9/13/2019 10:46:52 AM","0000-00","0","no battery","V"
"06/11/2023","11:56:21","9","default","547630319","OXY_CH9","60.392","min","198.263","μmol/L","Humid","21.222","deg","116903","µV","26.750","°C","1016.000","hPa","35.9","pmil","0","55.690","deg","20.000","°C","100.000","%a.s.","22.400","deg","20.000","°C","962.000","hPa","0.861","-0.02617","0.00035","0","0","13.56","Humid","35.35","0","78.50","280136.56","SABD0002000014","AAV2.0.0.13","3.0.3.1703","PSt7-10","180509-002","9/13/2019 10:46:52 AM","0000-00","0","no battery","V"
"06/11/2023","11:56:22","9","default","547630319","OXY_CH9","60.408","min","198.156","μmol/L","Humid","21.224","deg","116896","µV","26.763","°C","1016.000","hPa","35.9","pmil","0","55.690","deg","20.000","°C","100.000","%a.s.","22.400","deg","20.000","°C","962.000","hPa","0.861","-0.02617","0.00035","0","0","13.56","Humid","35.35","0","78.50","280151.94","SABD0002000014","AAV2.0.0.13","3.0.3.1703","PSt7-10","180509-002","9/13/2019 10:46:52 AM","0000-00","0","no battery","V"
"06/11/2023","11:56:23","9","default","547630319","OXY_CH9","60.425","min","198.333","μmol/L","Humid","21.220","deg","116887","µV","26.744","°C","1016.000","hPa","35.9","pmil","0","55.690","deg","20.000","°C","100.000","%a.s.","22.400","deg","20.000","°C","962.000","hPa","0.861","-0.02617","0.00035","0","0","13.56","Humid","35.35","0","78.50","280153.69","SABD0002000014","AAV2.0.0.13","3.0.3.1703","PSt7-10","180509-002","9/13/2019 10:46:52 AM","0000-00","0","no battery","V"
"06/11/2023","11:56:24","9","default","547630319","OXY_CH9","60.442","min","198.350","μmol/L","Humid","21.217","deg","116881","µV","26.750","°C","1016.000","hPa","35.9","pmil","0","55.690","deg","20.000","°C","100.000","%a.s.","22.400","deg","20.000","°C","962.000","hPa","0.861","-0.02617","0.00035","0","0","13.56","Humid","35.35","0","78.50","280152.92","SABD0002000014","AAV2.0.0.13","3.0.3.1703","PSt7-10","180509-002","9/13/2019 10:46:52 AM","0000-00","0","no battery","V"
"06/11/2023","11:56:25","9","default","547630319","OXY_CH9","60.458","min","198.386","μmol/L","Humid","21.217","deg","116873","µV","26.744","°C","1016.000","hPa","35.9","pmil","0","55.690","deg","20.000","°C","100.000","%a.s.","22.400","deg","20.000","°C","962.000","hPa","0.861","-0.02617","0.00035","0","0","13.56","Humid","35.35","0","78.50","280163.44","SABD0002000014","AAV2.0.0.13","3.0.3.1703","PSt7-10","180509-002","9/13/2019 10:46:52 AM","0000-00","0","no battery","V"
"06/11/2023","11:56:26","9","default","547630319","OXY_CH9","60.475","min","198.386","μmol/L","Humid","21.217","deg","116871","µV","26.744","°C","1016.000","hPa","35.9","pmil","0","55.690","deg","20.000","°C","100.000","%a.s.","22.400","deg","20.000","°C","962.000","hPa","0.861","-0.02617","0.00035","0","0","13.56","Humid","35.35","0","78.50","280162.55","SABD0002000014","AAV2.0.0.13","3.0.3.1703","PSt7-10","180509-002","9/13/2019 10:46:52 AM","0000-00","0","no battery","V"
"06/11/2023","11:56:27","9","default","547630319","OXY_CH9","60.491","min","198.438","μmol/L","Humid","21.214","deg","116862","µV","26.744","°C","1016.000","hPa","35.9","pmil","0","55.690","deg","20.000","°C","100.000","%a.s.","22.400","deg","20.000","°C","962.000","hPa","0.861","-0.02617","0.00035","0","0","13.56","Humid","35.35","0","78.50","280162.15","SABD0002000014","AAV2.0.0.13","3.0.3.1703","PSt7-10","180509-002","9/13/2019 10:46:52 AM","0000-00","0","no battery","V"
"06/11/2023","11:56:28","9","default","547630319","OXY_CH9","60.508","min","198.437","μmol/L","Humid","21.212","deg","116851","µV","26.750","°C","1016.000","hPa","35.9","pmil","0","55.690","deg","20.000","°C","100.000","%a.s.","22.400","deg","20.000","°C","962.000","hPa","0.861","-0.02617","0.00035","0","0","13.56","Humid","35.35","0","78.50","280162.81","SABD0002000014","AAV2.0.0.13","3.0.3.1703","PSt7-10","180509-002","9/13/2019 10:46:52 AM","0000-00","0","no battery","V"
"06/11/2023","11:56:29","9","default","547630319","OXY_CH9","60.525","min","198.421","μmol/L","Humid","21.215","deg","116850","µV","26.744","°C","1016.000","hPa","35.9","pmil","0","55.690","deg","20.000","°C","100.000","%a.s.","22.400","deg","20.000","°C","962.000","hPa","0.861","-0.02617","0.00035","0","0","13.56","Humid","35.35","0","78.50","280161.24","SABD0002000014","AAV2.0.0.13","3.0.3.1703","PSt7-10","180509-002","9/13/2019 10:46:52 AM","0000-00","0","no battery","V"
"06/11/2023","11:56:30","9","default","547630319","OXY_CH9","60.542","min","198.491","μmol/L","Humid","21.211","deg","116843","µV","26.744","°C","1016.000","hPa","35.9","pmil","0","55.690","deg","20.000","°C","100.000","%a.s.","22.400","deg","20.000","°C","962.000","hPa","0.861","-0.02617","0.00035","0","0","13.56","Humid","35.35","0","78.50","280159.91","SABD0002000014","AAV2.0.0.13","3.0.3.1703","PSt7-10","180509-002","9/13/2019 10:46:52 AM","0000-00","0","no battery","V"
"06/11/2023","11:56:31","9","default","547630319","OXY_CH9","60.558","min","198.437","μmol/L","Humid","21.212","deg","116832","µV","26.750","°C","1016.000","hPa","35.9","pmil","0","55.690","deg","20.000","°C","100.000","%a.s.","22.400","deg","20.000","°C","962.000","hPa","0.861","-0.02617","0.00035","0","0","13.56","Humid","35.35","0","78.50","280160.92","SABD0002000014","AAV2.0.0.13","3.0.3.1703","PSt7-10","180509-002","9/13/2019 10:46:52 AM","0000-00","0","no battery","V"
"06/11/2023","11:56:32","9","default","547630319","OXY_CH9","60.575","min","198.491","μmol/L","Humid","21.211","deg","116835","µV","26.744","°C","1016.000","hPa","35.9","pmil","0","55.690","deg","20.000","°C","100.000","%a.s.","22.400","deg","20.000","°C","962.000","hPa","0.861","-0.02617","0.00035","0","0","13.56","Humid","35.35","0","78.50","280156.94","SABD0002000014","AAV2.0.0.13","3.0.3.1703","PSt7-10","180509-002","9/13/2019 10:46:52 AM","0000-00","0","no battery","V"
"06/11/2023","11:56:33","9","default","547630319","OXY_CH9","60.591","min","198.455","μmol/L","Humid","21.211","deg","116820","µV","26.750","°C","1016.000","hPa","35.9","pmil","0","55.690","deg","20.000","°C","100.000","%a.s.","22.400","deg","20.000","°C","962.000","hPa","0.861","-0.02617","0.00035","0","0","13.56","Humid","35.35","0","78.50","280160.58","SABD0002000014","AAV2.0.0.13","3.0.3.1703","PSt7-10","180509-002","9/13/2019 10:46:52 AM","0000-00","0","no battery","V"
"06/11/2023","11:56:34","9","default","547630319","OXY_CH9","60.608","min","198.577","μmol/L","Humid","21.204","deg","116810","µV","26.750","°C","1016.000","hPa","35.9","pmil","0","55.690","deg","20.000","°C","100.000","%a.s.","22.400","deg","20.000","°C","962.000","hPa","0.861","-0.02617","0.00035","0","0","13.56","Humid","35.35","0","78.50","280166.30","SABD0002000014","AAV2.0.0.13","3.0.3.1703","PSt7-10","180509-002","9/13/2019 10:46:52 AM","0000-00","0","no battery","V"
"06/11/2023","11:56:35","9","default","547630319","OXY_CH9","60.625","min","198.507","μmol/L","Humid","21.208","deg","116805","µV","26.750","°C","1016.000","hPa","35.9","pmil","0","55.690","deg","20.000","°C","100.000","%a.s.","22.400","deg","20.000","°C","962.000","hPa","0.861","-0.02617","0.00035","0","0","13.56","Humid","35.35","0","78.50","280156.40","SABD0002000014","AAV2.0.0.13","3.0.3.1703","PSt7-10","180509-002","9/13/2019 10:46:52 AM","0000-00","0","no battery","V"
"06/11/2023","11:56:36","9","default","547630319","OXY_CH9","60.642","min","198.577","μmol/L","Humid","21.204","deg","116795","µV","26.750","°C","1016.000","hPa","35.9","pmil","0","55.690","deg","20.000","°C","100.000","%a.s.","22.400","deg","20.000","°C","962.000","hPa","0.861","-0.02617","0.00035","0","0","13.56","Humid","35.35","0","78.50","280157.94","SABD0002000014","AAV2.0.0.13","3.0.3.1703","PSt7-10","180509-002","9/13/2019 10:46:52 AM","0000-00","0","no battery","V"
"06/11/2023","11:56:37","9","default","547630319","OXY_CH9","60.659","min","198.576","μmol/L","Humid","21.202","deg","116792","µV","26.756","°C","1016.000","hPa","35.9","pmil","0","55.690","deg","20.000","°C","100.000","%a.s.","22.400","deg","20.000","°C","962.000","hPa","0.861","-0.02617","0.00035","0","0","13.56","Humid","35.35","0","78.50","280157.68","SABD0002000014","AAV2.0.0.13","3.0.3.1703","PSt7-10","180509-002","9/13/2019 10:46:52 AM","0000-00","0","no battery","V"
"06/11/2023","11:56:38","9","default","547630319","OXY_CH9","60.675","min","198.683","μmol/L","Humid","21.200","deg","116775","µV","26.744","°C","1016.000","hPa","35.9","pmil","0","55.690","deg","20.000","°C","100.000","%a.s.","22.400","deg","20.000","°C","962.000","hPa","0.861","-0.02617","0.00035","0","0","13.56","Humid","35.35","0","78.50","280149.05","SABD0002000014","AAV2.0.0.13","3.0.3.1703","PSt7-10","180509-002","9/13/2019 10:46:52 AM","0000-00","0","no battery","V"
"06/11/2023","11:56:39","9","default","547630319","OXY_CH9","60.692","min","198.595","μmol/L","Humid","21.203","deg","116770","µV","26.750","°C","1016.000","hPa","35.9","pmil","0","55.690","deg","20.000","°C","100.000","%a.s.","22.400","deg","20.000","°C","962.000","hPa","0.861","-0.02617","0.00035","0","0","13.56","Humid","35.35","0","78.50","280147.62","SABD0002000014","AAV2.0.0.13","3.0.3.1703","PSt7-10","180509-002","9/13/2019 10:46:52 AM","0000-00","0","no battery","V"
"06/11/2023","11:56:40","9","default","547630319","OXY_CH9","60.708","min","198.612","μmol/L","Humid","21.202","deg","116766","µV","26.750","°C","1016.000","hPa","35.9","pmil","0","55.690","deg","20.000","°C","100.000","%a.s.","22.400","deg","20.000","°C","962.000","hPa","0.861","-0.02617","0.00035","0","0","13.56","Humid","35.35","0","78.50","280150.62","SABD0002000014","AAV2.0.0.13","3.0.3.1703","PSt7-10","180509-002","9/13/2019 10:46:52 AM","0000-00","0","no battery","V"
"06/11/2023","11:56:41","9","default","547630319","OXY_CH9","60.725","min","198.576","μmol/L","Humid","21.202","deg","116759","µV","26.756","°C","1016.000","hPa","35.9","pmil","0","55.690","deg","20.000","°C","100.000","%a.s.","22.400","deg","20.000","°C","962.000","hPa","0.861","-0.02617","0.00035","0","0","13.56","Humid","35.35","0","78.50","280140.38","SABD0002000014","AAV2.0.0.13","3.0.3.1703","PSt7-10","180509-002","9/13/2019 10:46:52 AM","0000-00","0","no battery","V"
"06/11/2023","11:56:42","9","default","547630319","OXY_CH9","60.742","min","198.646","μmol/L","Humid","21.198","deg","116751","µV","26.756","°C","1016.000","hPa","35.9","pmil","0","55.690","deg","20.000","°C","100.000","%a.s.","22.400","deg","20.000","°C","962.000","hPa","0.861","-0.02617","0.00035","0","0","13.56","Humid","35.35","0","78.50","280153.20","SABD0002000014","AAV2.0.0.13","3.0.3.1703","PSt7-10","180509-002","9/13/2019 10:46:52 AM","0000-00","0","no battery","V"
"06/11/2023","11:56:43","9","default","547630319","OXY_CH9","60.758","min","198.681","μmol/L","Humid","21.196","deg","116742","µV","26.756","°C","1016.000","hPa","35.9","pmil","0","55.690","deg","20.000","°C","100.000","%a.s.","22.400","deg","20.000","°C","962.000","hPa","0.861","-0.02617","0.00035","0","0","13.56","Humid","35.35","0","78.50","280145.12","SABD0002000014","AAV2.0.0.13","3.0.3.1703","PSt7-10","180509-002","9/13/2019 10:46:52 AM","0000-00","0","no battery","V"
"06/11/2023","11:56:44","9","default","547630319","OXY_CH9","60.775","min","198.735","μmol/L","Humid","21.195","deg","116737","µV","26.750","°C","1016.000","hPa","35.9","pmil","0","55.690","deg","20.000","°C","100.000","%a.s.","22.400","deg","20.000","°C","962.000","hPa","0.861","-0.02617","0.00035","0","0","13.56","Humid","35.35","0","78.50","280148.41","SABD0002000014","AAV2.0.0.13","3.0.3.1703","PSt7-10","180509-002","9/13/2019 10:46:52 AM","0000-00","0","no battery","V"
"06/11/2023","11:56:45","9","default","547630319","OXY_CH9","60.792","min","198.681","μmol/L","Humid","21.196","deg","116732","µV","26.756","°C","1016.000","hPa","35.9","pmil","0","55.690","deg","20.000","°C","100.000","%a.s.","22.400","deg","20.000","°C","962.000","hPa","0.861","-0.02617","0.00035","0","0","13.56","Humid","35.35","0","78.50","280158.01","SABD0002000014","AAV2.0.0.13","3.0.3.1703","PSt7-10","180509-002","9/13/2019 10:46:52 AM","0000-00","0","no battery","V"
"06/11/2023","11:56:46","9","default","547630319","OXY_CH9","60.808","min","198.823","μmol/L","Humid","21.192","deg","116719","µV","26.744","°C","1016.000","hPa","35.9","pmil","0","55.690","deg","20.000","°C","100.000","%a.s.","22.400","deg","20.000","°C","962.000","hPa","0.861","-0.02617","0.00035","0","0","13.56","Humid","35.35","0","78.50","280157.32","SABD0002000014","AAV2.0.0.13","3.0.3.1703","PSt7-10","180509-002","9/13/2019 10:46:52 AM","0000-00","0","no battery","V"
"06/11/2023","11:56:47","9","default","547630319","OXY_CH9","60.825","min","198.822","μmol/L","Humid","21.190","deg","116707","µV","26.750","°C","1016.000","hPa","35.9","pmil","0","55.690","deg","20.000","°C","100.000","%a.s.","22.400","deg","20.000","°C","962.000","hPa","0.861","-0.02617","0.00035","0","0","13.56","Humid","35.35","0","78.50","280157.38","SABD0002000014","AAV2.0.0.13","3.0.3.1703","PSt7-10","180509-002","9/13/2019 10:46:52 AM","0000-00","0","no battery","V"
"06/11/2023","11:56:48","9","default","547630319","OXY_CH9","60.842","min","198.752","μmol/L","Humid","21.194","deg","116705","µV","26.750","°C","1016.000","hPa","35.9","pmil","0","55.690","deg","20.000","°C","100.000","%a.s.","22.400","deg","20.000","°C","962.000","hPa","0.861","-0.02617","0.00035","0","0","13.56","Humid","35.35","0","78.50","280150.69","SABD0002000014","AAV2.0.0.13","3.0.3.1703","PSt7-10","180509-002","9/13/2019 10:46:52 AM","0000-00","0","no battery","V"
"06/11/2023","11:56:49","9","default","547630319","OXY_CH9","60.858","min","198.770","μmol/L","Humid","21.193","deg","116697","µV","26.750","°C","1016.000","hPa","35.9","pmil","0","55.690","deg","20.000","°C","100.000","%a.s.","22.400","deg","20.000","°C","962.000","hPa","0.861","-0.02617","0.00035","0","0","13.56","Humid","35.35","0","78.50","280146.40","SABD0002000014","AAV2.0.0.13","3.0.3.1703","PSt7-10","180509-002","9/13/2019 10:46:52 AM","0000-00","0","no battery","V"
"06/11/2023","11:56:50","9","default","547630319","OXY_CH9","60.875","min","198.769","μmol/L","Humid","21.191","deg","116689","µV","26.756","°C","1016.000","hPa","35.9","pmil","0","55.690","deg","20.000","°C","100.000","%a.s.","22.400","deg","20.000","°C","962.000","hPa","0.861","-0.02617","0.00035","0","0","13.56","Humid","35.35","0","78.50","280149.87","SABD0002000014","AAV2.0.0.13","3.0.3.1703","PSt7-10","180509-002","9/13/2019 10:46:52 AM","0000-00","0","no battery","V"
"06/11/2023","11:56:51","9","default","547630319","OXY_CH9","60.892","min","198.875","μmol/L","Humid","21.187","deg","116674","µV","26.750","°C","1016.000","hPa","35.9","pmil","0","55.690","deg","20.000","°C","100.000","%a.s.","22.400","deg","20.000","°C","962.000","hPa","0.861","-0.02617","0.00035","0","0","13.56","Humid","35.35","0","78.50","280154.44","SABD0002000014","AAV2.0.0.13","3.0.3.1703","PSt7-10","180509-002","9/13/2019 10:46:52 AM","0000-00","0","no battery","V"
"06/11/2023","11:56:52","9","default","547630319","OXY_CH9","60.908","min","198.892","μmol/L","Humid","21.186","deg","116668","µV","26.750","°C","1016.000","hPa","35.9","pmil","0","55.690","deg","20.000","°C","100.000","%a.s.","22.400","deg","20.000","°C","962.000","hPa","0.861","-0.02617","0.00035","0","0","13.56","Humid","35.35","0","78.50","280151.40","SABD0002000014","AAV2.0.0.13","3.0.3.1703","PSt7-10","180509-002","9/13/2019 10:46:52 AM","0000-00","0","no battery","V"
"06/11/2023","11:56:53","9","default","547630319","OXY_CH9","60.925","min","198.945","μmol/L","Humid","21.183","deg","116659","µV","26.750","°C","1016.000","hPa","35.9","pmil","0","55.690","deg","20.000","°C","100.000","%a.s.","22.400","deg","20.000","°C","962.000","hPa","0.861","-0.02617","0.00035","0","0","13.56","Humid","35.35","0","78.50","280154.62","SABD0002000014","AAV2.0.0.13","3.0.3.1703","PSt7-10","180509-002","9/13/2019 10:46:52 AM","0000-00","0","no battery","V"
"06/11/2023","11:56:54","9","default","547630319","OXY_CH9","60.942","min","198.910","μmol/L","Humid","21.185","deg","116651","µV","26.750","°C","1016.000","hPa","35.9","pmil","0","55.690","deg","20.000","°C","100.000","%a.s.","22.400","deg","20.000","°C","962.000","hPa","0.861","-0.02617","0.00035","0","0","13.56","Humid","35.35","0","78.50","280151.39","SABD0002000014","AAV2.0.0.13","3.0.3.1703","PSt7-10","180509-002","9/13/2019 10:46:52 AM","0000-00","0","no battery","V"
"06/11/2023","11:56:55","9","default","547630319","OXY_CH9","60.958","min","198.964","μmol/L","Humid","21.184","deg","116645","µV","26.744","°C","1016.000","hPa","35.9","pmil","0","55.690","deg","20.000","°C","100.000","%a.s.","22.400","deg","20.000","°C","962.000","hPa","0.861","-0.02617","0.00035","0","0","13.56","Humid","35.35","0","78.50","280157.66","SABD0002000014","AAV2.0.0.13","3.0.3.1703","PSt7-10","180509-002","9/13/2019 10:46:52 AM","0000-00","0","no battery","V"
"06/11/2023","11:56:56","9","default","547630319","OXY_CH9","60.975","min","198.980","μmol/L","Humid","21.181","deg","116638","µV","26.750","°C","1016.000","hPa","35.9","pmil","0","55.690","deg","20.000","°C","100.000","%a.s.","22.400","deg","20.000","°C","962.000","hPa","0.861","-0.02617","0.00035","0","0","13.56","Humid","35.35","0","78.50","280157.93","SABD0002000014","AAV2.0.0.13","3.0.3.1703","PSt7-10","180509-002","9/13/2019 10:46:52 AM","0000-00","0","no battery","V"
"06/11/2023","11:56:57","9","default","547630319","OXY_CH9","60.991","min","199.015","μmol/L","Humid","21.179","deg","116635","µV","26.750","°C","1016.000","hPa","35.9","pmil","0","55.690","deg","20.000","°C","100.000","%a.s.","22.400","deg","20.000","°C","962.000","hPa","0.861","-0.02617","0.00035","0","0","13.56","Humid","35.35","0","78.50","280146.59","SABD0002000014","AAV2.0.0.13","3.0.3.1703","PSt7-10","180509-002","9/13/2019 10:46:52 AM","0000-00","0","no battery","V"
"06/11/2023","11:56:58","9","default","547630319","OXY_CH9","61.008","min","198.998","μmol/L","Humid","21.180","deg","116633","µV","26.750","°C","1016.000","hPa","35.9","pmil","0","55.690","deg","20.000","°C","100.000","%a.s.","22.400","deg","20.000","°C","962.000","hPa","0.861","-0.02617","0.00035","0","0","13.56","Humid","35.35","0","78.50","280162.17","SABD0002000014","AAV2.0.0.13","3.0.3.1703","PSt7-10","180509-002","9/13/2019 10:46:52 AM","0000-00","0","no battery","V"
"06/11/2023","11:56:59","9","default","547630319","OXY_CH9","61.025","min","199.086","μmol/L","Humid","21.177","deg","116618","µV","26.744","°C","1016.000","hPa","35.9","pmil","0","55.690","deg","20.000","°C","100.000","%a.s.","22.400","deg","20.000","°C","962.000","hPa","0.861","-0.02617","0.00035","0","0","13.56","Humid","35.35","0","78.50","280159.08","SABD0002000014","AAV2.0.0.13","3.0.3.1703","PSt7-10","180509-002","9/13/2019 10:46:52 AM","0000-00","0","no battery","V"
"06/11/2023","11:57:00","9","default","547630319","OXY_CH9","61.041","min","199.084","μmol/L","Humid","21.173","deg","116611","µV","26.756","°C","1016.000","hPa","35.9","pmil","0","55.690","deg","20.000","°C","100.000","%a.s.","22.400","deg","20.000","°C","962.000","hPa","0.861","-0.02617","0.00035","0","0","13.56","Humid","35.35","0","78.50","280143.59","SABD0002000014","AAV2.0.0.13","3.0.3.1703","PSt7-10","180509-002","9/13/2019 10:46:52 AM","0000-00","0","no battery","V"
"06/11/2023","11:57:01","9","default","547630319","OXY_CH9","61.058","min","199.103","μmol/L","Humid","21.174","deg","116606","µV","26.750","°C","1016.000","hPa","35.9","pmil","0","55.690","deg","20.000","°C","100.000","%a.s.","22.400","deg","20.000","°C","962.000","hPa","0.861","-0.02617","0.00035","0","0","13.56","Humid","35.35","0","78.50","280147.75","SABD0002000014","AAV2.0.0.13","3.0.3.1703","PSt7-10","180509-002","9/13/2019 10:46:52 AM","0000-00","0","no battery","V"
"06/11/2023","11:57:02","9","default","547630319","OXY_CH9","61.074","min","199.033","μmol/L","Humid","21.178","deg","116596","µV","26.750","°C","1016.000","hPa","35.9","pmil","0","55.690","deg","20.000","°C","100.000","%a.s.","22.400","deg","20.000","°C","962.000","hPa","0.861","-0.02617","0.00035","0","0","13.56","Humid","35.35","0","78.50","280153.12","SABD0002000014","AAV2.0.0.13","3.0.3.1703","PSt7-10","180509-002","9/13/2019 10:46:52 AM","0000-00","0","no battery","V"
"06/11/2023","11:57:03","9","default","547630319","OXY_CH9","61.091","min","199.102","μmol/L","Humid","21.172","deg","116588","µV","26.756","°C","1016.000","hPa","35.9","pmil","0","55.690","deg","20.000","°C","100.000","%a.s.","22.400","deg","20.000","°C","962.000","hPa","0.861","-0.02617","0.00035","0","0","13.56","Humid","35.35","0","78.50","280159.76","SABD0002000014","AAV2.0.0.13","3.0.3.1703","PSt7-10","180509-002","9/13/2019 10:46:52 AM","0000-00","0","no battery","V"
"06/11/2023","11:57:04","9","default","547630319","OXY_CH9","61.108","min","199.138","μmol/L","Humid","21.172","deg","116577","µV","26.750","°C","1016.000","hPa","35.9","pmil","0","55.690","deg","20.000","°C","100.000","%a.s.","22.400","deg","20.000","°C","962.000","hPa","0.861","-0.02617","0.00035","0","0","13.56","Humid","35.35","0","78.50","280155.41","SABD0002000014","AAV2.0.0.13","3.0.3.1703","PSt7-10","180509-002","9/13/2019 10:46:52 AM","0000-00","0","no battery","V"
"06/11/2023","11:57:05","9","default","547630319","OXY_CH9","61.124","min","199.191","μmol/L","Humid","21.169","deg","116573","µV","26.750","°C","1016.000","hPa","35.9","pmil","0","55.690","deg","20.000","°C","100.000","%a.s.","22.400","deg","20.000","°C","962.000","hPa","0.861","-0.02617","0.00035","0","0","13.56","Humid","35.35","0","78.50","280154.54","SABD0002000014","AAV2.0.0.13","3.0.3.1703","PSt7-10","180509-002","9/13/2019 10:46:52 AM","0000-00","0","no battery","V"
"06/11/2023","11:57:06","9","default","547630319","OXY_CH9","61.141","min","199.172","μmol/L","Humid","21.168","deg","116568","µV","26.756","°C","1016.000","hPa","35.9","pmil","0","55.690","deg","20.000","°C","100.000","%a.s.","22.400","deg","20.000","°C","962.000","hPa","0.861","-0.02617","0.00035","0","0","13.56","Humid","35.35","0","78.50","280152.88","SABD0002000014","AAV2.0.0.13","3.0.3.1703","PSt7-10","180509-002","9/13/2019 10:46:52 AM","0000-00","0","no battery","V"
"06/11/2023","11:57:07","9","default","547630319","OXY_CH9","61.158","min","199.242","μmol/L","Humid","21.164","deg","116569","µV","26.756","°C","1016.000","hPa","35.9","pmil","0","55.690","deg","20.000","°C","100.000","%a.s.","22.400","deg","20.000","°C","962.000","hPa","0.861","-0.02617","0.00035","0","0","13.56","Humid","35.35","0","78.50","280142.92","SABD0002000014","AAV2.0.0.13","3.0.3.1703","PSt7-10","180509-002","9/13/2019 10:46:52 AM","0000-00","0","no battery","V"
"06/11/2023","11:57:08","9","default","547630319","OXY_CH9","61.175","min","199.243","μmol/L","Humid","21.166","deg","116558","µV","26.750","°C","1016.000","hPa","35.9","pmil","0","55.690","deg","20.000","°C","100.000","%a.s.","22.400","deg","20.000","°C","962.000","hPa","0.861","-0.02617","0.00035","0","0","13.56","Humid","35.35","0","78.50","280145.05","SABD0002000014","AAV2.0.0.13","3.0.3.1703","PSt7-10","180509-002","9/13/2019 10:46:52 AM","0000-00","0","no battery","V"
"06/11/2023","11:57:09","9","default","547630319","OXY_CH9","61.191","min","199.190","μmol/L","Humid","21.167","deg","116544","µV","26.756","°C","1016.000","hPa","35.9","pmil","0","55.690","deg","20.000","°C","100.000","%a.s.","22.400","deg","20.000","°C","962.000","hPa","0.861","-0.02617","0.00035","0","0","13.56","Humid","35.35","0","78.50","280155.23","SABD0002000014","AAV2.0.0.13","3.0.3.1703","PSt7-10","180509-002","9/13/2019 10:46:52 AM","0000-00","0","no battery","V"
"06/11/2023","11:57:10","9","default","547630319","OXY_CH9","61.208","min","199.297","μmol/L","Humid","21.165","deg","116538","µV","26.744","°C","1016.000","hPa","35.9","pmil","0","55.690","deg","20.000","°C","100.000","%a.s.","22.400","deg","20.000","°C","962.000","hPa","0.861","-0.02617","0.00035","0","0","13.56","Humid","35.35","0","78.50","280151.42","SABD0002000014","AAV2.0.0.13","3.0.3.1703","PSt7-10","180509-002","9/13/2019 10:46:52 AM","0000-00","0","no battery","V"
"06/11/2023","11:57:11","9","default","547630319","OXY_CH9","61.224","min","199.332","μmol/L","Humid","21.163","deg","116531","µV","26.744","°C","1016.000","hPa","35.9","pmil","0","55.690","deg","20.000","°C","100.000","%a.s.","22.400","deg","20.000","°C","962.000","hPa","0.861","-0.02617","0.00035","0","0","13.56","Humid","35.35","0","78.50","280152.12","SABD0002000014","AAV2.0.0.13","3.0.3.1703","PSt7-10","180509-002","9/13/2019 10:46:52 AM","0000-00","0","no battery","V"
"06/11/2023","11:57:12","9","default","547630319","OXY_CH9","61.241","min","199.260","μmol/L","Humid","21.163","deg","116524","µV","26.756","°C","1016.000","hPa","35.9","pmil","0","55.690","deg","20.000","°C","100.000","%a.s.","22.400","deg","20.000","°C","962.000","hPa","0.861","-0.02617","0.00035","0","0","13.56","Humid","35.35","0","78.50","280145.24","SABD0002000014","AAV2.0.0.13","3.0.3.1703","PSt7-10","180509-002","9/13/2019 10:46:52 AM","0000-00","0","no battery","V"
"06/11/2023","11:57:13","9","default","547630319","OXY_CH9","61.258","min","199.261","μmol/L","Humid","21.165","deg","116522","µV","26.750","°C","1016.000","hPa","35.9","pmil","0","55.690","deg","20.000","°C","100.000","%a.s.","22.400","deg","20.000","°C","962.000","hPa","0.861","-0.02617","0.00035","0","0","13.56","Humid","35.35","0","78.50","280156.75","SABD0002000014","AAV2.0.0.13","3.0.3.1703","PSt7-10","180509-002","9/13/2019 10:46:52 AM","0000-00","0","no battery","V"
"06/11/2023","11:57:14","9","default","547630319","OXY_CH9","61.275","min","199.349","μmol/L","Humid","21.160","deg","116508","µV","26.750","°C","1016.000","hPa","35.9","pmil","0","55.690","deg","20.000","°C","100.000","%a.s.","22.400","deg","20.000","°C","962.000","hPa","0.861","-0.02617","0.00035","0","0","13.56","Humid","35.35","0","78.50","280143.09","SABD0002000014","AAV2.0.0.13","3.0.3.1703","PSt7-10","180509-002","9/13/2019 10:46:52 AM","0000-00","0","no battery","V"
"06/11/2023","11:57:15","9","default","547630319","OXY_CH9","61.291","min","199.330","μmol/L","Humid","21.159","deg","116508","µV","26.756","°C","1016.000","hPa","35.9","pmil","0","55.690","deg","20.000","°C","100.000","%a.s.","22.400","deg","20.000","°C","962.000","hPa","0.861","-0.02617","0.00035","0","0","13.56","Humid","35.35","0","78.50","280163.07","SABD0002000014","AAV2.0.0.13","3.0.3.1703","PSt7-10","180509-002","9/13/2019 10:46:52 AM","0000-00","0","no battery","V"
"06/11/2023","11:57:16","9","default","547630319","OXY_CH9","61.308","min","199.349","μmol/L","Humid","21.160","deg","116500","µV","26.750","°C","1016.000","hPa","35.9","pmil","0","55.690","deg","20.000","°C","100.000","%a.s.","22.400","deg","20.000","°C","962.000","hPa","0.861","-0.02617","0.00035","0","0","13.56","Humid","35.35","0","78.50","280147.63","SABD0002000014","AAV2.0.0.13","3.0.3.1703","PSt7-10","180509-002","9/13/2019 10:46:52 AM","0000-00","0","no battery","V"
"06/11/2023","11:57:17","9","default","547630319","OXY_CH9","61.325","min","199.277","μmol/L","Humid","21.160","deg","116492","µV","26.763","°C","1016.000","hPa","35.9","pmil","0","55.690","deg","20.000","°C","100.000","%a.s.","22.400","deg","20.000","°C","962.000","hPa","0.861","-0.02617","0.00035","0","0","13.56","Humid","35.35","0","78.50","280152.54","SABD0002000014","AAV2.0.0.13","3.0.3.1703","PSt7-10","180509-002","9/13/2019 10:46:52 AM","0000-00","0","no battery","V"
"06/11/2023","11:57:18","9","default","547630319","OXY_CH9","61.342","min","199.402","μmol/L","Humid","21.157","deg","116484","µV","26.750","°C","1016.000","hPa","35.9","pmil","0","55.690","deg","20.000","°C","100.000","%a.s.","22.400","deg","20.000","°C","962.000","hPa","0.861","-0.02617","0.00035","0","0","13.56","Humid","35.35","0","78.50","280154.37","SABD0002000014","AAV2.0.0.13","3.0.3.1703","PSt7-10","180509-002","9/13/2019 10:46:52 AM","0000-00","0","no battery","V"
"06/11/2023","11:57:19","9","default","547630319","OXY_CH9","61.358","min","199.383","μmol/L","Humid","21.156","deg","116483","µV","26.756","°C","1016.000","hPa","35.9","pmil","0","55.690","deg","20.000","°C","100.000","%a.s.","22.400","deg","20.000","°C","962.000","hPa","0.861","-0.02617","0.00035","0","0","13.56","Humid","35.35","0","78.50","280143.01","SABD0002000014","AAV2.0.0.13","3.0.3.1703","PSt7-10","180509-002","9/13/2019 10:46:52 AM","0000-00","0","no battery","V"
"06/11/2023","11:57:20","9","default","547630319","OXY_CH9","61.375","min","199.401","μmol/L","Humid","21.155","deg","116462","µV","26.756","°C","1016.000","hPa","35.9","pmil","0","55.690","deg","20.000","°C","100.000","%a.s.","22.400","deg","20.000","°C","962.000","hPa","0.861","-0.02617","0.00035","0","0","13.56","Humid","35.35","0","78.50","280138.98","SABD0002000014","AAV2.0.0.13","3.0.3.1703","PSt7-10","180509-002","9/13/2019 10:46:52 AM","0000-00","0","no battery","V"
"06/11/2023","11:57:21","9","default","547630319","OXY_CH9","61.392","min","199.472","μmol/L","Humid","21.153","deg","116474","µV","26.750","°C","1016.000","hPa","35.9","pmil","0","55.690","deg","20.000","°C","100.000","%a.s.","22.400","deg","20.000","°C","962.000","hPa","0.861","-0.02617","0.00035","0","0","13.56","Humid","35.35","0","78.50","280152.78","SABD0002000014","AAV2.0.0.13","3.0.3.1703","PSt7-10","180509-002","9/13/2019 10:46:52 AM","0000-00","0","no battery","V"
"06/11/2023","11:57:22","9","default","547630319","OXY_CH9","61.408","min","199.507","μmol/L","Humid","21.151","deg","116445","µV","26.750","°C","1016.000","hPa","35.9","pmil","0","55.690","deg","20.000","°C","100.000","%a.s.","22.400","deg","20.000","°C","962.000","hPa","0.861","-0.02617","0.00035","0","0","13.56","Humid","35.35","0","78.50","280129.97","SABD0002000014","AAV2.0.0.13","3.0.3.1703","PSt7-10","180509-002","9/13/2019 10:46:52 AM","0000-00","0","no battery","V"
"06/11/2023","11:57:23","9","default","547630319","OXY_CH9","61.425","min","199.578","μmol/L","Humid","21.147","deg","116458","µV","26.750","°C","1016.000","hPa","35.9","pmil","0","55.690","deg","20.000","°C","100.000","%a.s.","22.400","deg","20.000","°C","962.000","hPa","0.861","-0.02617","0.00035","0","0","13.56","Humid","35.35","0","78.50","280151.09","SABD0002000014","AAV2.0.0.13","3.0.3.1703","PSt7-10","180509-002","9/13/2019 10:46:52 AM","0000-00","0","no battery","V"
"06/11/2023","11:57:24","9","default","547630319","OXY_CH9","61.442","min","199.471","μmol/L","Humid","21.151","deg","116442","µV","26.756","°C","1016.000","hPa","35.9","pmil","0","55.690","deg","20.000","°C","100.000","%a.s.","22.400","deg","20.000","°C","962.000","hPa","0.861","-0.02617","0.00035","0","0","13.56","Humid","35.35","0","78.50","280153.38","SABD0002000014","AAV2.0.0.13","3.0.3.1703","PSt7-10","180509-002","9/13/2019 10:46:52 AM","0000-00","0","no battery","V"
"06/11/2023","11:57:25","9","default","547630319","OXY_CH9","61.458","min","199.578","μmol/L","Humid","21.147","deg","116435","µV","26.750","°C","1016.000","hPa","35.9","pmil","0","55.690","deg","20.000","°C","100.000","%a.s.","22.400","deg","20.000","°C","962.000","hPa","0.861","-0.02617","0.00035","0","0","13.56","Humid","35.35","0","78.50","280155.52","SABD0002000014","AAV2.0.0.13","3.0.3.1703","PSt7-10","180509-002","9/13/2019 10:46:52 AM","0000-00","0","no battery","V"
"06/11/2023","11:57:26","9","default","547630319","OXY_CH9","61.475","min","199.541","μmol/L","Humid","21.147","deg","116432","µV","26.756","°C","1016.000","hPa","35.9","pmil","0","55.690","deg","20.000","°C","100.000","%a.s.","22.400","deg","20.000","°C","962.000","hPa","0.861","-0.02617","0.00035","0","0","13.56","Humid","35.35","0","78.50","280152.29","SABD0002000014","AAV2.0.0.13","3.0.3.1703","PSt7-10","180509-002","9/13/2019 10:46:52 AM","0000-00","0","no battery","V"
"06/11/2023","11:57:27","9","default","547630319","OXY_CH9","61.492","min","199.541","μmol/L","Humid","21.147","deg","116416","µV","26.756","°C","1016.000","hPa","35.9","pmil","0","55.690","deg","20.000","°C","100.000","%a.s.","22.400","deg","20.000","°C","962.000","hPa","0.861","-0.02617","0.00035","0","0","13.56","Humid","35.35","0","78.50","280141.37","SABD0002000014","AAV2.0.0.13","3.0.3.1703","PSt7-10","180509-002","9/13/2019 10:46:52 AM","0000-00","0","no battery","V"
"06/11/2023","11:57:28","9","default","547630319","OXY_CH9","61.508","min","199.542","μmol/L","Humid","21.149","deg","116412","µV","26.750","°C","1016.000","hPa","35.9","pmil","0","55.690","deg","20.000","°C","100.000","%a.s.","22.400","deg","20.000","°C","962.000","hPa","0.861","-0.02617","0.00035","0","0","13.56","Humid","35.35","0","78.50","280148.57","SABD0002000014","AAV2.0.0.13","3.0.3.1703","PSt7-10","180509-002","9/13/2019 10:46:52 AM","0000-00","0","no battery","V"
"06/11/2023","11:57:29","9","default","547630319","OXY_CH9","61.525","min","199.594","μmol/L","Humid","21.144","deg","116405","µV","26.756","°C","1016.000","hPa","35.9","pmil","0","55.690","deg","20.000","°C","100.000","%a.s.","22.400","deg","20.000","°C","962.000","hPa","0.861","-0.02617","0.00035","0","0","13.56","Humid","35.35","0","78.50","280150.98","SABD0002000014","AAV2.0.0.13","3.0.3.1703","PSt7-10","180509-002","9/13/2019 10:46:52 AM","0000-00","0","no battery","V"
"06/11/2023","11:57:30","9","default","547630319","OXY_CH9","61.542","min","199.613","μmol/L","Humid","21.145","deg","116403","µV","26.750","°C","1016.000","hPa","35.9","pmil","0","55.690","deg","20.000","°C","100.000","%a.s.","22.400","deg","20.000","°C","962.000","hPa","0.861","-0.02617","0.00035","0","0","13.56","Humid","35.35","0","78.50","280146.08","SABD0002000014","AAV2.0.0.13","3.0.3.1703","PSt7-10","180509-002","9/13/2019 10:46:52 AM","0000-00","0","no battery","V"
"06/11/2023","11:57:31","9","default","547630319","OXY_CH9","61.558","min","199.666","μmol/L","Humid","21.142","deg","116389","µV","26.750","°C","1016.000","hPa","35.9","pmil","0","55.690","deg","20.000","°C","100.000","%a.s.","22.400","deg","20.000","°C","962.000","hPa","0.861","-0.02617","0.00035","0","0","13.56","Humid","35.35","0","78.50","280152.03","SABD0002000014","AAV2.0.0.13","3.0.3.1703","PSt7-10","180509-002","9/13/2019 10:46:52 AM","0000-00","0","no battery","V"
"06/11/2023","11:57:32","9","default","547630319","OXY_CH9","61.575","min","199.647","μmol/L","Humid","21.141","deg","116380","µV","26.756","°C","1016.000","hPa","35.9","pmil","0","55.690","deg","20.000","°C","100.000","%a.s.","22.400","deg","20.000","°C","962.000","hPa","0.861","-0.02617","0.00035","0","0","13.56","Humid","35.35","0","78.50","280150.30","SABD0002000014","AAV2.0.0.13","3.0.3.1703","PSt7-10","180509-002","9/13/2019 10:46:52 AM","0000-00","0","no battery","V"
"06/11/2023","11:57:33","9","default","547630319","OXY_CH9","61.592","min","199.700","μmol/L","Humid","21.138","deg","116378","µV","26.756","°C","1016.000","hPa","35.9","pmil","0","55.690","deg","20.000","°C","100.000","%a.s.","22.400","deg","20.000","°C","962.000","hPa","0.861","-0.02617","0.00035","0","0","13.56","Humid","35.35","0","78.50","280146.05","SABD0002000014","AAV2.0.0.13","3.0.3.1703","PSt7-10","180509-002","9/13/2019 10:46:52 AM","0000-00","0","no battery","V"
"06/11/2023","11:57:34","9","default","547630319","OXY_CH9","61.608","min","199.754","μmol/L","Humid","21.137","deg","116365","µV","26.750","°C","1016.000","hPa","35.9","pmil","0","55.690","deg","20.000","°C","100.000","%a.s.","22.400","deg","20.000","°C","962.000","hPa","0.861","-0.02617","0.00035","0","0","13.56","Humid","35.35","0","78.50","280131.70","SABD0002000014","AAV2.0.0.13","3.0.3.1703","PSt7-10","180509-002","9/13/2019 10:46:52 AM","0000-00","0","no battery","V"
"06/11/2023","11:57:35","9","default","547630319","OXY_CH9","61.625","min","199.718","μmol/L","Humid","21.137","deg","116366","µV","26.756","°C","1016.000","hPa","35.9","pmil","0","55.690","deg","20.000","°C","100.000","%a.s.","22.400","deg","20.000","°C","962.000","hPa","0.861","-0.02617","0.00035","0","0","13.56","Humid","35.35","0","78.50","280143.66","SABD0002000014","AAV2.0.0.13","3.0.3.1703","PSt7-10","180509-002","9/13/2019 10:46:52 AM","0000-00","0","no battery","V"
"06/11/2023","11:57:36","9","default","547630319","OXY_CH9","61.642","min","199.789","μmol/L","Humid","21.135","deg","116355","µV","26.750","°C","1016.000","hPa","35.9","pmil","0","55.690","deg","20.000","°C","100.000","%a.s.","22.400","deg","20.000","°C","962.000","hPa","0.861","-0.02617","0.00035","0","0","13.56","Humid","35.35","0","78.50","280138.25","SABD0002000014","AAV2.0.0.13","3.0.3.1703","PSt7-10","180509-002","9/13/2019 10:46:52 AM","0000-00","0","no battery","V"
"06/11/2023","11:57:37","9","default","547630319","OXY_CH9","61.658","min","199.700","μmol/L","Humid","21.138","deg","116347","µV","26.756","°C","1016.000","hPa","35.9","pmil","0","55.690","deg","20.000","°C","100.000","%a.s.","22.400","deg","20.000","°C","962.000","hPa","0.861","-0.02617","0.00035","0","0","13.56","Humid","35.35","0","78.50","280134.68","SABD0002000014","AAV2.0.0.13","3.0.3.1703","PSt7-10","180509-002","9/13/2019 10:46:52 AM","0000-00","0","no battery","V"
"06/11/2023","11:57:38","9","default","547630319","OXY_CH9","61.675","min","199.878","μmol/L","Humid","21.132","deg","116339","µV","26.744","°C","1016.000","hPa","35.9","pmil","0","55.690","deg","20.000","°C","100.000","%a.s.","22.400","deg","20.000","°C","962.000","hPa","0.861","-0.02617","0.00035","0","0","13.56","Humid","35.35","0","78.50","280151.72","SABD0002000014","AAV2.0.0.13","3.0.3.1703","PSt7-10","180509-002","9/13/2019 10:46:52 AM","0000-00","0","no battery","V"
"06/11/2023","11:57:39","9","default","547630319","OXY_CH9","61.692","min","199.771","μmol/L","Humid","21.134","deg","116335","µV","26.756","°C","1016.000","hPa","35.9","pmil","0","55.690","deg","20.000","°C","100.000","%a.s.","22.400","deg","20.000","°C","962.000","hPa","0.861","-0.02617","0.00035","0","0","13.56","Humid","35.35","0","78.50","280145.47","SABD0002000014","AAV2.0.0.13","3.0.3.1703","PSt7-10","180509-002","9/13/2019 10:46:52 AM","0000-00","0","no battery","V"
"06/11/2023","11:57:40","9","default","547630319","OXY_CH9","61.708","min","199.841","μmol/L","Humid","21.130","deg","116332","µV","26.756","°C","1016.000","hPa","35.9","pmil","0","55.690","deg","20.000","°C","100.000","%a.s.","22.400","deg","20.000","°C","962.000","hPa","0.861","-0.02617","0.00035","0","0","13.56","Humid","35.35","0","78.50","280134.82","SABD0002000014","AAV2.0.0.13","3.0.3.1703","PSt7-10","180509-002","9/13/2019 10:46:52 AM","0000-00","0","no battery","V"
"06/11/2023","11:57:41","9","default","547630319","OXY_CH9","61.725","min","199.877","μmol/L","Humid","21.130","deg","116319","µV","26.750","°C","1016.000","hPa","35.9","pmil","0","55.690","deg","20.000","°C","100.000","%a.s.","22.400","deg","20.000","°C","962.000","hPa","0.861","-0.02617","0.00035","0","0","13.56","Humid","35.35","0","78.50","280132.80","SABD0002000014","AAV2.0.0.13","3.0.3.1703","PSt7-10","180509-002","9/13/2019 10:46:52 AM","0000-00","0","no battery","V"
"06/11/2023","11:57:42","9","default","547630319","OXY_CH9","61.742","min","199.894","μmol/L","Humid","21.127","deg","116315","µV","26.756","°C","1016.000","hPa","35.9","pmil","0","55.690","deg","20.000","°C","100.000","%a.s.","22.400","deg","20.000","°C","962.000","hPa","0.861","-0.02617","0.00035","0","0","13.56","Humid","35.35","0","78.50","280125.28","SABD0002000014","AAV2.0.0.13","3.0.3.1703","PSt7-10","180509-002","9/13/2019 10:46:52 AM","0000-00","0","no battery","V"
"06/11/2023","11:57:43","9","default","547630319","OXY_CH9","61.758","min","199.894","μmol/L","Humid","21.127","deg","116304","µV","26.756","°C","1016.000","hPa","35.9","pmil","0","55.690","deg","20.000","°C","100.000","%a.s.","22.400","deg","20.000","°C","962.000","hPa","0.861","-0.02617","0.00035","0","0","13.56","Humid","35.35","0","78.50","280137.44","SABD0002000014","AAV2.0.0.13","3.0.3.1703","PSt7-10","180509-002","9/13/2019 10:46:52 AM","0000-00","0","no battery","V"
"06/11/2023","11:57:44","9","default","547630319","OXY_CH9","61.775","min","199.966","μmol/L","Humid","21.125","deg","116296","µV","26.750","°C","1016.000","hPa","35.9","pmil","0","55.690","deg","20.000","°C","100.000","%a.s.","22.400","deg","20.000","°C","962.000","hPa","0.861","-0.02617","0.00035","0","0","13.56","Humid","35.35","0","78.50","280128.78","SABD0002000014","AAV2.0.0.13","3.0.3.1703","PSt7-10","180509-002","9/13/2019 10:46:52 AM","0000-00","0","no battery","V"
"06/11/2023","11:57:45","9","default","547630319","OXY_CH9","61.792","min","199.948","μmol/L","Humid","21.126","deg","116285","µV","26.750","°C","1016.000","hPa","35.9","pmil","0","55.690","deg","20.000","°C","100.000","%a.s.","22.400","deg","20.000","°C","962.000","hPa","0.861","-0.02617","0.00035","0","0","13.56","Humid","35.35","0","78.50","280143.51","SABD0002000014","AAV2.0.0.13","3.0.3.1703","PSt7-10","180509-002","9/13/2019 10:46:52 AM","0000-00","0","no battery","V"
"06/11/2023","11:57:46","9","default","547630319","OXY_CH9","61.808","min","199.965","μmol/L","Humid","21.123","deg","116286","µV","26.756","°C","1016.000","hPa","35.9","pmil","0","55.690","deg","20.000","°C","100.000","%a.s.","22.400","deg","20.000","°C","962.000","hPa","0.861","-0.02617","0.00035","0","0","13.56","Humid","35.35","0","78.50","280141.89","SABD0002000014","AAV2.0.0.13","3.0.3.1703","PSt7-10","180509-002","9/13/2019 10:46:52 AM","0000-00","0","no battery","V"
"06/11/2023","11:57:47","9","default","547630319","OXY_CH9","61.825","min","199.947","μmol/L","Humid","21.124","deg","116280","µV","26.756","°C","1016.000","hPa","35.9","pmil","0","55.690","deg","20.000","°C","100.000","%a.s.","22.400","deg","20.000","°C","962.000","hPa","0.861","-0.02617","0.00035","0","0","13.56","Humid","35.35","0","78.50","280137.72","SABD0002000014","AAV2.0.0.13","3.0.3.1703","PSt7-10","180509-002","9/13/2019 10:46:52 AM","0000-00","0","no battery","V"
"06/11/2023","11:57:48","9","default","547630319","OXY_CH9","61.842","min","200.054","μmol/L","Humid","21.120","deg","116268","µV","26.750","°C","1016.000","hPa","35.9","pmil","0","55.690","deg","20.000","°C","100.000","%a.s.","22.400","deg","20.000","°C","962.000","hPa","0.861","-0.02617","0.00035","0","0","13.56","Humid","35.35","0","78.50","280142.05","SABD0002000014","AAV2.0.0.13","3.0.3.1703","PSt7-10","180509-002","9/13/2019 10:46:52 AM","0000-00","0","no battery","V"
"06/11/2023","11:57:49","9","default","547630319","OXY_CH9","61.858","min","199.966","μmol/L","Humid","21.125","deg","116263","µV","26.750","°C","1016.000","hPa","35.9","pmil","0","55.690","deg","20.000","°C","100.000","%a.s.","22.400","deg","20.000","°C","962.000","hPa","0.861","-0.02617","0.00035","0","0","13.56","Humid","35.35","0","78.50","280129.43","SABD0002000014","AAV2.0.0.13","3.0.3.1703","PSt7-10","180509-002","9/13/2019 10:46:52 AM","0000-00","0","no battery","V"
"06/11/2023","11:57:50","9","default","547630319","OXY_CH9","61.875","min","200.018","μmol/L","Humid","21.120","deg","116261","µV","26.756","°C","1016.000","hPa","35.9","pmil","0","55.690","deg","20.000","°C","100.000","%a.s.","22.400","deg","20.000","°C","962.000","hPa","0.861","-0.02617","0.00035","0","0","13.56","Humid","35.35","0","78.50","280141.29","SABD0002000014","AAV2.0.0.13","3.0.3.1703","PSt7-10","180509-002","9/13/2019 10:46:52 AM","0000-00","0","no battery","V"
"06/11/2023","11:57:51","9","default","547630319","OXY_CH9","61.891","min","200.054","μmol/L","Humid","21.120","deg","116248","µV","26.750","°C","1016.000","hPa","35.9","pmil","0","55.690","deg","20.000","°C","100.000","%a.s.","22.400","deg","20.000","°C","962.000","hPa","0.861","-0.02617","0.00035","0","0","13.56","Humid","35.35","0","78.50","280128.65","SABD0002000014","AAV2.0.0.13","3.0.3.1703","PSt7-10","180509-002","9/13/2019 10:46:52 AM","0000-00","0","no battery","V"
"06/11/2023","11:57:52","9","default","547630319","OXY_CH9","61.908","min","200.001","μmol/L","Humid","21.123","deg","116247","µV","26.750","°C","1016.000","hPa","35.9","pmil","0","55.690","deg","20.000","°C","100.000","%a.s.","22.400","deg","20.000","°C","962.000","hPa","0.861","-0.02617","0.00035","0","0","13.56","Humid","35.35","0","78.50","280125.26","SABD0002000014","AAV2.0.0.13","3.0.3.1703","PSt7-10","180509-002","9/13/2019 10:46:52 AM","0000-00","0","no battery","V"
"06/11/2023","11:57:53","9","default","547630319","OXY_CH9","61.924","min","200.107","μmol/L","Humid","21.117","deg","116243","µV","26.750","°C","1016.000","hPa","35.9","pmil","0","55.690","deg","20.000","°C","100.000","%a.s.","22.400","deg","20.000","°C","962.000","hPa","0.861","-0.02617","0.00035","0","0","13.56","Humid","35.35","0","78.50","280119.95","SABD0002000014","AAV2.0.0.13","3.0.3.1703","PSt7-10","180509-002","9/13/2019 10:46:52 AM","0000-00","0","no battery","V"
"06/11/2023","11:57:54","9","default","547630319","OXY_CH9","61.941","min","200.142","μmol/L","Humid","21.115","deg","116230","µV","26.750","°C","1016.000","hPa","35.9","pmil","0","55.690","deg","20.000","°C","100.000","%a.s.","22.400","deg","20.000","°C","962.000","hPa","0.861","-0.02617","0.00035","0","0","13.56","Humid","35.35","0","78.50","280134.58","SABD0002000014","AAV2.0.0.13","3.0.3.1703","PSt7-10","180509-002","9/13/2019 10:46:52 AM","0000-00","0","no battery","V"
"06/11/2023","11:57:55","9","default","547630319","OXY_CH9","61.958","min","200.088","μmol/L","Humid","21.116","deg","116229","µV","26.756","°C","1016.000","hPa","35.9","pmil","0","55.690","deg","20.000","°C","100.000","%a.s.","22.400","deg","20.000","°C","962.000","hPa","0.861","-0.02617","0.00035","0","0","13.56","Humid","35.35","0","78.50","280131.35","SABD0002000014","AAV2.0.0.13","3.0.3.1703","PSt7-10","180509-002","9/13/2019 10:46:52 AM","0000-00","0","no battery","V"
"06/11/2023","11:57:56","9","default","547630319","OXY_CH9","61.975","min","200.160","μmol/L","Humid","21.114","deg","116212","µV","26.750","°C","1016.000","hPa","35.9","pmil","0","55.690","deg","20.000","°C","100.000","%a.s.","22.400","deg","20.000","°C","962.000","hPa","0.861","-0.02617","0.00035","0","0","13.56","Humid","35.35","0","78.50","280129.29","SABD0002000014","AAV2.0.0.13","3.0.3.1703","PSt7-10","180509-002","9/13/2019 10:46:52 AM","0000-00","0","no battery","V"
"06/11/2023","11:57:57","9","default","547630319","OXY_CH9","61.992","min","200.159","μmol/L","Humid","21.112","deg","116203","µV","26.756","°C","1016.000","hPa","35.9","pmil","0","55.690","deg","20.000","°C","100.000","%a.s.","22.400","deg","20.000","°C","962.000","hPa","0.861","-0.02617","0.00035","0","0","13.56","Humid","35.35","0","78.50","280124.18","SABD0002000014","AAV2.0.0.13","3.0.3.1703","PSt7-10","180509-002","9/13/2019 10:46:52 AM","0000-00","0","no battery","V"
"06/11/2023","11:57:58","9","default","547630319","OXY_CH9","62.009","min","200.177","μmol/L","Humid","21.111","deg","116201","µV","26.756","°C","1016.000","hPa","35.9","pmil","0","55.690","deg","20.000","°C","100.000","%a.s.","22.400","deg","20.000","°C","962.000","hPa","0.861","-0.02617","0.00035","0","0","13.56","Humid","35.35","0","78.50","280135.07","SABD0002000014","AAV2.0.0.13","3.0.3.1703","PSt7-10","180509-002","9/13/2019 10:46:52 AM","0000-00","0","no battery","V"
"06/11/2023","11:57:59","9","default","547630319","OXY_CH9","62.025","min","200.141","μmol/L","Humid","21.113","deg","116199","µV","26.756","°C","1016.000","hPa","35.9","pmil","0","55.690","deg","20.000","°C","100.000","%a.s.","22.400","deg","20.000","°C","962.000","hPa","0.861","-0.02617","0.00035","0","0","13.56","Humid","35.35","0","78.50","280131.76","SABD0002000014","AAV2.0.0.13","3.0.3.1703","PSt7-10","180509-002","9/13/2019 10:46:52 AM","0000-00","0","no battery","V"
"06/11/2023","11:58:00","9","default","547630319","OXY_CH9","62.042","min","200.302","μmol/L","Humid","21.108","deg","116200","µV","26.744","°C","1016.000","hPa","35.9","pmil","0","55.690","deg","20.000","°C","100.000","%a.s.","22.400","deg","20.000","°C","962.000","hPa","0.861","-0.02617","0.00035","0","0","13.56","Humid","35.35","0","78.50","280144.25","SABD0002000014","AAV2.0.0.13","3.0.3.1703","PSt7-10","180509-002","9/13/2019 10:46:52 AM","0000-00","0","no battery","V"
"06/11/2023","11:58:01","9","default","547630319","OXY_CH9","62.058","min","200.211","μmol/L","Humid","21.107","deg","116179","µV","26.763","°C","1016.000","hPa","35.9","pmil","0","55.690","deg","20.000","°C","100.000","%a.s.","22.400","deg","20.000","°C","962.000","hPa","0.861","-0.02617","0.00035","0","0","13.56","Humid","35.35","0","78.50","280132.25","SABD0002000014","AAV2.0.0.13","3.0.3.1703","PSt7-10","180509-002","9/13/2019 10:46:52 AM","0000-00","0","no battery","V"
"06/11/2023","11:58:02","9","default","547630319","OXY_CH9","62.075","min","200.248","μmol/L","Humid","21.109","deg","116179","µV","26.750","°C","1016.000","hPa","35.9","pmil","0","55.690","deg","20.000","°C","100.000","%a.s.","22.400","deg","20.000","°C","962.000","hPa","0.861","-0.02617","0.00035","0","0","13.56","Humid","35.35","0","78.50","280132.70","SABD0002000014","AAV2.0.0.13","3.0.3.1703","PSt7-10","180509-002","9/13/2019 10:46:52 AM","0000-00","0","no battery","V"
"06/11/2023","11:58:03","9","default","547630319","OXY_CH9","62.092","min","200.176","μmol/L","Humid","21.109","deg","116169","µV","26.763","°C","1016.000","hPa","35.9","pmil","0","55.690","deg","20.000","°C","100.000","%a.s.","22.400","deg","20.000","°C","962.000","hPa","0.861","-0.02617","0.00035","0","0","13.56","Humid","35.35","0","78.50","280127.04","SABD0002000014","AAV2.0.0.13","3.0.3.1703","PSt7-10","180509-002","9/13/2019 10:46:52 AM","0000-00","0","no battery","V"
"06/11/2023","11:58:04","9","default","547630319","OXY_CH9","62.108","min","200.230","μmol/L","Humid","21.108","deg","116163","µV","26.756","°C","1016.000","hPa","35.9","pmil","0","55.690","deg","20.000","°C","100.000","%a.s.","22.400","deg","20.000","°C","962.000","hPa","0.861","-0.02617","0.00035","0","0","13.56","Humid","35.35","0","78.50","280120.66","SABD0002000014","AAV2.0.0.13","3.0.3.1703","PSt7-10","180509-002","9/13/2019 10:46:52 AM","0000-00","0","no battery","V"
"06/11/2023","11:58:05","9","default","547630319","OXY_CH9","62.125","min","200.264","μmol/L","Humid","21.104","deg","116156","µV","26.763","°C","1016.000","hPa","35.9","pmil","0","55.690","deg","20.000","°C","100.000","%a.s.","22.400","deg","20.000","°C","962.000","hPa","0.861","-0.02617","0.00035","0","0","13.56","Humid","35.35","0","78.50","280128.36","SABD0002000014","AAV2.0.0.13","3.0.3.1703","PSt7-10","180509-002","9/13/2019 10:46:52 AM","0000-00","0","no battery","V"
"06/11/2023","11:58:06","9","default","547630319","OXY_CH9","62.141","min","200.390","μmol/L","Humid","21.101","deg","116144","µV","26.750","°C","1016.000","hPa","35.9","pmil","0","55.690","deg","20.000","°C","100.000","%a.s.","22.400","deg","20.000","°C","962.000","hPa","0.861","-0.02617","0.00035","0","0","13.56","Humid","35.35","0","78.50","280126.77","SABD0002000014","AAV2.0.0.13","3.0.3.1703","PSt7-10","180509-002","9/13/2019 10:46:52 AM","0000-00","0","no battery","V"
"06/11/2023","11:58:07","9","default","547630319","OXY_CH9","62.158","min","200.407","μmol/L","Humid","21.098","deg","116138","µV","26.756","°C","1016.000","hPa","35.9","pmil","0","55.690","deg","20.000","°C","100.000","%a.s.","22.400","deg","20.000","°C","962.000","hPa","0.861","-0.02617","0.00035","0","0","13.56","Humid","35.35","0","78.50","280127.96","SABD0002000014","AAV2.0.0.13","3.0.3.1703","PSt7-10","180509-002","9/13/2019 10:46:52 AM","0000-00","0","no battery","V"
"06/11/2023","11:58:08","9","default","547630319","OXY_CH9","62.175","min","200.371","μmol/L","Humid","21.100","deg","116129","µV","26.756","°C","1016.000","hPa","35.9","pmil","0","55.690","deg","20.000","°C","100.000","%a.s.","22.400","deg","20.000","°C","962.000","hPa","0.861","-0.02617","0.00035","0","0","13.56","Humid","35.35","0","78.50","280139.38","SABD0002000014","AAV2.0.0.13","3.0.3.1703","PSt7-10","180509-002","9/13/2019 10:46:52 AM","0000-00","0","no battery","V"
"06/11/2023","11:58:09","9","default","547630319","OXY_CH9","62.191","min","200.408","μmol/L","Humid","21.100","deg","116117","µV","26.750","°C","1016.000","hPa","35.9","pmil","0","55.690","deg","20.000","°C","100.000","%a.s.","22.400","deg","20.000","°C","962.000","hPa","0.861","-0.02617","0.00035","0","0","13.56","Humid","35.35","0","78.50","280127.57","SABD0002000014","AAV2.0.0.13","3.0.3.1703","PSt7-10","180509-002","9/13/2019 10:46:52 AM","0000-00","0","no battery","V"
"06/11/2023","11:58:10","9","default","547630319","OXY_CH9","62.208","min","200.389","μmol/L","Humid","21.099","deg","116112","µV","26.756","°C","1016.000","hPa","35.9","pmil","0","55.690","deg","20.000","°C","100.000","%a.s.","22.400","deg","20.000","°C","962.000","hPa","0.861","-0.02617","0.00035","0","0","13.56","Humid","35.35","0","78.50","280132.31","SABD0002000014","AAV2.0.0.13","3.0.3.1703","PSt7-10","180509-002","9/13/2019 10:46:52 AM","0000-00","0","no battery","V"
"06/11/2023","11:58:11","9","default","547630319","OXY_CH9","62.225","min","200.389","μmol/L","Humid","21.099","deg","116115","µV","26.756","°C","1016.000","hPa","35.9","pmil","0","55.690","deg","20.000","°C","100.000","%a.s.","22.400","deg","20.000","°C","962.000","hPa","0.861","-0.02617","0.00035","0","0","13.56","Humid","35.35","0","78.50","280146.47","SABD0002000014","AAV2.0.0.13","3.0.3.1703","PSt7-10","180509-002","9/13/2019 10:46:52 AM","0000-00","0","no battery","V"
"06/11/2023","11:58:12","9","default","547630319","OXY_CH9","62.241","min","200.532","μmol/L","Humid","21.093","deg","116096","µV","26.750","°C","1016.000","hPa","35.9","pmil","0","55.690","deg","20.000","°C","100.000","%a.s.","22.400","deg","20.000","°C","962.000","hPa","0.861","-0.02617","0.00035","0","0","13.56","Humid","35.35","0","78.50","280121.38","SABD0002000014","AAV2.0.0.13","3.0.3.1703","PSt7-10","180509-002","9/13/2019 10:46:52 AM","0000-00","0","no battery","V"
"06/11/2023","11:58:13","9","default","547630319","OXY_CH9","62.258","min","200.370","μmol/L","Humid","21.098","deg","116098","µV","26.763","°C","1016.000","hPa","35.9","pmil","0","55.690","deg","20.000","°C","100.000","%a.s.","22.400","deg","20.000","°C","962.000","hPa","0.861","-0.02617","0.00035","0","0","13.56","Humid","35.35","0","78.50","280128.11","SABD0002000014","AAV2.0.0.13","3.0.3.1703","PSt7-10","180509-002","9/13/2019 10:46:52 AM","0000-00","0","no battery","V"
"06/11/2023","11:58:14","9","default","547630319","OXY_CH9","62.275","min","200.478","μmol/L","Humid","21.096","deg","116076","µV","26.750","°C","1016.000","hPa","35.9","pmil","0","55.690","deg","20.000","°C","100.000","%a.s.","22.400","deg","20.000","°C","962.000","hPa","0.861","-0.02617","0.00035","0","0","13.56","Humid","35.35","0","78.50","280121.73","SABD0002000014","AAV2.0.0.13","3.0.3.1703","PSt7-10","180509-002","9/13/2019 10:46:52 AM","0000-00","0","no battery","V"
"06/11/2023","11:58:15","9","default","547630319","OXY_CH9","62.291","min","200.423","μmol/L","Humid","21.095","deg","116069","µV","26.763","°C","1016.000","hPa","35.9","pmil","0","55.690","deg","20.000","°C","100.000","%a.s.","22.400","deg","20.000","°C","962.000","hPa","0.861","-0.02617","0.00035","0","0","13.56","Humid","35.35","0","78.50","280121.30","SABD0002000014","AAV2.0.0.13","3.0.3.1703","PSt7-10","180509-002","9/13/2019 10:46:52 AM","0000-00","0","no battery","V"
"06/11/2023","11:58:16","9","default","547630319","OXY_CH9","62.308","min","200.531","μmol/L","Humid","21.091","deg","116076","µV","26.756","°C","1016.000","hPa","35.9","pmil","0","55.690","deg","20.000","°C","100.000","%a.s.","22.400","deg","20.000","°C","962.000","hPa","0.861","-0.02617","0.00035","0","0","13.56","Humid","35.35","0","78.50","280136.36","SABD0002000014","AAV2.0.0.13","3.0.3.1703","PSt7-10","180509-002","9/13/2019 10:46:52 AM","0000-00","0","no battery","V"
"06/11/2023","11:58:17","9","default","547630319","OXY_CH9","62.325","min","200.531","μmol/L","Humid","21.091","deg","116068","µV","26.756","°C","1016.000","hPa","35.9","pmil","0","55.690","deg","20.000","°C","100.000","%a.s.","22.400","deg","20.000","°C","962.000","hPa","0.861","-0.02617","0.00035","0","0","13.56","Humid","35.35","0","78.50","280133.03","SABD0002000014","AAV2.0.0.13","3.0.3.1703","PSt7-10","180509-002","9/13/2019 10:46:52 AM","0000-00","0","no battery","V"
"06/11/2023","11:58:18","9","default","547630319","OXY_CH9","62.341","min","200.495","μmol/L","Humid","21.093","deg","116059","µV","26.756","°C","1016.000","hPa","35.9","pmil","0","55.690","deg","20.000","°C","100.000","%a.s.","22.400","deg","20.000","°C","962.000","hPa","0.861","-0.02617","0.00035","0","0","13.56","Humid","35.35","0","78.50","280130.43","SABD0002000014","AAV2.0.0.13","3.0.3.1703","PSt7-10","180509-002","9/13/2019 10:46:52 AM","0000-00","0","no battery","V"
"06/11/2023","11:58:19","9","default","547630319","OXY_CH9","62.358","min","200.585","μmol/L","Humid","21.090","deg","116062","µV","26.750","°C","1016.000","hPa","35.9","pmil","0","55.690","deg","20.000","°C","100.000","%a.s.","22.400","deg","20.000","°C","962.000","hPa","0.861","-0.02617","0.00035","0","0","13.56","Humid","35.35","0","78.50","280126.65","SABD0002000014","AAV2.0.0.13","3.0.3.1703","PSt7-10","180509-002","9/13/2019 10:46:52 AM","0000-00","0","no battery","V"
"06/11/2023","11:58:20","9","default","547630319","OXY_CH9","62.375","min","200.620","μmol/L","Humid","21.088","deg","116045","µV","26.750","°C","1016.000","hPa","35.9","pmil","0","55.690","deg","20.000","°C","100.000","%a.s.","22.400","deg","20.000","°C","962.000","hPa","0.861","-0.02617","0.00035","0","0","13.56","Humid","35.35","0","78.50","280130.43","SABD0002000014","AAV2.0.0.13","3.0.3.1703","PSt7-10","180509-002","9/13/2019 10:46:52 AM","0000-00","0","no battery","V"
"06/11/2023","11:58:21","9","default","547630319","OXY_CH9","62.391","min","200.638","μmol/L","Humid","21.087","deg","116030","µV","26.750","°C","1016.000","hPa","35.9","pmil","0","55.690","deg","20.000","°C","100.000","%a.s.","22.400","deg","20.000","°C","962.000","hPa","0.861","-0.02617","0.00035","0","0","13.56","Humid","35.35","0","78.50","280118.12","SABD0002000014","AAV2.0.0.13","3.0.3.1703","PSt7-10","180509-002","9/13/2019 10:46:52 AM","0000-00","0","no battery","V"
"06/11/2023","11:58:22","9","default","547630319","OXY_CH9","62.408","min","200.673","μmol/L","Humid","21.085","deg","116027","µV","26.750","°C","1016.000","hPa","35.9","pmil","0","55.690","deg","20.000","°C","100.000","%a.s.","22.400","deg","20.000","°C","962.000","hPa","0.861","-0.02617","0.00035","0","0","13.56","Humid","35.35","0","78.50","280128.21","SABD0002000014","AAV2.0.0.13","3.0.3.1703","PSt7-10","180509-002","9/13/2019 10:46:52 AM","0000-00","0","no battery","V"
"06/11/2023","11:58:23","9","default","547630319","OXY_CH9","62.425","min","200.781","μmol/L","Humid","21.081","deg","116017","µV","26.744","°C","1016.000","hPa","35.9","pmil","0","55.690","deg","20.000","°C","100.000","%a.s.","22.400","deg","20.000","°C","962.000","hPa","0.861","-0.02617","0.00035","0","0","13.56","Humid","35.35","0","78.50","280118.90","SABD0002000014","AAV2.0.0.13","3.0.3.1703","PSt7-10","180509-002","9/13/2019 10:46:52 AM","0000-00","0","no battery","V"
"06/11/2023","11:58:24","9","default","547630319","OXY_CH9","62.441","min","200.655","μmol/L","Humid","21.084","deg","116005","µV","26.756","°C","1016.000","hPa","35.9","pmil","0","55.690","deg","20.000","°C","100.000","%a.s.","22.400","deg","20.000","°C","962.000","hPa","0.861","-0.02617","0.00035","0","0","13.56","Humid","35.35","0","78.50","280125.50","SABD0002000014","AAV2.0.0.13","3.0.3.1703","PSt7-10","180509-002","9/13/2019 10:46:52 AM","0000-00","0","no battery","V"
"06/11/2023","11:58:25","9","default","547630319","OXY_CH9","62.459","min","200.672","μmol/L","Humid","21.083","deg","116004","µV","26.756","°C","1016.000","hPa","35.9","pmil","0","55.690","deg","20.000","°C","100.000","%a.s.","22.400","deg","20.000","°C","962.000","hPa","0.861","-0.02617","0.00035","0","0","13.56","Humid","35.35","0","78.50","280125.28","SABD0002000014","AAV2.0.0.13","3.0.3.1703","PSt7-10","180509-002","9/13/2019 10:46:52 AM","0000-00","0","no battery","V"
"06/11/2023","11:58:26","9","default","547630319","OXY_CH9","62.475","min","200.743","μmol/L","Humid","21.079","deg","115996","µV","26.756","°C","1016.000","hPa","35.9","pmil","0","55.690","deg","20.000","°C","100.000","%a.s.","22.400","deg","20.000","°C","962.000","hPa","0.861","-0.02617","0.00035","0","0","13.56","Humid","35.35","0","78.50","280126.18","SABD0002000014","AAV2.0.0.13","3.0.3.1703","PSt7-10","180509-002","9/13/2019 10:46:52 AM","0000-00","0","no battery","V"
"06/11/2023","11:58:27","9","default","547630319","OXY_CH9","62.492","min","200.780","μmol/L","Humid","21.079","deg","115985","µV","26.750","°C","1016.000","hPa","35.9","pmil","0","55.690","deg","20.000","°C","100.000","%a.s.","22.400","deg","20.000","°C","962.000","hPa","0.861","-0.02617","0.00035","0","0","13.56","Humid","35.35","0","78.50","280124.49","SABD0002000014","AAV2.0.0.13","3.0.3.1703","PSt7-10","180509-002","9/13/2019 10:46:52 AM","0000-00","0","no battery","V"
"06/11/2023","11:58:28","9","default","547630319","OXY_CH9","62.509","min","200.707","μmol/L","Humid","21.079","deg","115985","µV","26.763","°C","1016.000","hPa","35.9","pmil","0","55.690","deg","20.000","°C","100.000","%a.s.","22.400","deg","20.000","°C","962.000","hPa","0.861","-0.02617","0.00035","0","0","13.56","Humid","35.35","0","78.50","280132.15","SABD0002000014","AAV2.0.0.13","3.0.3.1703","PSt7-10","180509-002","9/13/2019 10:46:52 AM","0000-00","0","no battery","V"
"06/11/2023","11:58:29","9","default","547630319","OXY_CH9","62.525","min","200.781","μmol/L","Humid","21.081","deg","115974","µV","26.744","°C","1016.000","hPa","35.9","pmil","0","55.690","deg","20.000","°C","100.000","%a.s.","22.400","deg","20.000","°C","962.000","hPa","0.861","-0.02617","0.00035","0","0","13.56","Humid","35.35","0","78.50","280127.32","SABD0002000014","AAV2.0.0.13","3.0.3.1703","PSt7-10","180509-002","9/13/2019 10:46:52 AM","0000-00","0","no battery","V"
"06/11/2023","11:58:30","9","default","547630319","OXY_CH9","62.542","min","200.760","μmol/L","Humid","21.076","deg","115973","µV","26.763","°C","1016.000","hPa","35.9","pmil","0","55.690","deg","20.000","°C","100.000","%a.s.","22.400","deg","20.000","°C","962.000","hPa","0.861","-0.02617","0.00035","0","0","13.56","Humid","35.35","0","78.50","280130.75","SABD0002000014","AAV2.0.0.13","3.0.3.1703","PSt7-10","180509-002","9/13/2019 10:46:52 AM","0000-00","0","no battery","V"
"06/11/2023","11:58:31","9","default","547630319","OXY_CH9","62.559","min","200.851","μmol/L","Humid","21.075","deg","115956","µV","26.750","°C","1016.000","hPa","35.9","pmil","0","55.690","deg","20.000","°C","100.000","%a.s.","22.400","deg","20.000","°C","962.000","hPa","0.861","-0.02617","0.00035","0","0","13.56","Humid","35.35","0","78.50","280131.10","SABD0002000014","AAV2.0.0.13","3.0.3.1703","PSt7-10","180509-002","9/13/2019 10:46:52 AM","0000-00","0","no battery","V"
"06/11/2023","11:58:32","9","default","547630319","OXY_CH9","62.575","min","200.850","μmol/L","Humid","21.073","deg","115955","µV","26.756","°C","1016.000","hPa","35.9","pmil","0","55.690","deg","20.000","°C","100.000","%a.s.","22.400","deg","20.000","°C","962.000","hPa","0.861","-0.02617","0.00035","0","0","13.56","Humid","35.35","0","78.50","280122.29","SABD0002000014","AAV2.0.0.13","3.0.3.1703","PSt7-10","180509-002","9/13/2019 10:46:52 AM","0000-00","0","no battery","V"
"06/11/2023","11:58:33","9","default","547630319","OXY_CH9","62.592","min","200.797","μmol/L","Humid","21.076","deg","115951","µV","26.756","°C","1016.000","hPa","35.9","pmil","0","55.690","deg","20.000","°C","100.000","%a.s.","22.400","deg","20.000","°C","962.000","hPa","0.861","-0.02617","0.00035","0","0","13.56","Humid","35.35","0","78.50","280129.31","SABD0002000014","AAV2.0.0.13","3.0.3.1703","PSt7-10","180509-002","9/13/2019 10:46:52 AM","0000-00","0","no battery","V"
"06/11/2023","11:58:34","9","default","547630319","OXY_CH9","62.609","min","200.813","μmol/L","Humid","21.073","deg","115939","µV","26.763","°C","1016.000","hPa","35.9","pmil","0","55.690","deg","20.000","°C","100.000","%a.s.","22.400","deg","20.000","°C","962.000","hPa","0.861","-0.02617","0.00035","0","0","13.56","Humid","35.35","0","78.50","280112.58","SABD0002000014","AAV2.0.0.13","3.0.3.1703","PSt7-10","180509-002","9/13/2019 10:46:52 AM","0000-00","0","no battery","V"
"06/11/2023","11:58:35","9","default","547630319","OXY_CH9","62.625","min","200.903","μmol/L","Humid","21.070","deg","115931","µV","26.756","°C","1016.000","hPa","35.9","pmil","0","55.690","deg","20.000","°C","100.000","%a.s.","22.400","deg","20.000","°C","962.000","hPa","0.861","-0.02617","0.00035","0","0","13.56","Humid","35.35","0","78.50","280114.39","SABD0002000014","AAV2.0.0.13","3.0.3.1703","PSt7-10","180509-002","9/13/2019 10:46:52 AM","0000-00","0","no battery","V"
"06/11/2023","11:58:36","9","default","547630319","OXY_CH9","62.642","min","200.921","μmol/L","Humid","21.069","deg","115935","µV","26.756","°C","1016.000","hPa","35.9","pmil","0","55.690","deg","20.000","°C","100.000","%a.s.","22.400","deg","20.000","°C","962.000","hPa","0.861","-0.02617","0.00035","0","0","13.56","Humid","35.35","0","78.50","280127.79","SABD0002000014","AAV2.0.0.13","3.0.3.1703","PSt7-10","180509-002","9/13/2019 10:46:52 AM","0000-00","0","no battery","V"
"06/11/2023","11:58:37","9","default","547630319","OXY_CH9","62.658","min","200.974","μmol/L","Humid","21.066","deg","115918","µV","26.756","°C","1016.000","hPa","35.9","pmil","0","55.690","deg","20.000","°C","100.000","%a.s.","22.400","deg","20.000","°C","962.000","hPa","0.861","-0.02617","0.00035","0","0","13.56","Humid","35.35","0","78.50","280121.34","SABD0002000014","AAV2.0.0.13","3.0.3.1703","PSt7-10","180509-002","9/13/2019 10:46:52 AM","0000-00","0","no battery","V"
"06/11/2023","11:58:38","9","default","547630319","OXY_CH9","62.675","min","200.974","μmol/L","Humid","21.066","deg","115915","µV","26.756","°C","1016.000","hPa","35.9","pmil","0","55.690","deg","20.000","°C","100.000","%a.s.","22.400","deg","20.000","°C","962.000","hPa","0.861","-0.02617","0.00035","0","0","13.56","Humid","35.35","0","78.50","280126.28","SABD0002000014","AAV2.0.0.13","3.0.3.1703","PSt7-10","180509-002","9/13/2019 10:46:52 AM","0000-00","0","no battery","V"
"06/11/2023","11:58:39","9","default","547630319","OXY_CH9","62.692","min","200.956","μmol/L","Humid","21.067","deg","115914","µV","26.756","°C","1016.000","hPa","35.9","pmil","0","55.690","deg","20.000","°C","100.000","%a.s.","22.400","deg","20.000","°C","962.000","hPa","0.861","-0.02617","0.00035","0","0","13.56","Humid","35.35","0","78.50","280129.05","SABD0002000014","AAV2.0.0.13","3.0.3.1703","PSt7-10","180509-002","9/13/2019 10:46:52 AM","0000-00","0","no battery","V"
"06/11/2023","11:58:40","9","default","547630319","OXY_CH9","62.708","min","200.974","μmol/L","Humid","21.066","deg","115899","µV","26.756","°C","1016.000","hPa","35.9","pmil","0","55.690","deg","20.000","°C","100.000","%a.s.","22.400","deg","20.000","°C","962.000","hPa","0.861","-0.02617","0.00035","0","0","13.56","Humid","35.35","0","78.50","280116.27","SABD0002000014","AAV2.0.0.13","3.0.3.1703","PSt7-10","180509-002","9/13/2019 10:46:52 AM","0000-00","0","no battery","V"
"06/11/2023","11:58:41","9","default","547630319","OXY_CH9","62.725","min","200.992","μmol/L","Humid","21.065","deg","115887","µV","26.756","°C","1016.000","hPa","35.9","pmil","0","55.690","deg","20.000","°C","100.000","%a.s.","22.400","deg","20.000","°C","962.000","hPa","0.861","-0.02617","0.00035","0","0","13.56","Humid","35.35","0","78.50","280128.19","SABD0002000014","AAV2.0.0.13","3.0.3.1703","PSt7-10","180509-002","9/13/2019 10:46:52 AM","0000-00","0","no battery","V"
"06/11/2023","11:58:42","9","default","547630319","OXY_CH9","62.742","min","201.028","μmol/L","Humid","21.063","deg","115876","µV","26.756","°C","1016.000","hPa","35.9","pmil","0","55.690","deg","20.000","°C","100.000","%a.s.","22.400","deg","20.000","°C","962.000","hPa","0.861","-0.02617","0.00035","0","0","13.56","Humid","35.35","0","78.50","280115.03","SABD0002000014","AAV2.0.0.13","3.0.3.1703","PSt7-10","180509-002","9/13/2019 10:46:52 AM","0000-00","0","no battery","V"
"06/11/2023","11:58:43","9","default","547630319","OXY_CH9","62.758","min","201.010","μmol/L","Humid","21.064","deg","115879","µV","26.756","°C","1016.000","hPa","35.9","pmil","0","55.690","deg","20.000","°C","100.000","%a.s.","22.400","deg","20.000","°C","962.000","hPa","0.861","-0.02617","0.00035","0","0","13.56","Humid","35.35","0","78.50","280126.75","SABD0002000014","AAV2.0.0.13","3.0.3.1703","PSt7-10","180509-002","9/13/2019 10:46:52 AM","0000-00","0","no battery","V"
"06/11/2023","11:58:44","9","default","547630319","OXY_CH9","62.775","min","201.153","μmol/L","Humid","21.058","deg","115873","µV","26.750","°C","1016.000","hPa","35.9","pmil","0","55.690","deg","20.000","°C","100.000","%a.s.","22.400","deg","20.000","°C","962.000","hPa","0.861","-0.02617","0.00035","0","0","13.56","Humid","35.35","0","78.50","280130.05","SABD0002000014","AAV2.0.0.13","3.0.3.1703","PSt7-10","180509-002","9/13/2019 10:46:52 AM","0000-00","0","no battery","V"
"06/11/2023","11:58:45","9","default","547630319","OXY_CH9","62.792","min","201.063","μmol/L","Humid","21.061","deg","115866","µV","26.756","°C","1016.000","hPa","35.9","pmil","0","55.690","deg","20.000","°C","100.000","%a.s.","22.400","deg","20.000","°C","962.000","hPa","0.861","-0.02617","0.00035","0","0","13.56","Humid","35.35","0","78.50","280117.71","SABD0002000014","AAV2.0.0.13","3.0.3.1703","PSt7-10","180509-002","9/13/2019 10:46:52 AM","0000-00","0","no battery","V"
"06/11/2023","11:58:46","9","default","547630319","OXY_CH9","62.808","min","201.116","μmol/L","Humid","21.058","deg","115858","µV","26.756","°C","1016.000","hPa","35.9","pmil","0","55.690","deg","20.000","°C","100.000","%a.s.","22.400","deg","20.000","°C","962.000","hPa","0.861","-0.02617","0.00035","0","0","13.56","Humid","35.35","0","78.50","280132.63","SABD0002000014","AAV2.0.0.13","3.0.3.1703","PSt7-10","180509-002","9/13/2019 10:46:52 AM","0000-00","0","no battery","V"
"06/11/2023","11:58:47","9","default","547630319","OXY_CH9","62.825","min","201.099","μmol/L","Humid","21.059","deg","115851","µV","26.756","°C","1016.000","hPa","35.9","pmil","0","55.690","deg","20.000","°C","100.000","%a.s.","22.400","deg","20.000","°C","962.000","hPa","0.861","-0.02617","0.00035","0","0","13.56","Humid","35.35","0","78.50","280140.17","SABD0002000014","AAV2.0.0.13","3.0.3.1703","PSt7-10","180509-002","9/13/2019 10:46:52 AM","0000-00","0","no battery","V"
"06/11/2023","11:58:48","9","default","547630319","OXY_CH9","62.842","min","201.063","μmol/L","Humid","21.061","deg","115844","µV","26.756","°C","1016.000","hPa","35.9","pmil","0","55.690","deg","20.000","°C","100.000","%a.s.","22.400","deg","20.000","°C","962.000","hPa","0.861","-0.02617","0.00035","0","0","13.56","Humid","35.35","0","78.50","280125.93","SABD0002000014","AAV2.0.0.13","3.0.3.1703","PSt7-10","180509-002","9/13/2019 10:46:52 AM","0000-00","0","no battery","V"
"06/11/2023","11:58:49","9","default","547630319","OXY_CH9","62.858","min","201.152","μmol/L","Humid","21.056","deg","115837","µV","26.756","°C","1016.000","hPa","35.9","pmil","0","55.690","deg","20.000","°C","100.000","%a.s.","22.400","deg","20.000","°C","962.000","hPa","0.861","-0.02617","0.00035","0","0","13.56","Humid","35.35","0","78.50","280131.07","SABD0002000014","AAV2.0.0.13","3.0.3.1703","PSt7-10","180509-002","9/13/2019 10:46:52 AM","0000-00","0","no battery","V"
"06/11/2023","11:58:50","9","default","547630319","OXY_CH9","62.875","min","201.134","μmol/L","Humid","21.057","deg","115832","µV","26.756","°C","1016.000","hPa","35.9","pmil","0","55.690","deg","20.000","°C","100.000","%a.s.","22.400","deg","20.000","°C","962.000","hPa","0.861","-0.02617","0.00035","0","0","13.56","Humid","35.35","0","78.50","280127.90","SABD0002000014","AAV2.0.0.13","3.0.3.1703","PSt7-10","180509-002","9/13/2019 10:46:52 AM","0000-00","0","no battery","V"
"06/11/2023","11:58:51","9","default","547630319","OXY_CH9","62.892","min","201.205","μmol/L","Humid","21.053","deg","115820","µV","26.756","°C","1016.000","hPa","35.9","pmil","0","55.690","deg","20.000","°C","100.000","%a.s.","22.400","deg","20.000","°C","962.000","hPa","0.861","-0.02617","0.00035","0","0","13.56","Humid","35.35","0","78.50","280127.25","SABD0002000014","AAV2.0.0.13","3.0.3.1703","PSt7-10","180509-002","9/13/2019 10:46:52 AM","0000-00","0","no battery","V"
"06/11/2023","11:58:52","9","default","547630319","OXY_CH9","62.909","min","201.205","μmol/L","Humid","21.053","deg","115825","µV","26.756","°C","1016.000","hPa","35.9","pmil","0","55.690","deg","20.000","°C","100.000","%a.s.","22.400","deg","20.000","°C","962.000","hPa","0.861","-0.02617","0.00035","0","0","13.56","Humid","35.35","0","78.50","280115.32","SABD0002000014","AAV2.0.0.13","3.0.3.1703","PSt7-10","180509-002","9/13/2019 10:46:52 AM","0000-00","0","no battery","V"
"06/11/2023","11:58:53","9","default","547630319","OXY_CH9","62.925","min","201.187","μmol/L","Humid","21.052","deg","115803","µV","26.763","°C","1016.000","hPa","35.9","pmil","0","55.690","deg","20.000","°C","100.000","%a.s.","22.400","deg","20.000","°C","962.000","hPa","0.861","-0.02617","0.00035","0","0","13.56","Humid","35.35","0","78.50","280132.85","SABD0002000014","AAV2.0.0.13","3.0.3.1703","PSt7-10","180509-002","9/13/2019 10:46:52 AM","0000-00","0","no battery","V"
"06/11/2023","11:58:54","9","default","547630319","OXY_CH9","62.942","min","201.240","μmol/L","Humid","21.049","deg","115791","µV","26.763","°C","1016.000","hPa","35.9","pmil","0","55.690","deg","20.000","°C","100.000","%a.s.","22.400","deg","20.000","°C","962.000","hPa","0.861","-0.02617","0.00035","0","0","13.56","Humid","35.35","0","78.50","280110.10","SABD0002000014","AAV2.0.0.13","3.0.3.1703","PSt7-10","180509-002","9/13/2019 10:46:52 AM","0000-00","0","no battery","V"
"06/11/2023","11:58:55","9","default","547630319","OXY_CH9","62.958","min","201.349","μmol/L","Humid","21.047","deg","115785","µV","26.750","°C","1016.000","hPa","35.9","pmil","0","55.690","deg","20.000","°C","100.000","%a.s.","22.400","deg","20.000","°C","962.000","hPa","0.861","-0.02617","0.00035","0","0","13.56","Humid","35.35","0","78.50","280113.67","SABD0002000014","AAV2.0.0.13","3.0.3.1703","PSt7-10","180509-002","9/13/2019 10:46:52 AM","0000-00","0","no battery","V"
"06/11/2023","11:58:56","9","default","547630319","OXY_CH9","62.975","min","201.240","μmol/L","Humid","21.049","deg","115787","µV","26.763","°C","1016.000","hPa","35.9","pmil","0","55.690","deg","20.000","°C","100.000","%a.s.","22.400","deg","20.000","°C","962.000","hPa","0.861","-0.02617","0.00035","0","0","13.56","Humid","35.35","0","78.50","280119.52","SABD0002000014","AAV2.0.0.13","3.0.3.1703","PSt7-10","180509-002","9/13/2019 10:46:52 AM","0000-00","0","no battery","V"
"06/11/2023","11:58:57","9","default","547630319","OXY_CH9","62.991","min","201.383","μmol/L","Humid","21.043","deg","115779","µV","26.756","°C","1016.000","hPa","35.9","pmil","0","55.690","deg","20.000","°C","100.000","%a.s.","22.400","deg","20.000","°C","962.000","hPa","0.861","-0.02617","0.00035","0","0","13.56","Humid","35.35","0","78.50","280114.89","SABD0002000014","AAV2.0.0.13","3.0.3.1703","PSt7-10","180509-002","9/13/2019 10:46:52 AM","0000-00","0","no battery","V"
"06/11/2023","11:58:58","9","default","547630319","OXY_CH9","63.008","min","201.330","μmol/L","Humid","21.046","deg","115782","µV","26.756","°C","1016.000","hPa","35.9","pmil","0","55.690","deg","20.000","°C","100.000","%a.s.","22.400","deg","20.000","°C","962.000","hPa","0.861","-0.02617","0.00035","0","0","13.56","Humid","35.35","0","78.50","280122.24","SABD0002000014","AAV2.0.0.13","3.0.3.1703","PSt7-10","180509-002","9/13/2019 10:46:52 AM","0000-00","0","no battery","V"
"06/11/2023","11:58:59","9","default","547630319","OXY_CH9","63.025","min","201.311","μmol/L","Humid","21.045","deg","115769","µV","26.763","°C","1016.000","hPa","35.9","pmil","0","55.690","deg","20.000","°C","100.000","%a.s.","22.400","deg","20.000","°C","962.000","hPa","0.861","-0.02617","0.00035","0","0","13.56","Humid","35.35","0","78.50","280126.91","SABD0002000014","AAV2.0.0.13","3.0.3.1703","PSt7-10","180509-002","9/13/2019 10:46:52 AM","0000-00","0","no battery","V"
"06/11/2023","11:59:00","9","default","547630319","OXY_CH9","63.041","min","201.384","μmol/L","Humid","21.045","deg","115753","µV","26.750","°C","1016.000","hPa","35.9","pmil","0","55.690","deg","20.000","°C","100.000","%a.s.","22.400","deg","20.000","°C","962.000","hPa","0.861","-0.02617","0.00035","0","0","13.56","Humid","35.35","0","78.50","280121.68","SABD0002000014","AAV2.0.0.13","3.0.3.1703","PSt7-10","180509-002","9/13/2019 10:46:52 AM","0000-00","0","no battery","V"
"06/11/2023","11:59:01","9","default","547630319","OXY_CH9","63.058","min","201.419","μmol/L","Humid","21.041","deg","115753","µV","26.756","°C","1016.000","hPa","35.9","pmil","0","55.690","deg","20.000","°C","100.000","%a.s.","22.400","deg","20.000","°C","962.000","hPa","0.861","-0.02617","0.00035","0","0","13.56","Humid","35.35","0","78.50","280119.26","SABD0002000014","AAV2.0.0.13","3.0.3.1703","PSt7-10","180509-002","9/13/2019 10:46:52 AM","0000-00","0","no battery","V"
"06/11/2023","11:59:02","9","default","547630319","OXY_CH9","63.075","min","201.400","μmol/L","Humid","21.040","deg","115753","µV","26.763","°C","1016.000","hPa","35.9","pmil","0","55.690","deg","20.000","°C","100.000","%a.s.","22.400","deg","20.000","°C","962.000","hPa","0.861","-0.02617","0.00035","0","0","13.56","Humid","35.35","0","78.50","280121.64","SABD0002000014","AAV2.0.0.13","3.0.3.1703","PSt7-10","180509-002","9/13/2019 10:46:52 AM","0000-00","0","no battery","V"
"06/11/2023","11:59:03","9","default","547630319","OXY_CH9","63.091","min","201.418","μmol/L","Humid","21.039","deg","115741","µV","26.763","°C","1016.000","hPa","35.9","pmil","0","55.690","deg","20.000","°C","100.000","%a.s.","22.400","deg","20.000","°C","962.000","hPa","0.861","-0.02617","0.00035","0","0","13.56","Humid","35.35","0","78.50","280118.56","SABD0002000014","AAV2.0.0.13","3.0.3.1703","PSt7-10","180509-002","9/13/2019 10:46:52 AM","0000-00","0","no battery","V"
"06/11/2023","11:59:04","9","default","547630319","OXY_CH9","63.108","min","201.473","μmol/L","Humid","21.038","deg","115730","µV","26.756","°C","1016.000","hPa","35.9","pmil","0","55.690","deg","20.000","°C","100.000","%a.s.","22.400","deg","20.000","°C","962.000","hPa","0.861","-0.02617","0.00035","0","0","13.56","Humid","35.35","0","78.50","280114.09","SABD0002000014","AAV2.0.0.13","3.0.3.1703","PSt7-10","180509-002","9/13/2019 10:46:52 AM","0000-00","0","no battery","V"
"06/11/2023","11:59:05","9","default","547630319","OXY_CH9","63.125","min","201.508","μmol/L","Humid","21.036","deg","115724","µV","26.756","°C","1016.000","hPa","35.9","pmil","0","55.690","deg","20.000","°C","100.000","%a.s.","22.400","deg","20.000","°C","962.000","hPa","0.861","-0.02617","0.00035","0","0","13.56","Humid","35.35","0","78.50","280114.53","SABD0002000014","AAV2.0.0.13","3.0.3.1703","PSt7-10","180509-002","9/13/2019 10:46:52 AM","0000-00","0","no battery","V"
"06/11/2023","11:59:06","9","default","547630319","OXY_CH9","63.141","min","201.490","μmol/L","Humid","21.037","deg","115719","µV","26.756","°C","1016.000","hPa","35.9","pmil","0","55.690","deg","20.000","°C","100.000","%a.s.","22.400","deg","20.000","°C","962.000","hPa","0.861","-0.02617","0.00035","0","0","13.56","Humid","35.35","0","78.50","280116.54","SABD0002000014","AAV2.0.0.13","3.0.3.1703","PSt7-10","180509-002","9/13/2019 10:46:52 AM","0000-00","0","no battery","V"
"06/11/2023","11:59:07","9","default","547630319","OXY_CH9","63.158","min","201.562","μmol/L","Humid","21.033","deg","115714","µV","26.756","°C","1016.000","hPa","35.9","pmil","0","55.690","deg","20.000","°C","100.000","%a.s.","22.400","deg","20.000","°C","962.000","hPa","0.861","-0.02617","0.00035","0","0","13.56","Humid","35.35","0","78.50","280118.15","SABD0002000014","AAV2.0.0.13","3.0.3.1703","PSt7-10","180509-002","9/13/2019 10:46:52 AM","0000-00","0","no battery","V"
"06/11/2023","11:59:08","9","default","547630319","OXY_CH9","63.175","min","201.544","μmol/L","Humid","21.034","deg","115702","µV","26.756","°C","1016.000","hPa","35.9","pmil","0","55.690","deg","20.000","°C","100.000","%a.s.","22.400","deg","20.000","°C","962.000","hPa","0.861","-0.02617","0.00035","0","0","13.56","Humid","35.35","0","78.50","280118.53","SABD0002000014","AAV2.0.0.13","3.0.3.1703","PSt7-10","180509-002","9/13/2019 10:46:52 AM","0000-00","0","no battery","V"
"06/11/2023","11:59:09","9","default","547630319","OXY_CH9","63.191","min","201.525","μmol/L","Humid","21.033","deg","115693","µV","26.763","°C","1016.000","hPa","35.9","pmil","0","55.690","deg","20.000","°C","100.000","%a.s.","22.400","deg","20.000","°C","962.000","hPa","0.861","-0.02617","0.00035","0","0","13.56","Humid","35.35","0","78.50","280116.36","SABD0002000014","AAV2.0.0.13","3.0.3.1703","PSt7-10","180509-002","9/13/2019 10:46:52 AM","0000-00","0","no battery","V"
"06/11/2023","11:59:10","9","default","547630319","OXY_CH9","63.208","min","201.525","μmol/L","Humid","21.033","deg","115686","µV","26.763","°C","1016.000","hPa","35.9","pmil","0","55.690","deg","20.000","°C","100.000","%a.s.","22.400","deg","20.000","°C","962.000","hPa","0.861","-0.02617","0.00035","0","0","13.56","Humid","35.35","0","78.50","280110.51","SABD0002000014","AAV2.0.0.13","3.0.3.1703","PSt7-10","180509-002","9/13/2019 10:46:52 AM","0000-00","0","no battery","V"
"06/11/2023","11:59:11","9","default","547630319","OXY_CH9","63.225","min","201.580","μmol/L","Humid","21.032","deg","115690","µV","26.756","°C","1016.000","hPa","35.9","pmil","0","55.690","deg","20.000","°C","100.000","%a.s.","22.400","deg","20.000","°C","962.000","hPa","0.861","-0.02617","0.00035","0","0","13.56","Humid","35.35","0","78.50","280125.15","SABD0002000014","AAV2.0.0.13","3.0.3.1703","PSt7-10","180509-002","9/13/2019 10:46:52 AM","0000-00","0","no battery","V"
"06/11/2023","11:59:12","9","default","547630319","OXY_CH9","63.241","min","201.597","μmol/L","Humid","21.031","deg","115678","µV","26.756","°C","1016.000","hPa","35.9","pmil","0","55.690","deg","20.000","°C","100.000","%a.s.","22.400","deg","20.000","°C","962.000","hPa","0.861","-0.02617","0.00035","0","0","13.56","Humid","35.35","0","78.50","280114.13","SABD0002000014","AAV2.0.0.13","3.0.3.1703","PSt7-10","180509-002","9/13/2019 10:46:52 AM","0000-00","0","no battery","V"
"06/11/2023","11:59:13","9","default","547630319","OXY_CH9","63.258","min","201.615","μmol/L","Humid","21.030","deg","115671","µV","26.756","°C","1016.000","hPa","35.9","pmil","0","55.690","deg","20.000","°C","100.000","%a.s.","22.400","deg","20.000","°C","962.000","hPa","0.861","-0.02617","0.00035","0","0","13.56","Humid","35.35","0","78.50","280113.60","SABD0002000014","AAV2.0.0.13","3.0.3.1703","PSt7-10","180509-002","9/13/2019 10:46:52 AM","0000-00","0","no battery","V"
"06/11/2023","11:59:14","9","default","547630319","OXY_CH9","63.275","min","201.687","μmol/L","Humid","21.026","deg","115665","µV","26.756","°C","1016.000","hPa","35.9","pmil","0","55.690","deg","20.000","°C","100.000","%a.s.","22.400","deg","20.000","°C","962.000","hPa","0.861","-0.02617","0.00035","0","0","13.56","Humid","35.35","0","78.50","280105.48","SABD0002000014","AAV2.0.0.13","3.0.3.1703","PSt7-10","180509-002","9/13/2019 10:46:52 AM","0000-00","0","no battery","V"
"06/11/2023","11:59:15","9","default","547630319","OXY_CH9","63.292","min","201.597","μmol/L","Humid","21.031","deg","115660","µV","26.756","°C","1016.000","hPa","35.9","pmil","0","55.690","deg","20.000","°C","100.000","%a.s.","22.400","deg","20.000","°C","962.000","hPa","0.861","-0.02617","0.00035","0","0","13.56","Humid","35.35","0","78.50","280113.54","SABD0002000014","AAV2.0.0.13","3.0.3.1703","PSt7-10","180509-002","9/13/2019 10:46:52 AM","0000-00","0","no battery","V"
"06/11/2023","11:59:16","9","default","547630319","OXY_CH9","63.308","min","201.613","μmol/L","Humid","21.026","deg","115650","µV","26.769","°C","1016.000","hPa","35.9","pmil","0","55.690","deg","20.000","°C","100.000","%a.s.","22.400","deg","20.000","°C","962.000","hPa","0.861","-0.02617","0.00035","0","0","13.56","Humid","35.35","0","78.50","280105.21","SABD0002000014","AAV2.0.0.13","3.0.3.1703","PSt7-10","180509-002","9/13/2019 10:46:52 AM","0000-00","0","no battery","V"
"06/11/2023","11:59:17","9","default","547630319","OXY_CH9","63.325","min","201.721","μmol/L","Humid","21.022","deg","115643","µV","26.763","°C","1016.000","hPa","35.9","pmil","0","55.690","deg","20.000","°C","100.000","%a.s.","22.400","deg","20.000","°C","962.000","hPa","0.861","-0.02617","0.00035","0","0","13.56","Humid","35.35","0","78.50","280109.96","SABD0002000014","AAV2.0.0.13","3.0.3.1703","PSt7-10","180509-002","9/13/2019 10:46:52 AM","0000-00","0","no battery","V"
"06/11/2023","11:59:18","9","default","547630319","OXY_CH9","63.342","min","201.722","μmol/L","Humid","21.024","deg","115639","µV","26.756","°C","1016.000","hPa","35.9","pmil","0","55.690","deg","20.000","°C","100.000","%a.s.","22.400","deg","20.000","°C","962.000","hPa","0.861","-0.02617","0.00035","0","0","13.56","Humid","35.35","0","78.50","280118.49","SABD0002000014","AAV2.0.0.13","3.0.3.1703","PSt7-10","180509-002","9/13/2019 10:46:52 AM","0000-00","0","no battery","V"
"06/11/2023","11:59:19","9","default","547630319","OXY_CH9","63.359","min","201.704","μmol/L","Humid","21.023","deg","115628","µV","26.763","°C","1016.000","hPa","35.9","pmil","0","55.690","deg","20.000","°C","100.000","%a.s.","22.400","deg","20.000","°C","962.000","hPa","0.861","-0.02617","0.00035","0","0","13.56","Humid","35.35","0","78.50","280117.31","SABD0002000014","AAV2.0.0.13","3.0.3.1703","PSt7-10","180509-002","9/13/2019 10:46:52 AM","0000-00","0","no battery","V"
"06/11/2023","11:59:20","9","default","547630319","OXY_CH9","63.375","min","201.830","μmol/L","Humid","21.020","deg","115617","µV","26.750","°C","1016.000","hPa","35.9","pmil","0","55.690","deg","20.000","°C","100.000","%a.s.","22.400","deg","20.000","°C","962.000","hPa","0.861","-0.02617","0.00035","0","0","13.56","Humid","35.35","0","78.50","280102.26","SABD0002000014","AAV2.0.0.13","3.0.3.1703","PSt7-10","180509-002","9/13/2019 10:46:52 AM","0000-00","0","no battery","V"
"06/11/2023","11:59:21","9","default","547630319","OXY_CH9","63.392","min","201.758","μmol/L","Humid","21.022","deg","115616","µV","26.756","°C","1016.000","hPa","35.9","pmil","0","55.690","deg","20.000","°C","100.000","%a.s.","22.400","deg","20.000","°C","962.000","hPa","0.861","-0.02617","0.00035","0","0","13.56","Humid","35.35","0","78.50","280108.62","SABD0002000014","AAV2.0.0.13","3.0.3.1703","PSt7-10","180509-002","9/13/2019 10:46:52 AM","0000-00","0","no battery","V"
"06/11/2023","11:59:22","9","default","547630319","OXY_CH9","63.408","min","201.758","μmol/L","Humid","21.022","deg","115614","µV","26.756","°C","1016.000","hPa","35.9","pmil","0","55.690","deg","20.000","°C","100.000","%a.s.","22.400","deg","20.000","°C","962.000","hPa","0.861","-0.02617","0.00035","0","0","13.56","Humid","35.35","0","78.50","280128.87","SABD0002000014","AAV2.0.0.13","3.0.3.1703","PSt7-10","180509-002","9/13/2019 10:46:52 AM","0000-00","0","no battery","V"
"06/11/2023","11:59:23","9","default","547630319","OXY_CH9","63.425","min","201.812","μmol/L","Humid","21.019","deg","115597","µV","26.756","°C","1016.000","hPa","35.9","pmil","0","55.690","deg","20.000","°C","100.000","%a.s.","22.400","deg","20.000","°C","962.000","hPa","0.861","-0.02617","0.00035","0","0","13.56","Humid","35.35","0","78.50","280120.92","SABD0002000014","AAV2.0.0.13","3.0.3.1703","PSt7-10","180509-002","9/13/2019 10:46:52 AM","0000-00","0","no battery","V"
"06/11/2023","11:59:24","9","default","547630319","OXY_CH9","63.442","min","201.865","μmol/L","Humid","21.016","deg","115590","µV","26.756","°C","1016.000","hPa","35.9","pmil","0","55.690","deg","20.000","°C","100.000","%a.s.","22.400","deg","20.000","°C","962.000","hPa","0.861","-0.02617","0.00035","0","0","13.56","Humid","35.35","0","78.50","280117.17","SABD0002000014","AAV2.0.0.13","3.0.3.1703","PSt7-10","180509-002","9/13/2019 10:46:52 AM","0000-00","0","no battery","V"
"06/11/2023","11:59:25","9","default","547630319","OXY_CH9","63.459","min","201.811","μmol/L","Humid","21.017","deg","115585","µV","26.763","°C","1016.000","hPa","35.9","pmil","0","55.690","deg","20.000","°C","100.000","%a.s.","22.400","deg","20.000","°C","962.000","hPa","0.861","-0.02617","0.00035","0","0","13.56","Humid","35.35","0","78.50","280114.59","SABD0002000014","AAV2.0.0.13","3.0.3.1703","PSt7-10","180509-002","9/13/2019 10:46:52 AM","0000-00","0","no battery","V"
"06/11/2023","11:59:26","9","default","547630319","OXY_CH9","63.475","min","201.811","μmol/L","Humid","21.017","deg","115573","µV","26.763","°C","1016.000","hPa","35.9","pmil","0","55.690","deg","20.000","°C","100.000","%a.s.","22.400","deg","20.000","°C","962.000","hPa","0.861","-0.02617","0.00035","0","0","13.56","Humid","35.35","0","78.50","280113.69","SABD0002000014","AAV2.0.0.13","3.0.3.1703","PSt7-10","180509-002","9/13/2019 10:46:52 AM","0000-00","0","no battery","V"
"06/11/2023","11:59:27","9","default","547630319","OXY_CH9","63.492","min","201.883","μmol/L","Humid","21.015","deg","115574","µV","26.756","°C","1016.000","hPa","35.9","pmil","0","55.690","deg","20.000","°C","100.000","%a.s.","22.400","deg","20.000","°C","962.000","hPa","0.861","-0.02617","0.00035","0","0","13.56","Humid","35.35","0","78.50","280111.20","SABD0002000014","AAV2.0.0.13","3.0.3.1703","PSt7-10","180509-002","9/13/2019 10:46:52 AM","0000-00","0","no battery","V"
"06/11/2023","11:59:28","9","default","547630319","OXY_CH9","63.508","min","201.829","μmol/L","Humid","21.016","deg","115557","µV","26.763","°C","1016.000","hPa","35.9","pmil","0","55.690","deg","20.000","°C","100.000","%a.s.","22.400","deg","20.000","°C","962.000","hPa","0.861","-0.02617","0.00035","0","0","13.56","Humid","35.35","0","78.50","280096.75","SABD0002000014","AAV2.0.0.13","3.0.3.1703","PSt7-10","180509-002","9/13/2019 10:46:52 AM","0000-00","0","no battery","V"
"06/11/2023","11:59:29","9","default","547630319","OXY_CH9","63.525","min","201.936","μmol/L","Humid","21.010","deg","115553","µV","26.763","°C","1016.000","hPa","35.9","pmil","0","55.690","deg","20.000","°C","100.000","%a.s.","22.400","deg","20.000","°C","962.000","hPa","0.861","-0.02617","0.00035","0","0","13.56","Humid","35.35","0","78.50","280112.35","SABD0002000014","AAV2.0.0.13","3.0.3.1703","PSt7-10","180509-002","9/13/2019 10:46:52 AM","0000-00","0","no battery","V"
"06/11/2023","11:59:30","9","default","547630319","OXY_CH9","63.542","min","201.936","μmol/L","Humid","21.010","deg","115539","µV","26.763","°C","1016.000","hPa","35.9","pmil","0","55.690","deg","20.000","°C","100.000","%a.s.","22.400","deg","20.000","°C","962.000","hPa","0.861","-0.02617","0.00035","0","0","13.56","Humid","35.35","0","78.50","280100.60","SABD0002000014","AAV2.0.0.13","3.0.3.1703","PSt7-10","180509-002","9/13/2019 10:46:52 AM","0000-00","0","no battery","V"
"06/11/2023","11:59:31","9","default","547630319","OXY_CH9","63.558","min","202.008","μmol/L","Humid","21.008","deg","115531","µV","26.756","°C","1016.000","hPa","35.9","pmil","0","55.690","deg","20.000","°C","100.000","%a.s.","22.400","deg","20.000","°C","962.000","hPa","0.861","-0.02617","0.00035","0","0","13.56","Humid","35.35","0","78.50","280106.51","SABD0002000014","AAV2.0.0.13","3.0.3.1703","PSt7-10","180509-002","9/13/2019 10:46:52 AM","0000-00","0","no battery","V"
"06/11/2023","11:59:32","9","default","547630319","OXY_CH9","63.575","min","201.917","μmol/L","Humid","21.009","deg","115536","µV","26.769","°C","1016.000","hPa","35.9","pmil","0","55.690","deg","20.000","°C","100.000","%a.s.","22.400","deg","20.000","°C","962.000","hPa","0.861","-0.02617","0.00035","0","0","13.56","Humid","35.35","0","78.50","280114.39","SABD0002000014","AAV2.0.0.13","3.0.3.1703","PSt7-10","180509-002","9/13/2019 10:46:52 AM","0000-00","0","no battery","V"
"06/11/2023","11:59:33","9","default","547630319","OXY_CH9","63.592","min","202.007","μmol/L","Humid","21.006","deg","115528","µV","26.763","°C","1016.000","hPa","35.9","pmil","0","55.690","deg","20.000","°C","100.000","%a.s.","22.400","deg","20.000","°C","962.000","hPa","0.861","-0.02617","0.00035","0","0","13.56","Humid","35.35","0","78.50","280109.36","SABD0002000014","AAV2.0.0.13","3.0.3.1703","PSt7-10","180509-002","9/13/2019 10:46:52 AM","0000-00","0","no battery","V"
"06/11/2023","11:59:34","9","default","547630319","OXY_CH9","63.608","min","202.007","μmol/L","Humid","21.006","deg","115520","µV","26.763","°C","1016.000","hPa","35.9","pmil","0","55.690","deg","20.000","°C","100.000","%a.s.","22.400","deg","20.000","°C","962.000","hPa","0.861","-0.02617","0.00035","0","0","13.56","Humid","35.35","0","78.50","280116.25","SABD0002000014","AAV2.0.0.13","3.0.3.1703","PSt7-10","180509-002","9/13/2019 10:46:52 AM","0000-00","0","no battery","V"
"06/11/2023","11:59:35","9","default","547630319","OXY_CH9","63.625","min","202.043","μmol/L","Humid","21.004","deg","115524","µV","26.763","°C","1016.000","hPa","35.9","pmil","0","55.690","deg","20.000","°C","100.000","%a.s.","22.400","deg","20.000","°C","962.000","hPa","0.861","-0.02617","0.00035","0","0","13.56","Humid","35.35","0","78.50","280126.30","SABD0002000014","AAV2.0.0.13","3.0.3.1703","PSt7-10","180509-002","9/13/2019 10:46:52 AM","0000-00","0","no battery","V"
"06/11/2023","11:59:36","9","default","547630319","OXY_CH9","63.641","min","202.061","μmol/L","Humid","21.003","deg","115505","µV","26.763","°C","1016.000","hPa","35.9","pmil","0","55.690","deg","20.000","°C","100.000","%a.s.","22.400","deg","20.000","°C","962.000","hPa","0.861","-0.02617","0.00035","0","0","13.56","Humid","35.35","0","78.50","280120.95","SABD0002000014","AAV2.0.0.13","3.0.3.1703","PSt7-10","180509-002","9/13/2019 10:46:52 AM","0000-00","0","no battery","V"
"06/11/2023","11:59:37","9","default","547630319","OXY_CH9","63.658","min","202.080","μmol/L","Humid","21.004","deg","115504","µV","26.756","°C","1016.000","hPa","35.9","pmil","0","55.690","deg","20.000","°C","100.000","%a.s.","22.400","deg","20.000","°C","962.000","hPa","0.861","-0.02617","0.00035","0","0","13.56","Humid","35.35","0","78.50","280102.46","SABD0002000014","AAV2.0.0.13","3.0.3.1703","PSt7-10","180509-002","9/13/2019 10:46:52 AM","0000-00","0","no battery","V"
"06/11/2023","11:59:38","9","default","547630319","OXY_CH9","63.675","min","202.079","μmol/L","Humid","21.002","deg","115495","µV","26.763","°C","1016.000","hPa","35.9","pmil","0","55.690","deg","20.000","°C","100.000","%a.s.","22.400","deg","20.000","°C","962.000","hPa","0.861","-0.02617","0.00035","0","0","13.56","Humid","35.35","0","78.50","280109.67","SABD0002000014","AAV2.0.0.13","3.0.3.1703","PSt7-10","180509-002","9/13/2019 10:46:52 AM","0000-00","0","no battery","V"
"06/11/2023","11:59:39","9","default","547630319","OXY_CH9","63.691","min","202.115","μmol/L","Humid","21.000","deg","115485","µV","26.763","°C","1016.000","hPa","35.9","pmil","0","55.690","deg","20.000","°C","100.000","%a.s.","22.400","deg","20.000","°C","962.000","hPa","0.861","-0.02617","0.00035","0","0","13.56","Humid","35.35","0","78.50","280102.58","SABD0002000014","AAV2.0.0.13","3.0.3.1703","PSt7-10","180509-002","9/13/2019 10:46:52 AM","0000-00","0","no battery","V"
"06/11/2023","11:59:40","9","default","547630319","OXY_CH9","63.708","min","202.133","μmol/L","Humid","20.999","deg","115480","µV","26.763","°C","1016.000","hPa","35.9","pmil","0","55.690","deg","20.000","°C","100.000","%a.s.","22.400","deg","20.000","°C","962.000","hPa","0.861","-0.02617","0.00035","0","0","13.56","Humid","35.35","0","78.50","280106.81","SABD0002000014","AAV2.0.0.13","3.0.3.1703","PSt7-10","180509-002","9/13/2019 10:46:52 AM","0000-00","0","no battery","V"
"06/11/2023","11:59:41","9","default","547630319","OXY_CH9","63.724","min","202.186","μmol/L","Humid","20.996","deg","115469","µV","26.763","°C","1016.000","hPa","35.9","pmil","0","55.690","deg","20.000","°C","100.000","%a.s.","22.400","deg","20.000","°C","962.000","hPa","0.861","-0.02617","0.00035","0","0","13.56","Humid","35.35","0","78.50","280106.82","SABD0002000014","AAV2.0.0.13","3.0.3.1703","PSt7-10","180509-002","9/13/2019 10:46:52 AM","0000-00","0","no battery","V"
"06/11/2023","11:59:42","9","default","547630319","OXY_CH9","63.741","min","202.204","μmol/L","Humid","20.995","deg","115462","µV","26.763","°C","1016.000","hPa","35.9","pmil","0","55.690","deg","20.000","°C","100.000","%a.s.","22.400","deg","20.000","°C","962.000","hPa","0.861","-0.02617","0.00035","0","0","13.56","Humid","35.35","0","78.50","280107.19","SABD0002000014","AAV2.0.0.13","3.0.3.1703","PSt7-10","180509-002","9/13/2019 10:46:52 AM","0000-00","0","no battery","V"
"06/11/2023","11:59:43","9","default","547630319","OXY_CH9","63.758","min","202.241","μmol/L","Humid","20.995","deg","115460","µV","26.756","°C","1016.000","hPa","35.9","pmil","0","55.690","deg","20.000","°C","100.000","%a.s.","22.400","deg","20.000","°C","962.000","hPa","0.861","-0.02617","0.00035","0","0","13.56","Humid","35.35","0","78.50","280116.37","SABD0002000014","AAV2.0.0.13","3.0.3.1703","PSt7-10","180509-002","9/13/2019 10:46:52 AM","0000-00","0","no battery","V"
"06/11/2023","11:59:44","9","default","547630319","OXY_CH9","63.775","min","202.168","μmol/L","Humid","20.995","deg","115454","µV","26.769","°C","1016.000","hPa","35.9","pmil","0","55.690","deg","20.000","°C","100.000","%a.s.","22.400","deg","20.000","°C","962.000","hPa","0.861","-0.02617","0.00035","0","0","13.56","Humid","35.35","0","78.50","280115.82","SABD0002000014","AAV2.0.0.13","3.0.3.1703","PSt7-10","180509-002","9/13/2019 10:46:52 AM","0000-00","0","no battery","V"
"06/11/2023","11:59:45","9","default","547630319","OXY_CH9","63.791","min","202.240","μmol/L","Humid","20.993","deg","115440","µV","26.763","°C","1016.000","hPa","35.9","pmil","0","55.690","deg","20.000","°C","100.000","%a.s.","22.400","deg","20.000","°C","962.000","hPa","0.861","-0.02617","0.00035","0","0","13.56","Humid","35.35","0","78.50","280113.88","SABD0002000014","AAV2.0.0.13","3.0.3.1703","PSt7-10","180509-002","9/13/2019 10:46:52 AM","0000-00","0","no battery","V"
"06/11/2023","11:59:46","9","default","547630319","OXY_CH9","63.809","min","202.223","μmol/L","Humid","20.996","deg","115436","µV","26.756","°C","1016.000","hPa","35.9","pmil","0","55.690","deg","20.000","°C","100.000","%a.s.","22.400","deg","20.000","°C","962.000","hPa","0.861","-0.02617","0.00035","0","0","13.56","Humid","35.35","0","78.50","280105.90","SABD0002000014","AAV2.0.0.13","3.0.3.1703","PSt7-10","180509-002","9/13/2019 10:46:52 AM","0000-00","0","no battery","V"
"06/11/2023","11:59:47","9","default","547630319","OXY_CH9","63.825","min","202.185","μmol/L","Humid","20.994","deg","115427","µV","26.769","°C","1016.000","hPa","35.9","pmil","0","55.690","deg","20.000","°C","100.000","%a.s.","22.400","deg","20.000","°C","962.000","hPa","0.861","-0.02617","0.00035","0","0","13.56","Humid","35.35","0","78.50","280101.43","SABD0002000014","AAV2.0.0.13","3.0.3.1703","PSt7-10","180509-002","9/13/2019 10:46:52 AM","0000-00","0","no battery","V"
"06/11/2023","11:59:48","9","default","547630319","OXY_CH9","63.842","min","202.294","μmol/L","Humid","20.990","deg","115424","µV","26.763","°C","1016.000","hPa","35.9","pmil","0","55.690","deg","20.000","°C","100.000","%a.s.","22.400","deg","20.000","°C","962.000","hPa","0.861","-0.02617","0.00035","0","0","13.56","Humid","35.35","0","78.50","280117.96","SABD0002000014","AAV2.0.0.13","3.0.3.1703","PSt7-10","180509-002","9/13/2019 10:46:52 AM","0000-00","0","no battery","V"
"06/11/2023","11:59:49","9","default","547630319","OXY_CH9","63.858","min","202.348","μmol/L","Humid","20.987","deg","115416","µV","26.763","°C","1016.000","hPa","35.9","pmil","0","55.690","deg","20.000","°C","100.000","%a.s.","22.400","deg","20.000","°C","962.000","hPa","0.861","-0.02617","0.00035","0","0","13.56","Humid","35.35","0","78.50","280109.89","SABD0002000014","AAV2.0.0.13","3.0.3.1703","PSt7-10","180509-002","9/13/2019 10:46:52 AM","0000-00","0","no battery","V"
"06/11/2023","11:59:50","9","default","547630319","OXY_CH9","63.875","min","202.294","μmol/L","Humid","20.990","deg","115410","µV","26.763","°C","1016.000","hPa","35.9","pmil","0","55.690","deg","20.000","°C","100.000","%a.s.","22.400","deg","20.000","°C","962.000","hPa","0.861","-0.02617","0.00035","0","0","13.56","Humid","35.35","0","78.50","280097.93","SABD0002000014","AAV2.0.0.13","3.0.3.1703","PSt7-10","180509-002","9/13/2019 10:46:52 AM","0000-00","0","no battery","V"
"06/11/2023","11:59:51","9","default","547630319","OXY_CH9","63.892","min","202.366","μmol/L","Humid","20.988","deg","115406","µV","26.756","°C","1016.000","hPa","35.9","pmil","0","55.690","deg","20.000","°C","100.000","%a.s.","22.400","deg","20.000","°C","962.000","hPa","0.861","-0.02617","0.00035","0","0","13.56","Humid","35.35","0","78.50","280116.64","SABD0002000014","AAV2.0.0.13","3.0.3.1703","PSt7-10","180509-002","9/13/2019 10:46:52 AM","0000-00","0","no battery","V"
"06/11/2023","11:59:52","9","default","547630319","OXY_CH9","63.909","min","202.384","μmol/L","Humid","20.987","deg","115394","µV","26.756","°C","1016.000","hPa","35.9","pmil","0","55.690","deg","20.000","°C","100.000","%a.s.","22.400","deg","20.000","°C","962.000","hPa","0.861","-0.02617","0.00035","0","0","13.56","Humid","35.35","0","78.50","280106.80","SABD0002000014","AAV2.0.0.13","3.0.3.1703","PSt7-10","180509-002","9/13/2019 10:46:52 AM","0000-00","0","no battery","V"
"06/11/2023","11:59:53","9","default","547630319","OXY_CH9","63.925","min","202.438","μmol/L","Humid","20.984","deg","115380","µV","26.756","°C","1016.000","hPa","35.9","pmil","0","55.690","deg","20.000","°C","100.000","%a.s.","22.400","deg","20.000","°C","962.000","hPa","0.861","-0.02617","0.00035","0","0","13.56","Humid","35.35","0","78.50","280099.43","SABD0002000014","AAV2.0.0.13","3.0.3.1703","PSt7-10","180509-002","9/13/2019 10:46:52 AM","0000-00","0","no battery","V"
"06/11/2023","11:59:54","9","default","547630319","OXY_CH9","63.942","min","202.383","μmol/L","Humid","20.985","deg","115382","µV","26.763","°C","1016.000","hPa","35.9","pmil","0","55.690","deg","20.000","°C","100.000","%a.s.","22.400","deg","20.000","°C","962.000","hPa","0.861","-0.02617","0.00035","0","0","13.56","Humid","35.35","0","78.50","280103.77","SABD0002000014","AAV2.0.0.13","3.0.3.1703","PSt7-10","180509-002","9/13/2019 10:46:52 AM","0000-00","0","no battery","V"
"06/11/2023","11:59:55","9","default","547630319","OXY_CH9","63.958","min","202.383","μmol/L","Humid","20.983","deg","115372","µV","26.769","°C","1016.000","hPa","35.9","pmil","0","55.690","deg","20.000","°C","100.000","%a.s.","22.400","deg","20.000","°C","962.000","hPa","0.861","-0.02617","0.00035","0","0","13.56","Humid","35.35","0","78.50","280109.99","SABD0002000014","AAV2.0.0.13","3.0.3.1703","PSt7-10","180509-002","9/13/2019 10:46:52 AM","0000-00","0","no battery","V"
"06/11/2023","11:59:56","9","default","547630319","OXY_CH9","63.975","min","202.473","μmol/L","Humid","20.980","deg","115361","µV","26.763","°C","1016.000","hPa","35.9","pmil","0","55.690","deg","20.000","°C","100.000","%a.s.","22.400","deg","20.000","°C","962.000","hPa","0.861","-0.02617","0.00035","0","0","13.56","Humid","35.35","0","78.50","280098.89","SABD0002000014","AAV2.0.0.13","3.0.3.1703","PSt7-10","180509-002","9/13/2019 10:46:52 AM","0000-00","0","no battery","V"
"06/11/2023","11:59:57","9","default","547630319","OXY_CH9","63.992","min","202.509","μmol/L","Humid","20.978","deg","115358","µV","26.763","°C","1016.000","hPa","35.9","pmil","0","55.690","deg","20.000","°C","100.000","%a.s.","22.400","deg","20.000","°C","962.000","hPa","0.861","-0.02617","0.00035","0","0","13.56","Humid","35.35","0","78.50","280103.02","SABD0002000014","AAV2.0.0.13","3.0.3.1703","PSt7-10","180509-002","9/13/2019 10:46:52 AM","0000-00","0","no battery","V"
"06/11/2023","11:59:58","9","default","547630319","OXY_CH9","64.009","min","202.383","μmol/L","Humid","20.983","deg","115356","µV","26.769","°C","1016.000","hPa","35.9","pmil","0","55.690","deg","20.000","°C","100.000","%a.s.","22.400","deg","20.000","°C","962.000","hPa","0.861","-0.02617","0.00035","0","0","13.56","Humid","35.35","0","78.50","280113.63","SABD0002000014","AAV2.0.0.13","3.0.3.1703","PSt7-10","180509-002","9/13/2019 10:46:52 AM","0000-00","0","no battery","V"
"06/11/2023","11:59:59","9","default","547630319","OXY_CH9","64.025","min","202.472","μmol/L","Humid","20.978","deg","115340","µV","26.769","°C","1016.000","hPa","35.9","pmil","0","55.690","deg","20.000","°C","100.000","%a.s.","22.400","deg","20.000","°C","962.000","hPa","0.861","-0.02617","0.00035","0","0","13.56","Humid","35.35","0","78.50","280100.07","SABD0002000014","AAV2.0.0.13","3.0.3.1703","PSt7-10","180509-002","9/13/2019 10:46:52 AM","0000-00","0","no battery","V"
"06/11/2023","12:00:00","9","default","547630319","OXY_CH9","64.042","min","202.491","μmol/L","Humid","20.979","deg","115333","µV","26.763","°C","1016.000","hPa","35.9","pmil","0","55.690","deg","20.000","°C","100.000","%a.s.","22.400","deg","20.000","°C","962.000","hPa","0.861","-0.02617","0.00035","0","0","13.56","Humid","35.35","0","78.50","280101.33","SABD0002000014","AAV2.0.0.13","3.0.3.1703","PSt7-10","180509-002","9/13/2019 10:46:52 AM","0000-00","0","no battery","V"
"06/11/2023","12:00:01","9","default","547630319","OXY_CH9","64.059","min","202.546","μmol/L","Humid","20.978","deg","115334","µV","26.756","°C","1016.000","hPa","35.9","pmil","0","55.690","deg","20.000","°C","100.000","%a.s.","22.400","deg","20.000","°C","962.000","hPa","0.861","-0.02617","0.00035","0","0","13.56","Humid","35.35","0","78.50","280103.79","SABD0002000014","AAV2.0.0.13","3.0.3.1703","PSt7-10","180509-002","9/13/2019 10:46:52 AM","0000-00","0","no battery","V"
"06/11/2023","12:00:02","9","default","547630319","OXY_CH9","64.075","min","202.562","μmol/L","Humid","20.973","deg","115311","µV","26.769","°C","1016.000","hPa","35.9","pmil","0","55.690","deg","20.000","°C","100.000","%a.s.","22.400","deg","20.000","°C","962.000","hPa","0.861","-0.02617","0.00035","0","0","13.56","Humid","35.35","0","78.50","280100.95","SABD0002000014","AAV2.0.0.13","3.0.3.1703","PSt7-10","180509-002","9/13/2019 10:46:52 AM","0000-00","0","no battery","V"
"06/11/2023","12:00:03","9","default","547630319","OXY_CH9","64.092","min","202.598","μmol/L","Humid","20.971","deg","115316","µV","26.769","°C","1016.000","hPa","35.9","pmil","0","55.690","deg","20.000","°C","100.000","%a.s.","22.400","deg","20.000","°C","962.000","hPa","0.861","-0.02617","0.00035","0","0","13.56","Humid","35.35","0","78.50","280097.60","SABD0002000014","AAV2.0.0.13","3.0.3.1703","PSt7-10","180509-002","9/13/2019 10:46:52 AM","0000-00","0","no battery","V"
"06/11/2023","12:00:04","9","default","547630319","OXY_CH9","64.108","min","202.671","μmol/L","Humid","20.971","deg","115301","µV","26.756","°C","1016.000","hPa","35.9","pmil","0","55.690","deg","20.000","°C","100.000","%a.s.","22.400","deg","20.000","°C","962.000","hPa","0.861","-0.02617","0.00035","0","0","13.56","Humid","35.35","0","78.50","280100.44","SABD0002000014","AAV2.0.0.13","3.0.3.1703","PSt7-10","180509-002","9/13/2019 10:46:52 AM","0000-00","0","no battery","V"
"06/11/2023","12:00:05","9","default","547630319","OXY_CH9","64.125","min","202.580","μmol/L","Humid","20.972","deg","115296","µV","26.769","°C","1016.000","hPa","35.9","pmil","0","55.690","deg","20.000","°C","100.000","%a.s.","22.400","deg","20.000","°C","962.000","hPa","0.861","-0.02617","0.00035","0","0","13.56","Humid","35.35","0","78.50","280104.85","SABD0002000014","AAV2.0.0.13","3.0.3.1703","PSt7-10","180509-002","9/13/2019 10:46:52 AM","0000-00","0","no battery","V"
"06/11/2023","12:00:06","9","default","547630319","OXY_CH9","64.142","min","202.671","μmol/L","Humid","20.971","deg","115293","µV","26.756","°C","1016.000","hPa","35.9","pmil","0","55.690","deg","20.000","°C","100.000","%a.s.","22.400","deg","20.000","°C","962.000","hPa","0.861","-0.02617","0.00035","0","0","13.56","Humid","35.35","0","78.50","280096.89","SABD0002000014","AAV2.0.0.13","3.0.3.1703","PSt7-10","180509-002","9/13/2019 10:46:52 AM","0000-00","0","no battery","V"
"06/11/2023","12:00:07","9","default","547630319","OXY_CH9","64.158","min","202.652","μmol/L","Humid","20.968","deg","115283","µV","26.769","°C","1016.000","hPa","35.9","pmil","0","55.690","deg","20.000","°C","100.000","%a.s.","22.400","deg","20.000","°C","962.000","hPa","0.861","-0.02617","0.00035","0","0","13.56","Humid","35.35","0","78.50","280100.37","SABD0002000014","AAV2.0.0.13","3.0.3.1703","PSt7-10","180509-002","9/13/2019 10:46:52 AM","0000-00","0","no battery","V"
"06/11/2023","12:00:08","9","default","547630319","OXY_CH9","64.175","min","202.635","μmol/L","Humid","20.971","deg","115280","µV","26.763","°C","1016.000","hPa","35.9","pmil","0","55.690","deg","20.000","°C","100.000","%a.s.","22.400","deg","20.000","°C","962.000","hPa","0.861","-0.02617","0.00035","0","0","13.56","Humid","35.35","0","78.50","280097.87","SABD0002000014","AAV2.0.0.13","3.0.3.1703","PSt7-10","180509-002","9/13/2019 10:46:52 AM","0000-00","0","no battery","V"
"06/11/2023","12:00:09","9","default","547630319","OXY_CH9","64.191","min","202.779","μmol/L","Humid","20.965","deg","115272","µV","26.756","°C","1016.000","hPa","35.9","pmil","0","55.690","deg","20.000","°C","100.000","%a.s.","22.400","deg","20.000","°C","962.000","hPa","0.861","-0.02617","0.00035","0","0","13.56","Humid","35.35","0","78.50","280105.40","SABD0002000014","AAV2.0.0.13","3.0.3.1703","PSt7-10","180509-002","9/13/2019 10:46:52 AM","0000-00","0","no battery","V"
"06/11/2023","12:00:10","9","default","547630319","OXY_CH9","64.208","min","202.671","μmol/L","Humid","20.969","deg","115270","µV","26.763","°C","1016.000","hPa","35.9","pmil","0","55.690","deg","20.000","°C","100.000","%a.s.","22.400","deg","20.000","°C","962.000","hPa","0.861","-0.02617","0.00035","0","0","13.56","Humid","35.35","0","78.50","280104.75","SABD0002000014","AAV2.0.0.13","3.0.3.1703","PSt7-10","180509-002","9/13/2019 10:46:52 AM","0000-00","0","no battery","V"
"06/11/2023","12:00:11","9","default","547630319","OXY_CH9","64.225","min","202.796","μmol/L","Humid","20.962","deg","115259","µV","26.763","°C","1016.000","hPa","35.9","pmil","0","55.690","deg","20.000","°C","100.000","%a.s.","22.400","deg","20.000","°C","962.000","hPa","0.861","-0.02617","0.00035","0","0","13.56","Humid","35.35","0","78.50","280097.48","SABD0002000014","AAV2.0.0.13","3.0.3.1703","PSt7-10","180509-002","9/13/2019 10:46:52 AM","0000-00","0","no battery","V"
"06/11/2023","12:00:12","9","default","547630319","OXY_CH9","64.241","min","202.688","μmol/L","Humid","20.966","deg","115257","µV","26.769","°C","1016.000","hPa","35.9","pmil","0","55.690","deg","20.000","°C","100.000","%a.s.","22.400","deg","20.000","°C","962.000","hPa","0.861","-0.02617","0.00035","0","0","13.56","Humid","35.35","0","78.50","280107.78","SABD0002000014","AAV2.0.0.13","3.0.3.1703","PSt7-10","180509-002","9/13/2019 10:46:52 AM","0000-00","0","no battery","V"
"06/11/2023","12:00:13","9","default","547630319","OXY_CH9","64.258","min","202.832","μmol/L","Humid","20.960","deg","115249","µV","26.763","°C","1016.000","hPa","35.9","pmil","0","55.690","deg","20.000","°C","100.000","%a.s.","22.400","deg","20.000","°C","962.000","hPa","0.861","-0.02617","0.00035","0","0","13.56","Humid","35.35","0","78.50","280104.84","SABD0002000014","AAV2.0.0.13","3.0.3.1703","PSt7-10","180509-002","9/13/2019 10:46:52 AM","0000-00","0","no battery","V"
"06/11/2023","12:00:14","9","default","547630319","OXY_CH9","64.275","min","202.796","μmol/L","Humid","20.962","deg","115232","µV","26.763","°C","1016.000","hPa","35.9","pmil","0","55.690","deg","20.000","°C","100.000","%a.s.","22.400","deg","20.000","°C","962.000","hPa","0.861","-0.02617","0.00035","0","0","13.56","Humid","35.35","0","78.50","280097.04","SABD0002000014","AAV2.0.0.13","3.0.3.1703","PSt7-10","180509-002","9/13/2019 10:46:52 AM","0000-00","0","no battery","V"
"06/11/2023","12:00:15","9","default","547630319","OXY_CH9","64.292","min","202.796","μmol/L","Humid","20.960","deg","115230","µV","26.769","°C","1016.000","hPa","35.9","pmil","0","55.690","deg","20.000","°C","100.000","%a.s.","22.400","deg","20.000","°C","962.000","hPa","0.861","-0.02617","0.00035","0","0","13.56","Humid","35.35","0","78.50","280090.79","SABD0002000014","AAV2.0.0.13","3.0.3.1703","PSt7-10","180509-002","9/13/2019 10:46:52 AM","0000-00","0","no battery","V"
"06/11/2023","12:00:16","9","default","547630319","OXY_CH9","64.308","min","202.796","μmol/L","Humid","20.960","deg","115229","µV","26.769","°C","1016.000","hPa","35.9","pmil","0","55.690","deg","20.000","°C","100.000","%a.s.","22.400","deg","20.000","°C","962.000","hPa","0.861","-0.02617","0.00035","0","0","13.56","Humid","35.35","0","78.50","280098.16","SABD0002000014","AAV2.0.0.13","3.0.3.1703","PSt7-10","180509-002","9/13/2019 10:46:52 AM","0000-00","0","no battery","V"
"06/11/2023","12:00:17","9","default","547630319","OXY_CH9","64.325","min","202.886","μmol/L","Humid","20.957","deg","115210","µV","26.763","°C","1016.000","hPa","35.9","pmil","0","55.690","deg","20.000","°C","100.000","%a.s.","22.400","deg","20.000","°C","962.000","hPa","0.861","-0.02617","0.00035","0","0","13.56","Humid","35.35","0","78.50","280100.76","SABD0002000014","AAV2.0.0.13","3.0.3.1703","PSt7-10","180509-002","9/13/2019 10:46:52 AM","0000-00","0","no battery","V"
"06/11/2023","12:00:18","9","default","547630319","OXY_CH9","64.341","min","202.904","μmol/L","Humid","20.956","deg","115210","µV","26.763","°C","1016.000","hPa","35.9","pmil","0","55.690","deg","20.000","°C","100.000","%a.s.","22.400","deg","20.000","°C","962.000","hPa","0.861","-0.02617","0.00035","0","0","13.56","Humid","35.35","0","78.50","280100.22","SABD0002000014","AAV2.0.0.13","3.0.3.1703","PSt7-10","180509-002","9/13/2019 10:46:52 AM","0000-00","0","no battery","V"
"06/11/2023","12:00:19","9","default","547630319","OXY_CH9","64.358","min","202.868","μmol/L","Humid","20.958","deg","115202","µV","26.763","°C","1016.000","hPa","35.9","pmil","0","55.690","deg","20.000","°C","100.000","%a.s.","22.400","deg","20.000","°C","962.000","hPa","0.861","-0.02617","0.00035","0","0","13.56","Humid","35.35","0","78.50","280095.59","SABD0002000014","AAV2.0.0.13","3.0.3.1703","PSt7-10","180509-002","9/13/2019 10:46:52 AM","0000-00","0","no battery","V"
"06/11/2023","12:00:20","9","default","547630319","OXY_CH9","64.375","min","203.013","μmol/L","Humid","20.952","deg","115194","µV","26.756","°C","1016.000","hPa","35.9","pmil","0","55.690","deg","20.000","°C","100.000","%a.s.","22.400","deg","20.000","°C","962.000","hPa","0.861","-0.02617","0.00035","0","0","13.56","Humid","35.35","0","78.50","280095.94","SABD0002000014","AAV2.0.0.13","3.0.3.1703","PSt7-10","180509-002","9/13/2019 10:46:52 AM","0000-00","0","no battery","V"
"06/11/2023","12:00:21","9","default","547630319","OXY_CH9","64.391","min","202.957","μmol/L","Humid","20.951","deg","115186","µV","26.769","°C","1016.000","hPa","35.9","pmil","0","55.690","deg","20.000","°C","100.000","%a.s.","22.400","deg","20.000","°C","962.000","hPa","0.861","-0.02617","0.00035","0","0","13.56","Humid","35.35","0","78.50","280094.23","SABD0002000014","AAV2.0.0.13","3.0.3.1703","PSt7-10","180509-002","9/13/2019 10:46:52 AM","0000-00","0","no battery","V"
"06/11/2023","12:00:22","9","default","547630319","OXY_CH9","64.408","min","202.958","μmol/L","Humid","20.953","deg","115178","µV","26.763","°C","1016.000","hPa","35.9","pmil","0","55.690","deg","20.000","°C","100.000","%a.s.","22.400","deg","20.000","°C","962.000","hPa","0.861","-0.02617","0.00035","0","0","13.56","Humid","35.35","0","78.50","280089.89","SABD0002000014","AAV2.0.0.13","3.0.3.1703","PSt7-10","180509-002","9/13/2019 10:46:52 AM","0000-00","0","no battery","V"
"06/11/2023","12:00:23","9","default","547630319","OXY_CH9","64.425","min","202.976","μmol/L","Humid","20.952","deg","115170","µV","26.763","°C","1016.000","hPa","35.9","pmil","0","55.690","deg","20.000","°C","100.000","%a.s.","22.400","deg","20.000","°C","962.000","hPa","0.861","-0.02617","0.00035","0","0","13.56","Humid","35.35","0","78.50","280092.03","SABD0002000014","AAV2.0.0.13","3.0.3.1703","PSt7-10","180509-002","9/13/2019 10:46:52 AM","0000-00","0","no battery","V"
"06/11/2023","12:00:24","9","default","547630319","OXY_CH9","64.441","min","203.012","μmol/L","Humid","20.948","deg","115165","µV","26.769","°C","1016.000","hPa","35.9","pmil","0","55.690","deg","20.000","°C","100.000","%a.s.","22.400","deg","20.000","°C","962.000","hPa","0.861","-0.02617","0.00035","0","0","13.56","Humid","35.35","0","78.50","280089.43","SABD0002000014","AAV2.0.0.13","3.0.3.1703","PSt7-10","180509-002","9/13/2019 10:46:52 AM","0000-00","0","no battery","V"
"06/11/2023","12:00:25","9","default","547630319","OXY_CH9","64.458","min","203.067","μmol/L","Humid","20.949","deg","115159","µV","26.756","°C","1016.000","hPa","35.9","pmil","0","55.690","deg","20.000","°C","100.000","%a.s.","22.400","deg","20.000","°C","962.000","hPa","0.861","-0.02617","0.00035","0","0","13.56","Humid","35.35","0","78.50","280094.42","SABD0002000014","AAV2.0.0.13","3.0.3.1703","PSt7-10","180509-002","9/13/2019 10:46:52 AM","0000-00","0","no battery","V"
"06/11/2023","12:00:26","9","default","547630319","OXY_CH9","64.474","min","203.030","μmol/L","Humid","20.949","deg","115153","µV","26.763","°C","1016.000","hPa","35.9","pmil","0","55.690","deg","20.000","°C","100.000","%a.s.","22.400","deg","20.000","°C","962.000","hPa","0.861","-0.02617","0.00035","0","0","13.56","Humid","35.35","0","78.50","280089.71","SABD0002000014","AAV2.0.0.13","3.0.3.1703","PSt7-10","180509-002","9/13/2019 10:46:52 AM","0000-00","0","no battery","V"
"06/11/2023","12:00:27","9","default","547630319","OXY_CH9","64.492","min","203.084","μmol/L","Humid","20.944","deg","115144","µV","26.769","°C","1016.000","hPa","35.9","pmil","0","55.690","deg","20.000","°C","100.000","%a.s.","22.400","deg","20.000","°C","962.000","hPa","0.861","-0.02617","0.00035","0","0","13.56","Humid","35.35","0","78.50","280101.61","SABD0002000014","AAV2.0.0.13","3.0.3.1703","PSt7-10","180509-002","9/13/2019 10:46:52 AM","0000-00","0","no battery","V"
"06/11/2023","12:00:28","9","default","547630319","OXY_CH9","64.508","min","203.139","μmol/L","Humid","20.945","deg","115130","µV","26.756","°C","1016.000","hPa","35.9","pmil","0","55.690","deg","20.000","°C","100.000","%a.s.","22.400","deg","20.000","°C","962.000","hPa","0.861","-0.02617","0.00035","0","0","13.56","Humid","35.35","0","78.50","280088.89","SABD0002000014","AAV2.0.0.13","3.0.3.1703","PSt7-10","180509-002","9/13/2019 10:46:52 AM","0000-00","0","no battery","V"
"06/11/2023","12:00:29","9","default","547630319","OXY_CH9","64.525","min","203.048","μmol/L","Humid","20.946","deg","115124","µV","26.769","°C","1016.000","hPa","35.9","pmil","0","55.690","deg","20.000","°C","100.000","%a.s.","22.400","deg","20.000","°C","962.000","hPa","0.861","-0.02617","0.00035","0","0","13.56","Humid","35.35","0","78.50","280087.09","SABD0002000014","AAV2.0.0.13","3.0.3.1703","PSt7-10","180509-002","9/13/2019 10:46:52 AM","0000-00","0","no battery","V"
"06/11/2023","12:00:30","9","default","547630319","OXY_CH9","64.542","min","203.192","μmol/L","Humid","20.940","deg","115119","µV","26.763","°C","1016.000","hPa","35.9","pmil","0","55.690","deg","20.000","°C","100.000","%a.s.","22.400","deg","20.000","°C","962.000","hPa","0.861","-0.02617","0.00035","0","0","13.56","Humid","35.35","0","78.50","280082.85","SABD0002000014","AAV2.0.0.13","3.0.3.1703","PSt7-10","180509-002","9/13/2019 10:46:52 AM","0000-00","0","no battery","V"
"06/11/2023","12:00:31","9","default","547630319","OXY_CH9","64.558","min","203.156","μmol/L","Humid","20.942","deg","115105","µV","26.763","°C","1016.000","hPa","35.9","pmil","0","55.690","deg","20.000","°C","100.000","%a.s.","22.400","deg","20.000","°C","962.000","hPa","0.861","-0.02617","0.00035","0","0","13.56","Humid","35.35","0","78.50","280085.68","SABD0002000014","AAV2.0.0.13","3.0.3.1703","PSt7-10","180509-002","9/13/2019 10:46:52 AM","0000-00","0","no battery","V"
"06/11/2023","12:00:32","9","default","547630319","OXY_CH9","64.575","min","203.211","μmol/L","Humid","20.941","deg","115102","µV","26.756","°C","1016.000","hPa","35.9","pmil","0","55.690","deg","20.000","°C","100.000","%a.s.","22.400","deg","20.000","°C","962.000","hPa","0.861","-0.02617","0.00035","0","0","13.56","Humid","35.35","0","78.50","280099.65","SABD0002000014","AAV2.0.0.13","3.0.3.1703","PSt7-10","180509-002","9/13/2019 10:46:52 AM","0000-00","0","no battery","V"
"06/11/2023","12:00:33","9","default","547630319","OXY_CH9","64.592","min","203.228","μmol/L","Humid","20.936","deg","115105","µV","26.769","°C","1016.000","hPa","35.9","pmil","0","55.690","deg","20.000","°C","100.000","%a.s.","22.400","deg","20.000","°C","962.000","hPa","0.861","-0.02617","0.00035","0","0","13.56","Humid","35.35","0","78.50","280098.04","SABD0002000014","AAV2.0.0.13","3.0.3.1703","PSt7-10","180509-002","9/13/2019 10:46:52 AM","0000-00","0","no battery","V"
"06/11/2023","12:00:34","9","default","547630319","OXY_CH9","64.608","min","203.229","μmol/L","Humid","20.938","deg","115091","µV","26.763","°C","1016.000","hPa","35.9","pmil","0","55.690","deg","20.000","°C","100.000","%a.s.","22.400","deg","20.000","°C","962.000","hPa","0.861","-0.02617","0.00035","0","0","13.56","Humid","35.35","0","78.50","280089.77","SABD0002000014","AAV2.0.0.13","3.0.3.1703","PSt7-10","180509-002","9/13/2019 10:46:52 AM","0000-00","0","no battery","V"
"06/11/2023","12:00:35","9","default","547630319","OXY_CH9","64.625","min","203.229","μmol/L","Humid","20.938","deg","115084","µV","26.763","°C","1016.000","hPa","35.9","pmil","0","55.690","deg","20.000","°C","100.000","%a.s.","22.400","deg","20.000","°C","962.000","hPa","0.861","-0.02617","0.00035","0","0","13.56","Humid","35.35","0","78.50","280098.20","SABD0002000014","AAV2.0.0.13","3.0.3.1703","PSt7-10","180509-002","9/13/2019 10:46:52 AM","0000-00","0","no battery","V"
"06/11/2023","12:00:36","9","default","547630319","OXY_CH9","64.642","min","203.301","μmol/L","Humid","20.934","deg","115076","µV","26.763","°C","1016.000","hPa","35.9","pmil","0","55.690","deg","20.000","°C","100.000","%a.s.","22.400","deg","20.000","°C","962.000","hPa","0.861","-0.02617","0.00035","0","0","13.56","Humid","35.35","0","78.50","280098.73","SABD0002000014","AAV2.0.0.13","3.0.3.1703","PSt7-10","180509-002","9/13/2019 10:46:52 AM","0000-00","0","no battery","V"
"06/11/2023","12:00:37","9","default","547630319","OXY_CH9","64.658","min","203.265","μmol/L","Humid","20.936","deg","115072","µV","26.763","°C","1016.000","hPa","35.9","pmil","0","55.690","deg","20.000","°C","100.000","%a.s.","22.400","deg","20.000","°C","962.000","hPa","0.861","-0.02617","0.00035","0","0","13.56","Humid","35.35","0","78.50","280086.39","SABD0002000014","AAV2.0.0.13","3.0.3.1703","PSt7-10","180509-002","9/13/2019 10:46:52 AM","0000-00","0","no battery","V"
"06/11/2023","12:00:38","9","default","547630319","OXY_CH9","64.675","min","203.319","μmol/L","Humid","20.933","deg","115057","µV","26.763","°C","1016.000","hPa","35.9","pmil","0","55.690","deg","20.000","°C","100.000","%a.s.","22.400","deg","20.000","°C","962.000","hPa","0.861","-0.02617","0.00035","0","0","13.56","Humid","35.35","0","78.50","280084.93","SABD0002000014","AAV2.0.0.13","3.0.3.1703","PSt7-10","180509-002","9/13/2019 10:46:52 AM","0000-00","0","no battery","V"
"06/11/2023","12:00:39","9","default","547630319","OXY_CH9","64.691","min","203.265","μmol/L","Humid","20.936","deg","115052","µV","26.763","°C","1016.000","hPa","35.9","pmil","0","55.690","deg","20.000","°C","100.000","%a.s.","22.400","deg","20.000","°C","962.000","hPa","0.861","-0.02617","0.00035","0","0","13.56","Humid","35.35","0","78.50","280078.39","SABD0002000014","AAV2.0.0.13","3.0.3.1703","PSt7-10","180509-002","9/13/2019 10:46:52 AM","0000-00","0","no battery","V"
"06/11/2023","12:00:40","9","default","547630319","OXY_CH9","64.708","min","203.264","μmol/L","Humid","20.934","deg","115054","µV","26.769","°C","1016.000","hPa","35.9","pmil","0","55.690","deg","20.000","°C","100.000","%a.s.","22.400","deg","20.000","°C","962.000","hPa","0.861","-0.02617","0.00035","0","0","13.56","Humid","35.35","0","78.50","280086.50","SABD0002000014","AAV2.0.0.13","3.0.3.1703","PSt7-10","180509-002","9/13/2019 10:46:52 AM","0000-00","0","no battery","V"
"06/11/2023","12:00:41","9","default","547630319","OXY_CH9","64.725","min","203.301","μmol/L","Humid","20.936","deg","115047","µV","26.756","°C","1016.000","hPa","35.9","pmil","0","55.690","deg","20.000","°C","100.000","%a.s.","22.400","deg","20.000","°C","962.000","hPa","0.861","-0.02617","0.00035","0","0","13.56","Humid","35.35","0","78.50","280091.88","SABD0002000014","AAV2.0.0.13","3.0.3.1703","PSt7-10","180509-002","9/13/2019 10:46:52 AM","0000-00","0","no battery","V"
"06/11/2023","12:00:42","9","default","547630319","OXY_CH9","64.741","min","203.409","μmol/L","Humid","20.928","deg","115033","µV","26.763","°C","1016.000","hPa","35.9","pmil","0","55.690","deg","20.000","°C","100.000","%a.s.","22.400","deg","20.000","°C","962.000","hPa","0.861","-0.02617","0.00035","0","0","13.56","Humid","35.35","0","78.50","280076.62","SABD0002000014","AAV2.0.0.13","3.0.3.1703","PSt7-10","180509-002","9/13/2019 10:46:52 AM","0000-00","0","no battery","V"
"06/11/2023","12:00:43","9","default","547630319","OXY_CH9","64.758","min","203.446","μmol/L","Humid","20.928","deg","115032","µV","26.756","°C","1016.000","hPa","35.9","pmil","0","55.690","deg","20.000","°C","100.000","%a.s.","22.400","deg","20.000","°C","962.000","hPa","0.861","-0.02617","0.00035","0","0","13.56","Humid","35.35","0","78.50","280083.23","SABD0002000014","AAV2.0.0.13","3.0.3.1703","PSt7-10","180509-002","9/13/2019 10:46:52 AM","0000-00","0","no battery","V"
"06/11/2023","12:00:44","9","default","547630319","OXY_CH9","64.775","min","203.408","μmol/L","Humid","20.926","deg","115027","µV","26.769","°C","1016.000","hPa","35.9","pmil","0","55.690","deg","20.000","°C","100.000","%a.s.","22.400","deg","20.000","°C","962.000","hPa","0.861","-0.02617","0.00035","0","0","13.56","Humid","35.35","0","78.50","280087.41","SABD0002000014","AAV2.0.0.13","3.0.3.1703","PSt7-10","180509-002","9/13/2019 10:46:52 AM","0000-00","0","no battery","V"
"06/11/2023","12:00:45","9","default","547630319","OXY_CH9","64.792","min","203.427","μmol/L","Humid","20.927","deg","115009","µV","26.763","°C","1016.000","hPa","35.9","pmil","0","55.690","deg","20.000","°C","100.000","%a.s.","22.400","deg","20.000","°C","962.000","hPa","0.861","-0.02617","0.00035","0","0","13.56","Humid","35.35","0","78.50","280076.31","SABD0002000014","AAV2.0.0.13","3.0.3.1703","PSt7-10","180509-002","9/13/2019 10:46:52 AM","0000-00","0","no battery","V"
"06/11/2023","12:00:46","9","default","547630319","OXY_CH9","64.809","min","203.481","μmol/L","Humid","20.924","deg","115004","µV","26.763","°C","1016.000","hPa","35.9","pmil","0","55.690","deg","20.000","°C","100.000","%a.s.","22.400","deg","20.000","°C","962.000","hPa","0.861","-0.02617","0.00035","0","0","13.56","Humid","35.35","0","78.50","280086.79","SABD0002000014","AAV2.0.0.13","3.0.3.1703","PSt7-10","180509-002","9/13/2019 10:46:52 AM","0000-00","0","no battery","V"
"06/11/2023","12:00:47","9","default","547630319","OXY_CH9","64.825","min","203.408","μmol/L","Humid","20.926","deg","114999","µV","26.769","°C","1016.000","hPa","35.9","pmil","0","55.690","deg","20.000","°C","100.000","%a.s.","22.400","deg","20.000","°C","962.000","hPa","0.861","-0.02617","0.00035","0","0","13.56","Humid","35.35","0","78.50","280086.32","SABD0002000014","AAV2.0.0.13","3.0.3.1703","PSt7-10","180509-002","9/13/2019 10:46:52 AM","0000-00","0","no battery","V"
"06/11/2023","12:00:48","9","default","547630319","OXY_CH9","64.842","min","203.480","μmol/L","Humid","20.922","deg","114989","µV","26.769","°C","1016.000","hPa","35.9","pmil","0","55.690","deg","20.000","°C","100.000","%a.s.","22.400","deg","20.000","°C","962.000","hPa","0.861","-0.02617","0.00035","0","0","13.56","Humid","35.35","0","78.50","280091.60","SABD0002000014","AAV2.0.0.13","3.0.3.1703","PSt7-10","180509-002","9/13/2019 10:46:52 AM","0000-00","0","no battery","V"
"06/11/2023","12:00:49","9","default","547630319","OXY_CH9","64.858","min","203.444","μmol/L","Humid","20.924","deg","114990","µV","26.769","°C","1016.000","hPa","35.9","pmil","0","55.690","deg","20.000","°C","100.000","%a.s.","22.400","deg","20.000","°C","962.000","hPa","0.861","-0.02617","0.00035","0","0","13.56","Humid","35.35","0","78.50","280085.74","SABD0002000014","AAV2.0.0.13","3.0.3.1703","PSt7-10","180509-002","9/13/2019 10:46:52 AM","0000-00","0","no battery","V"
"06/11/2023","12:00:50","9","default","547630319","OXY_CH9","64.875","min","203.516","μmol/L","Humid","20.920","deg","114971","µV","26.769","°C","1016.000","hPa","35.9","pmil","0","55.690","deg","20.000","°C","100.000","%a.s.","22.400","deg","20.000","°C","962.000","hPa","0.861","-0.02617","0.00035","0","0","13.56","Humid","35.35","0","78.50","280088.20","SABD0002000014","AAV2.0.0.13","3.0.3.1703","PSt7-10","180509-002","9/13/2019 10:46:52 AM","0000-00","0","no battery","V"
"06/11/2023","12:00:51","9","default","547630319","OXY_CH9","64.892","min","203.554","μmol/L","Humid","20.922","deg","114975","µV","26.756","°C","1016.000","hPa","35.9","pmil","0","55.690","deg","20.000","°C","100.000","%a.s.","22.400","deg","20.000","°C","962.000","hPa","0.861","-0.02617","0.00035","0","0","13.56","Humid","35.35","0","78.50","280088.85","SABD0002000014","AAV2.0.0.13","3.0.3.1703","PSt7-10","180509-002","9/13/2019 10:46:52 AM","0000-00","0","no battery","V"
"06/11/2023","12:00:52","9","default","547630319","OXY_CH9","64.908","min","203.553","μmol/L","Humid","20.920","deg","114968","µV","26.763","°C","1016.000","hPa","35.9","pmil","0","55.690","deg","20.000","°C","100.000","%a.s.","22.400","deg","20.000","°C","962.000","hPa","0.861","-0.02617","0.00035","0","0","13.56","Humid","35.35","0","78.50","280085.31","SABD0002000014","AAV2.0.0.13","3.0.3.1703","PSt7-10","180509-002","9/13/2019 10:46:52 AM","0000-00","0","no battery","V"
"06/11/2023","12:00:53","9","default","547630319","OXY_CH9","64.925","min","203.571","μmol/L","Humid","20.919","deg","114960","µV","26.763","°C","1016.000","hPa","35.9","pmil","0","55.690","deg","20.000","°C","100.000","%a.s.","22.400","deg","20.000","°C","962.000","hPa","0.861","-0.02617","0.00035","0","0","13.56","Humid","35.35","0","78.50","280083.73","SABD0002000014","AAV2.0.0.13","3.0.3.1703","PSt7-10","180509-002","9/13/2019 10:46:52 AM","0000-00","0","no battery","V"
"06/11/2023","12:00:54","9","default","547630319","OXY_CH9","64.942","min","203.571","μmol/L","Humid","20.919","deg","114945","µV","26.763","°C","1016.000","hPa","35.9","pmil","0","55.690","deg","20.000","°C","100.000","%a.s.","22.400","deg","20.000","°C","962.000","hPa","0.861","-0.02617","0.00035","0","0","13.56","Humid","35.35","0","78.50","280087.22","SABD0002000014","AAV2.0.0.13","3.0.3.1703","PSt7-10","180509-002","9/13/2019 10:46:52 AM","0000-00","0","no battery","V"
"06/11/2023","12:00:55","9","default","547630319","OXY_CH9","64.958","min","203.662","μmol/L","Humid","20.914","deg","114943","µV","26.763","°C","1016.000","hPa","35.9","pmil","0","55.690","deg","20.000","°C","100.000","%a.s.","22.400","deg","20.000","°C","962.000","hPa","0.861","-0.02617","0.00035","0","0","13.56","Humid","35.35","0","78.50","280084.90","SABD0002000014","AAV2.0.0.13","3.0.3.1703","PSt7-10","180509-002","9/13/2019 10:46:52 AM","0000-00","0","no battery","V"
"06/11/2023","12:00:56","9","default","547630319","OXY_CH9","64.975","min","203.607","μmol/L","Humid","20.915","deg","114946","µV","26.769","°C","1016.000","hPa","35.9","pmil","0","55.690","deg","20.000","°C","100.000","%a.s.","22.400","deg","20.000","°C","962.000","hPa","0.861","-0.02617","0.00035","0","0","13.56","Humid","35.35","0","78.50","280094.73","SABD0002000014","AAV2.0.0.13","3.0.3.1703","PSt7-10","180509-002","9/13/2019 10:46:52 AM","0000-00","0","no battery","V"
"06/11/2023","12:00:57","9","default","547630319","OXY_CH9","64.992","min","203.698","μmol/L","Humid","20.912","deg","114939","µV","26.763","°C","1016.000","hPa","35.9","pmil","0","55.690","deg","20.000","°C","100.000","%a.s.","22.400","deg","20.000","°C","962.000","hPa","0.861","-0.02617","0.00035","0","0","13.56","Humid","35.35","0","78.50","280089.41","SABD0002000014","AAV2.0.0.13","3.0.3.1703","PSt7-10","180509-002","9/13/2019 10:46:52 AM","0000-00","0","no battery","V"
"06/11/2023","12:00:58","9","default","547630319","OXY_CH9","65.008","min","203.608","μmol/L","Humid","20.917","deg","114932","µV","26.763","°C","1016.000","hPa","35.9","pmil","0","55.690","deg","20.000","°C","100.000","%a.s.","22.400","deg","20.000","°C","962.000","hPa","0.861","-0.02617","0.00035","0","0","13.56","Humid","35.35","0","78.50","280079.96","SABD0002000014","AAV2.0.0.13","3.0.3.1703","PSt7-10","180509-002","9/13/2019 10:46:52 AM","0000-00","0","no battery","V"
"06/11/2023","12:00:59","9","default","547630319","OXY_CH9","65.025","min","203.807","μmol/L","Humid","20.908","deg","114912","µV","26.756","°C","1016.000","hPa","35.9","pmil","0","55.690","deg","20.000","°C","100.000","%a.s.","22.400","deg","20.000","°C","962.000","hPa","0.861","-0.02617","0.00035","0","0","13.56","Humid","35.35","0","78.50","280088.29","SABD0002000014","AAV2.0.0.13","3.0.3.1703","PSt7-10","180509-002","9/13/2019 10:46:52 AM","0000-00","0","no battery","V"
"06/11/2023","12:01:00","9","default","547630319","OXY_CH9","65.041","min","203.716","μmol/L","Humid","20.911","deg","114907","µV","26.763","°C","1016.000","hPa","35.9","pmil","0","55.690","deg","20.000","°C","100.000","%a.s.","22.400","deg","20.000","°C","962.000","hPa","0.861","-0.02617","0.00035","0","0","13.56","Humid","35.35","0","78.50","280073.09","SABD0002000014","AAV2.0.0.13","3.0.3.1703","PSt7-10","180509-002","9/13/2019 10:46:52 AM","0000-00","0","no battery","V"
"06/11/2023","12:01:01","9","default","547630319","OXY_CH9","65.058","min","203.843","μmol/L","Humid","20.904","deg","114903","µV","26.763","°C","1016.000","hPa","35.9","pmil","0","55.690","deg","20.000","°C","100.000","%a.s.","22.400","deg","20.000","°C","962.000","hPa","0.861","-0.02617","0.00035","0","0","13.56","Humid","35.35","0","78.50","280086.41","SABD0002000014","AAV2.0.0.13","3.0.3.1703","PSt7-10","180509-002","9/13/2019 10:46:52 AM","0000-00","0","no battery","V"
"06/11/2023","12:01:02","9","default","547630319","OXY_CH9","65.075","min","203.770","μmol/L","Humid","20.908","deg","114901","µV","26.763","°C","1016.000","hPa","35.9","pmil","0","55.690","deg","20.000","°C","100.000","%a.s.","22.400","deg","20.000","°C","962.000","hPa","0.861","-0.02617","0.00035","0","0","13.56","Humid","35.35","0","78.50","280089.33","SABD0002000014","AAV2.0.0.13","3.0.3.1703","PSt7-10","180509-002","9/13/2019 10:46:52 AM","0000-00","0","no battery","V"
"06/11/2023","12:01:03","9","default","547630319","OXY_CH9","65.091","min","203.806","μmol/L","Humid","20.906","deg","114889","µV","26.763","°C","1016.000","hPa","35.9","pmil","0","55.690","deg","20.000","°C","100.000","%a.s.","22.400","deg","20.000","°C","962.000","hPa","0.861","-0.02617","0.00035","0","0","13.56","Humid","35.35","0","78.50","280080.56","SABD0002000014","AAV2.0.0.13","3.0.3.1703","PSt7-10","180509-002","9/13/2019 10:46:52 AM","0000-00","0","no battery","V"
"06/11/2023","12:01:04","9","default","547630319","OXY_CH9","65.108","min","203.715","μmol/L","Humid","20.909","deg","114886","µV","26.769","°C","1016.000","hPa","35.9","pmil","0","55.690","deg","20.000","°C","100.000","%a.s.","22.400","deg","20.000","°C","962.000","hPa","0.861","-0.02617","0.00035","0","0","13.56","Humid","35.35","0","78.50","280079.45","SABD0002000014","AAV2.0.0.13","3.0.3.1703","PSt7-10","180509-002","9/13/2019 10:46:52 AM","0000-00","0","no battery","V"
"06/11/2023","12:01:05","9","default","547630319","OXY_CH9","65.125","min","203.806","μmol/L","Humid","20.904","deg","114875","µV","26.769","°C","1016.000","hPa","35.9","pmil","0","55.690","deg","20.000","°C","100.000","%a.s.","22.400","deg","20.000","°C","962.000","hPa","0.861","-0.02617","0.00035","0","0","13.56","Humid","35.35","0","78.50","280076.87","SABD0002000014","AAV2.0.0.13","3.0.3.1703","PSt7-10","180509-002","9/13/2019 10:46:52 AM","0000-00","0","no battery","V"
"06/11/2023","12:01:06","9","default","547630319","OXY_CH9","65.141","min","203.805","μmol/L","Humid","20.902","deg","114866","µV","26.775","°C","1016.000","hPa","35.9","pmil","0","55.690","deg","20.000","°C","100.000","%a.s.","22.400","deg","20.000","°C","962.000","hPa","0.861","-0.02617","0.00035","0","0","13.56","Humid","35.35","0","78.50","280079.25","SABD0002000014","AAV2.0.0.13","3.0.3.1703","PSt7-10","180509-002","9/13/2019 10:46:52 AM","0000-00","0","no battery","V"
"06/11/2023","12:01:07","9","default","547630319","OXY_CH9","65.158","min","203.788","μmol/L","Humid","20.905","deg","114866","µV","26.769","°C","1016.000","hPa","35.9","pmil","0","55.690","deg","20.000","°C","100.000","%a.s.","22.400","deg","20.000","°C","962.000","hPa","0.861","-0.02617","0.00035","0","0","13.56","Humid","35.35","0","78.50","280086.40","SABD0002000014","AAV2.0.0.13","3.0.3.1703","PSt7-10","180509-002","9/13/2019 10:46:52 AM","0000-00","0","no battery","V"
"06/11/2023","12:01:08","9","default","547630319","OXY_CH9","65.174","min","203.842","μmol/L","Humid","20.902","deg","114849","µV","26.769","°C","1016.000","hPa","35.9","pmil","0","55.690","deg","20.000","°C","100.000","%a.s.","22.400","deg","20.000","°C","962.000","hPa","0.861","-0.02617","0.00035","0","0","13.56","Humid","35.35","0","78.50","280081.16","SABD0002000014","AAV2.0.0.13","3.0.3.1703","PSt7-10","180509-002","9/13/2019 10:46:52 AM","0000-00","0","no battery","V"
"06/11/2023","12:01:09","9","default","547630319","OXY_CH9","65.191","min","203.879","μmol/L","Humid","20.902","deg","114849","µV","26.763","°C","1016.000","hPa","35.9","pmil","0","55.690","deg","20.000","°C","100.000","%a.s.","22.400","deg","20.000","°C","962.000","hPa","0.861","-0.02617","0.00035","0","0","13.56","Humid","35.35","0","78.50","280079.67","SABD0002000014","AAV2.0.0.13","3.0.3.1703","PSt7-10","180509-002","9/13/2019 10:46:52 AM","0000-00","0","no battery","V"
"06/11/2023","12:01:10","9","default","547630319","OXY_CH9","65.208","min","203.896","μmol/L","Humid","20.899","deg","114845","µV","26.769","°C","1016.000","hPa","35.9","pmil","0","55.690","deg","20.000","°C","100.000","%a.s.","22.400","deg","20.000","°C","962.000","hPa","0.861","-0.02617","0.00035","0","0","13.56","Humid","35.35","0","78.50","280099.86","SABD0002000014","AAV2.0.0.13","3.0.3.1703","PSt7-10","180509-002","9/13/2019 10:46:52 AM","0000-00","0","no battery","V"
"06/11/2023","12:01:11","9","default","547630319","OXY_CH9","65.225","min","203.969","μmol/L","Humid","20.897","deg","114836","µV","26.763","°C","1016.000","hPa","35.9","pmil","0","55.690","deg","20.000","°C","100.000","%a.s.","22.400","deg","20.000","°C","962.000","hPa","0.861","-0.02617","0.00035","0","0","13.56","Humid","35.35","0","78.50","280084.27","SABD0002000014","AAV2.0.0.13","3.0.3.1703","PSt7-10","180509-002","9/13/2019 10:46:52 AM","0000-00","0","no battery","V"
"06/11/2023","12:01:12","9","default","547630319","OXY_CH9","65.242","min","203.951","μmol/L","Humid","20.898","deg","114824","µV","26.763","°C","1016.000","hPa","35.9","pmil","0","55.690","deg","20.000","°C","100.000","%a.s.","22.400","deg","20.000","°C","962.000","hPa","0.861","-0.02617","0.00035","0","0","13.56","Humid","35.35","0","78.50","280079.61","SABD0002000014","AAV2.0.0.13","3.0.3.1703","PSt7-10","180509-002","9/13/2019 10:46:52 AM","0000-00","0","no battery","V"
"06/11/2023","12:01:13","9","default","547630319","OXY_CH9","65.259","min","203.932","μmol/L","Humid","20.897","deg","114821","µV","26.769","°C","1016.000","hPa","35.9","pmil","0","55.690","deg","20.000","°C","100.000","%a.s.","22.400","deg","20.000","°C","962.000","hPa","0.861","-0.02617","0.00035","0","0","13.56","Humid","35.35","0","78.50","280085.93","SABD0002000014","AAV2.0.0.13","3.0.3.1703","PSt7-10","180509-002","9/13/2019 10:46:52 AM","0000-00","0","no battery","V"
"06/11/2023","12:01:14","9","default","547630319","OXY_CH9","65.275","min","203.969","μmol/L","Humid","20.897","deg","114810","µV","26.763","°C","1016.000","hPa","35.9","pmil","0","55.690","deg","20.000","°C","100.000","%a.s.","22.400","deg","20.000","°C","962.000","hPa","0.861","-0.02617","0.00035","0","0","13.56","Humid","35.35","0","78.50","280082.35","SABD0002000014","AAV2.0.0.13","3.0.3.1703","PSt7-10","180509-002","9/13/2019 10:46:52 AM","0000-00","0","no battery","V"
"06/11/2023","12:01:15","9","default","547630319","OXY_CH9","65.292","min","203.987","μmol/L","Humid","20.894","deg","114806","µV","26.769","°C","1016.000","hPa","35.9","pmil","0","55.690","deg","20.000","°C","100.000","%a.s.","22.400","deg","20.000","°C","962.000","hPa","0.861","-0.02617","0.00035","0","0","13.56","Humid","35.35","0","78.50","280088.31","SABD0002000014","AAV2.0.0.13","3.0.3.1703","PSt7-10","180509-002","9/13/2019 10:46:52 AM","0000-00","0","no battery","V"
"06/11/2023","12:01:16","9","default","547630319","OXY_CH9","65.308","min","203.988","μmol/L","Humid","20.896","deg","114796","µV","26.763","°C","1016.000","hPa","35.9","pmil","0","55.690","deg","20.000","°C","100.000","%a.s.","22.400","deg","20.000","°C","962.000","hPa","0.861","-0.02617","0.00035","0","0","13.56","Humid","35.35","0","78.50","280080.92","SABD0002000014","AAV2.0.0.13","3.0.3.1703","PSt7-10","180509-002","9/13/2019 10:46:52 AM","0000-00","0","no battery","V"
"06/11/2023","12:01:17","9","default","547630319","OXY_CH9","65.325","min","204.078","μmol/L","Humid","20.891","deg","114788","µV","26.763","°C","1016.000","hPa","35.9","pmil","0","55.690","deg","20.000","°C","100.000","%a.s.","22.400","deg","20.000","°C","962.000","hPa","0.861","-0.02617","0.00035","0","0","13.56","Humid","35.35","0","78.50","280079.20","SABD0002000014","AAV2.0.0.13","3.0.3.1703","PSt7-10","180509-002","9/13/2019 10:46:52 AM","0000-00","0","no battery","V"
"06/11/2023","12:01:18","9","default","547630319","OXY_CH9","65.341","min","204.023","μmol/L","Humid","20.892","deg","114783","µV","26.769","°C","1016.000","hPa","35.9","pmil","0","55.690","deg","20.000","°C","100.000","%a.s.","22.400","deg","20.000","°C","962.000","hPa","0.861","-0.02617","0.00035","0","0","13.56","Humid","35.35","0","78.50","280085.53","SABD0002000014","AAV2.0.0.13","3.0.3.1703","PSt7-10","180509-002","9/13/2019 10:46:52 AM","0000-00","0","no battery","V"
"06/11/2023","12:01:19","9","default","547630319","OXY_CH9","65.358","min","204.095","μmol/L","Humid","20.888","deg","114776","µV","26.769","°C","1016.000","hPa","35.9","pmil","0","55.690","deg","20.000","°C","100.000","%a.s.","22.400","deg","20.000","°C","962.000","hPa","0.861","-0.02617","0.00035","0","0","13.56","Humid","35.35","0","78.50","280071.63","SABD0002000014","AAV2.0.0.13","3.0.3.1703","PSt7-10","180509-002","9/13/2019 10:46:52 AM","0000-00","0","no battery","V"
"06/11/2023","12:01:20","9","default","547630319","OXY_CH9","65.375","min","204.169","μmol/L","Humid","20.886","deg","114771","µV","26.763","°C","1016.000","hPa","35.9","pmil","0","55.690","deg","20.000","°C","100.000","%a.s.","22.400","deg","20.000","°C","962.000","hPa","0.861","-0.02617","0.00035","0","0","13.56","Humid","35.35","0","78.50","280078.49","SABD0002000014","AAV2.0.0.13","3.0.3.1703","PSt7-10","180509-002","9/13/2019 10:46:52 AM","0000-00","0","no battery","V"
"06/11/2023","12:01:21","9","default","547630319","OXY_CH9","65.391","min","204.151","μmol/L","Humid","20.887","deg","114769","µV","26.763","°C","1016.000","hPa","35.9","pmil","0","55.690","deg","20.000","°C","100.000","%a.s.","22.400","deg","20.000","°C","962.000","hPa","0.861","-0.02617","0.00035","0","0","13.56","Humid","35.35","0","78.50","280075.90","SABD0002000014","AAV2.0.0.13","3.0.3.1703","PSt7-10","180509-002","9/13/2019 10:46:52 AM","0000-00","0","no battery","V"
"06/11/2023","12:01:22","9","default","547630319","OXY_CH9","65.408","min","204.223","μmol/L","Humid","20.883","deg","114756","µV","26.763","°C","1016.000","hPa","35.9","pmil","0","55.690","deg","20.000","°C","100.000","%a.s.","22.400","deg","20.000","°C","962.000","hPa","0.861","-0.02617","0.00035","0","0","13.56","Humid","35.35","0","78.50","280077.87","SABD0002000014","AAV2.0.0.13","3.0.3.1703","PSt7-10","180509-002","9/13/2019 10:46:52 AM","0000-00","0","no battery","V"
"06/11/2023","12:01:23","9","default","547630319","OXY_CH9","65.425","min","204.133","μmol/L","Humid","20.888","deg","114748","µV","26.763","°C","1016.000","hPa","35.9","pmil","0","55.690","deg","20.000","°C","100.000","%a.s.","22.400","deg","20.000","°C","962.000","hPa","0.861","-0.02617","0.00035","0","0","13.56","Humid","35.35","0","78.50","280074.94","SABD0002000014","AAV2.0.0.13","3.0.3.1703","PSt7-10","180509-002","9/13/2019 10:46:52 AM","0000-00","0","no battery","V"
"06/11/2023","12:01:24","9","default","547630319","OXY_CH9","65.442","min","204.149","μmol/L","Humid","20.883","deg","114750","µV","26.775","°C","1016.000","hPa","35.9","pmil","0","55.690","deg","20.000","°C","100.000","%a.s.","22.400","deg","20.000","°C","962.000","hPa","0.861","-0.02617","0.00035","0","0","13.56","Humid","35.35","0","78.50","280077.71","SABD0002000014","AAV2.0.0.13","3.0.3.1703","PSt7-10","180509-002","9/13/2019 10:46:52 AM","0000-00","0","no battery","V"
"06/11/2023","12:01:25","9","default","547630319","OXY_CH9","65.458","min","204.259","μmol/L","Humid","20.881","deg","114736","µV","26.763","°C","1016.000","hPa","35.9","pmil","0","55.690","deg","20.000","°C","100.000","%a.s.","22.400","deg","20.000","°C","962.000","hPa","0.861","-0.02617","0.00035","0","0","13.56","Humid","35.35","0","78.50","280074.69","SABD0002000014","AAV2.0.0.13","3.0.3.1703","PSt7-10","180509-002","9/13/2019 10:46:52 AM","0000-00","0","no battery","V"
"06/11/2023","12:01:26","9","default","547630319","OXY_CH9","65.475","min","204.204","μmol/L","Humid","20.882","deg","114726","µV","26.769","°C","1016.000","hPa","35.9","pmil","0","55.690","deg","20.000","°C","100.000","%a.s.","22.400","deg","20.000","°C","962.000","hPa","0.861","-0.02617","0.00035","0","0","13.56","Humid","35.35","0","78.50","280069.88","SABD0002000014","AAV2.0.0.13","3.0.3.1703","PSt7-10","180509-002","9/13/2019 10:46:52 AM","0000-00","0","no battery","V"
"06/11/2023","12:01:27","9","default","547630319","OXY_CH9","65.491","min","204.278","μmol/L","Humid","20.880","deg","114729","µV","26.763","°C","1016.000","hPa","35.9","pmil","0","55.690","deg","20.000","°C","100.000","%a.s.","22.400","deg","20.000","°C","962.000","hPa","0.861","-0.02617","0.00035","0","0","13.56","Humid","35.35","0","78.50","280071.41","SABD0002000014","AAV2.0.0.13","3.0.3.1703","PSt7-10","180509-002","9/13/2019 10:46:52 AM","0000-00","0","no battery","V"
"06/11/2023","12:01:28","9","default","547630319","OXY_CH9","65.508","min","204.296","μmol/L","Humid","20.879","deg","114715","µV","26.763","°C","1016.000","hPa","35.9","pmil","0","55.690","deg","20.000","°C","100.000","%a.s.","22.400","deg","20.000","°C","962.000","hPa","0.861","-0.02617","0.00035","0","0","13.56","Humid","35.35","0","78.50","280071.34","SABD0002000014","AAV2.0.0.13","3.0.3.1703","PSt7-10","180509-002","9/13/2019 10:46:52 AM","0000-00","0","no battery","V"
"06/11/2023","12:01:29","9","default","547630319","OXY_CH9","65.525","min","204.332","μmol/L","Humid","20.877","deg","114710","µV","26.763","°C","1016.000","hPa","35.9","pmil","0","55.690","deg","20.000","°C","100.000","%a.s.","22.400","deg","20.000","°C","962.000","hPa","0.861","-0.02617","0.00035","0","0","13.56","Humid","35.35","0","78.50","280076.74","SABD0002000014","AAV2.0.0.13","3.0.3.1703","PSt7-10","180509-002","9/13/2019 10:46:52 AM","0000-00","0","no battery","V"
"06/11/2023","12:01:30","9","default","547630319","OXY_CH9","65.542","min","204.405","μmol/L","Humid","20.873","deg","114710","µV","26.763","°C","1016.000","hPa","35.9","pmil","0","55.690","deg","20.000","°C","100.000","%a.s.","22.400","deg","20.000","°C","962.000","hPa","0.861","-0.02617","0.00035","0","0","13.56","Humid","35.35","0","78.50","280075.43","SABD0002000014","AAV2.0.0.13","3.0.3.1703","PSt7-10","180509-002","9/13/2019 10:46:52 AM","0000-00","0","no battery","V"
"06/11/2023","12:01:31","9","default","547630319","OXY_CH9","65.558","min","204.350","μmol/L","Humid","20.876","deg","114701","µV","26.763","°C","1016.000","hPa","35.9","pmil","0","55.690","deg","20.000","°C","100.000","%a.s.","22.400","deg","20.000","°C","962.000","hPa","0.861","-0.02617","0.00035","0","0","13.56","Humid","35.35","0","78.50","280086.37","SABD0002000014","AAV2.0.0.13","3.0.3.1703","PSt7-10","180509-002","9/13/2019 10:46:52 AM","0000-00","0","no battery","V"
"06/11/2023","12:01:32","9","default","547630319","OXY_CH9","65.575","min","204.387","μmol/L","Humid","20.874","deg","114688","µV","26.763","°C","1016.000","hPa","35.9","pmil","0","55.690","deg","20.000","°C","100.000","%a.s.","22.400","deg","20.000","°C","962.000","hPa","0.861","-0.02617","0.00035","0","0","13.56","Humid","35.35","0","78.50","280061.60","SABD0002000014","AAV2.0.0.13","3.0.3.1703","PSt7-10","180509-002","9/13/2019 10:46:52 AM","0000-00","0","no battery","V"
"06/11/2023","12:01:33","9","default","547630319","OXY_CH9","65.592","min","204.386","μmol/L","Humid","20.872","deg","114679","µV","26.769","°C","1016.000","hPa","35.9","pmil","0","55.690","deg","20.000","°C","100.000","%a.s.","22.400","deg","20.000","°C","962.000","hPa","0.861","-0.02617","0.00035","0","0","13.56","Humid","35.35","0","78.50","280071.70","SABD0002000014","AAV2.0.0.13","3.0.3.1703","PSt7-10","180509-002","9/13/2019 10:46:52 AM","0000-00","0","no battery","V"
"06/11/2023","12:01:34","9","default","547630319","OXY_CH9","65.608","min","204.405","μmol/L","Humid","20.873","deg","114673","µV","26.763","°C","1016.000","hPa","35.9","pmil","0","55.690","deg","20.000","°C","100.000","%a.s.","22.400","deg","20.000","°C","962.000","hPa","0.861","-0.02617","0.00035","0","0","13.56","Humid","35.35","0","78.50","280072.18","SABD0002000014","AAV2.0.0.13","3.0.3.1703","PSt7-10","180509-002","9/13/2019 10:46:52 AM","0000-00","0","no battery","V"
"06/11/2023","12:01:35","9","default","547630319","OXY_CH9","65.625","min","204.405","μmol/L","Humid","20.873","deg","114661","µV","26.763","°C","1016.000","hPa","35.9","pmil","0","55.690","deg","20.000","°C","100.000","%a.s.","22.400","deg","20.000","°C","962.000","hPa","0.861","-0.02617","0.00035","0","0","13.56","Humid","35.35","0","78.50","280066.23","SABD0002000014","AAV2.0.0.13","3.0.3.1703","PSt7-10","180509-002","9/13/2019 10:46:52 AM","0000-00","0","no battery","V"
"06/11/2023","12:01:36","9","default","547630319","OXY_CH9","65.642","min","204.458","μmol/L","Humid","20.868","deg","114669","µV","26.769","°C","1016.000","hPa","35.9","pmil","0","55.690","deg","20.000","°C","100.000","%a.s.","22.400","deg","20.000","°C","962.000","hPa","0.861","-0.02617","0.00035","0","0","13.56","Humid","35.35","0","78.50","280073.89","SABD0002000014","AAV2.0.0.13","3.0.3.1703","PSt7-10","180509-002","9/13/2019 10:46:52 AM","0000-00","0","no battery","V"
"06/11/2023","12:01:37","9","default","547630319","OXY_CH9","65.658","min","204.496","μmol/L","Humid","20.868","deg","114656","µV","26.763","°C","1016.000","hPa","35.9","pmil","0","55.690","deg","20.000","°C","100.000","%a.s.","22.400","deg","20.000","°C","962.000","hPa","0.861","-0.02617","0.00035","0","0","13.56","Humid","35.35","0","78.50","280073.42","SABD0002000014","AAV2.0.0.13","3.0.3.1703","PSt7-10","180509-002","9/13/2019 10:46:52 AM","0000-00","0","no battery","V"
"06/11/2023","12:01:38","9","default","547630319","OXY_CH9","65.675","min","204.550","μmol/L","Humid","20.865","deg","114658","µV","26.763","°C","1016.000","hPa","35.9","pmil","0","55.690","deg","20.000","°C","100.000","%a.s.","22.400","deg","20.000","°C","962.000","hPa","0.861","-0.02617","0.00035","0","0","13.56","Humid","35.35","0","78.50","280069.58","SABD0002000014","AAV2.0.0.13","3.0.3.1703","PSt7-10","180509-002","9/13/2019 10:46:52 AM","0000-00","0","no battery","V"
"06/11/2023","12:01:39","9","default","547630319","OXY_CH9","65.691","min","204.404","μmol/L","Humid","20.871","deg","114641","µV","26.769","°C","1016.000","hPa","35.9","pmil","0","55.690","deg","20.000","°C","100.000","%a.s.","22.400","deg","20.000","°C","962.000","hPa","0.861","-0.02617","0.00035","0","0","13.56","Humid","35.35","0","78.50","280065.73","SABD0002000014","AAV2.0.0.13","3.0.3.1703","PSt7-10","180509-002","9/13/2019 10:46:52 AM","0000-00","0","no battery","V"
"06/11/2023","12:01:40","9","default","547630319","OXY_CH9","65.708","min","204.513","μmol/L","Humid","20.865","deg","114637","µV","26.769","°C","1016.000","hPa","35.9","pmil","0","55.690","deg","20.000","°C","100.000","%a.s.","22.400","deg","20.000","°C","962.000","hPa","0.861","-0.02617","0.00035","0","0","13.56","Humid","35.35","0","78.50","280072.45","SABD0002000014","AAV2.0.0.13","3.0.3.1703","PSt7-10","180509-002","9/13/2019 10:46:52 AM","0000-00","0","no battery","V"
"06/11/2023","12:01:41","9","default","547630319","OXY_CH9","65.725","min","204.494","μmol/L","Humid","20.864","deg","114631","µV","26.775","°C","1016.000","hPa","35.9","pmil","0","55.690","deg","20.000","°C","100.000","%a.s.","22.400","deg","20.000","°C","962.000","hPa","0.861","-0.02617","0.00035","0","0","13.56","Humid","35.35","0","78.50","280060.53","SABD0002000014","AAV2.0.0.13","3.0.3.1703","PSt7-10","180509-002","9/13/2019 10:46:52 AM","0000-00","0","no battery","V"
"06/11/2023","12:01:42","9","default","547630319","OXY_CH9","65.741","min","204.477","μmol/L","Humid","20.867","deg","114619","µV","26.769","°C","1016.000","hPa","35.9","pmil","0","55.690","deg","20.000","°C","100.000","%a.s.","22.400","deg","20.000","°C","962.000","hPa","0.861","-0.02617","0.00035","0","0","13.56","Humid","35.35","0","78.50","280062.72","SABD0002000014","AAV2.0.0.13","3.0.3.1703","PSt7-10","180509-002","9/13/2019 10:46:52 AM","0000-00","0","no battery","V"
"06/11/2023","12:01:43","9","default","547630319","OXY_CH9","65.758","min","204.531","μmol/L","Humid","20.864","deg","114615","µV","26.769","°C","1016.000","hPa","35.9","pmil","0","55.690","deg","20.000","°C","100.000","%a.s.","22.400","deg","20.000","°C","962.000","hPa","0.861","-0.02617","0.00035","0","0","13.56","Humid","35.35","0","78.50","280076.06","SABD0002000014","AAV2.0.0.13","3.0.3.1703","PSt7-10","180509-002","9/13/2019 10:46:52 AM","0000-00","0","no battery","V"
"06/11/2023","12:01:44","9","default","547630319","OXY_CH9","65.774","min","204.549","μmol/L","Humid","20.863","deg","114609","µV","26.769","°C","1016.000","hPa","35.9","pmil","0","55.690","deg","20.000","°C","100.000","%a.s.","22.400","deg","20.000","°C","962.000","hPa","0.861","-0.02617","0.00035","0","0","13.56","Humid","35.35","0","78.50","280062.35","SABD0002000014","AAV2.0.0.13","3.0.3.1703","PSt7-10","180509-002","9/13/2019 10:46:52 AM","0000-00","0","no battery","V"
"06/11/2023","12:01:45","9","default","547630319","OXY_CH9","65.791","min","204.586","μmol/L","Humid","20.861","deg","114597","µV","26.769","°C","1016.000","hPa","35.9","pmil","0","55.690","deg","20.000","°C","100.000","%a.s.","22.400","deg","20.000","°C","962.000","hPa","0.861","-0.02617","0.00035","0","0","13.56","Humid","35.35","0","78.50","280056.09","SABD0002000014","AAV2.0.0.13","3.0.3.1703","PSt7-10","180509-002","9/13/2019 10:46:52 AM","0000-00","0","no battery","V"
"06/11/2023","12:01:46","9","default","547630319","OXY_CH9","65.808","min","204.677","μmol/L","Humid","20.858","deg","114601","µV","26.763","°C","1016.000","hPa","35.9","pmil","0","55.690","deg","20.000","°C","100.000","%a.s.","22.400","deg","20.000","°C","962.000","hPa","0.861","-0.02617","0.00035","0","0","13.56","Humid","35.35","0","78.50","280073.75","SABD0002000014","AAV2.0.0.13","3.0.3.1703","PSt7-10","180509-002","9/13/2019 10:46:52 AM","0000-00","0","no battery","V"
"06/11/2023","12:01:47","9","default","547630319","OXY_CH9","65.825","min","204.640","μmol/L","Humid","20.858","deg","114584","µV","26.769","°C","1016.000","hPa","35.9","pmil","0","55.690","deg","20.000","°C","100.000","%a.s.","22.400","deg","20.000","°C","962.000","hPa","0.861","-0.02617","0.00035","0","0","13.56","Humid","35.35","0","78.50","280055.48","SABD0002000014","AAV2.0.0.13","3.0.3.1703","PSt7-10","180509-002","9/13/2019 10:46:52 AM","0000-00","0","no battery","V"
"06/11/2023","12:01:48","9","default","547630319","OXY_CH9","65.842","min","204.640","μmol/L","Humid","20.858","deg","114576","µV","26.769","°C","1016.000","hPa","35.9","pmil","0","55.690","deg","20.000","°C","100.000","%a.s.","22.400","deg","20.000","°C","962.000","hPa","0.861","-0.02617","0.00035","0","0","13.56","Humid","35.35","0","78.50","280064.18","SABD0002000014","AAV2.0.0.13","3.0.3.1703","PSt7-10","180509-002","9/13/2019 10:46:52 AM","0000-00","0","no battery","V"
"06/11/2023","12:01:49","9","default","547630319","OXY_CH9","65.858","min","204.677","μmol/L","Humid","20.858","deg","114573","µV","26.763","°C","1016.000","hPa","35.9","pmil","0","55.690","deg","20.000","°C","100.000","%a.s.","22.400","deg","20.000","°C","962.000","hPa","0.861","-0.02617","0.00035","0","0","13.56","Humid","35.35","0","78.50","280056.05","SABD0002000014","AAV2.0.0.13","3.0.3.1703","PSt7-10","180509-002","9/13/2019 10:46:52 AM","0000-00","0","no battery","V"
"06/11/2023","12:01:50","9","default","547630319","OXY_CH9","65.875","min","204.658","μmol/L","Humid","20.857","deg","114570","µV","26.769","°C","1016.000","hPa","35.9","pmil","0","55.690","deg","20.000","°C","100.000","%a.s.","22.400","deg","20.000","°C","962.000","hPa","0.861","-0.02617","0.00035","0","0","13.56","Humid","35.35","0","78.50","280057.40","SABD0002000014","AAV2.0.0.13","3.0.3.1703","PSt7-10","180509-002","9/13/2019 10:46:52 AM","0000-00","0","no battery","V"
"06/11/2023","12:01:51","9","default","547630319","OXY_CH9","65.892","min","204.695","μmol/L","Humid","20.855","deg","114564","µV","26.769","°C","1016.000","hPa","35.9","pmil","0","55.690","deg","20.000","°C","100.000","%a.s.","22.400","deg","20.000","°C","962.000","hPa","0.861","-0.02617","0.00035","0","0","13.56","Humid","35.35","0","78.50","280071.14","SABD0002000014","AAV2.0.0.13","3.0.3.1703","PSt7-10","180509-002","9/13/2019 10:46:52 AM","0000-00","0","no battery","V"
"06/11/2023","12:01:52","9","default","547630319","OXY_CH9","65.909","min","204.713","μmol/L","Humid","20.854","deg","114550","µV","26.769","°C","1016.000","hPa","35.9","pmil","0","55.690","deg","20.000","°C","100.000","%a.s.","22.400","deg","20.000","°C","962.000","hPa","0.861","-0.02617","0.00035","0","0","13.56","Humid","35.35","0","78.50","280058.02","SABD0002000014","AAV2.0.0.13","3.0.3.1703","PSt7-10","180509-002","9/13/2019 10:46:52 AM","0000-00","0","no battery","V"
"06/11/2023","12:01:53","9","default","547630319","OXY_CH9","65.925","min","204.768","μmol/L","Humid","20.853","deg","114548","µV","26.763","°C","1016.000","hPa","35.9","pmil","0","55.690","deg","20.000","°C","100.000","%a.s.","22.400","deg","20.000","°C","962.000","hPa","0.861","-0.02617","0.00035","0","0","13.56","Humid","35.35","0","78.50","280062.24","SABD0002000014","AAV2.0.0.13","3.0.3.1703","PSt7-10","180509-002","9/13/2019 10:46:52 AM","0000-00","0","no battery","V"
"06/11/2023","12:01:54","9","default","547630319","OXY_CH9","65.942","min","204.750","μmol/L","Humid","20.854","deg","114541","µV","26.763","°C","1016.000","hPa","35.9","pmil","0","55.690","deg","20.000","°C","100.000","%a.s.","22.400","deg","20.000","°C","962.000","hPa","0.861","-0.02617","0.00035","0","0","13.56","Humid","35.35","0","78.50","280068.64","SABD0002000014","AAV2.0.0.13","3.0.3.1703","PSt7-10","180509-002","9/13/2019 10:46:52 AM","0000-00","0","no battery","V"
"06/11/2023","12:01:55","9","default","547630319","OXY_CH9","65.959","min","204.749","μmol/L","Humid","20.850","deg","114532","µV","26.775","°C","1016.000","hPa","35.9","pmil","0","55.690","deg","20.000","°C","100.000","%a.s.","22.400","deg","20.000","°C","962.000","hPa","0.861","-0.02617","0.00035","0","0","13.56","Humid","35.35","0","78.50","280064.41","SABD0002000014","AAV2.0.0.13","3.0.3.1703","PSt7-10","180509-002","9/13/2019 10:46:52 AM","0000-00","0","no battery","V"
"06/11/2023","12:01:56","9","default","547630319","OXY_CH9","65.975","min","204.822","μmol/L","Humid","20.848","deg","114532","µV","26.769","°C","1016.000","hPa","35.9","pmil","0","55.690","deg","20.000","°C","100.000","%a.s.","22.400","deg","20.000","°C","962.000","hPa","0.861","-0.02617","0.00035","0","0","13.56","Humid","35.35","0","78.50","280071.07","SABD0002000014","AAV2.0.0.13","3.0.3.1703","PSt7-10","180509-002","9/13/2019 10:46:52 AM","0000-00","0","no battery","V"
"06/11/2023","12:01:57","9","default","547630319","OXY_CH9","65.992","min","204.878","μmol/L","Humid","20.847","deg","114519","µV","26.763","°C","1016.000","hPa","35.9","pmil","0","55.690","deg","20.000","°C","100.000","%a.s.","22.400","deg","20.000","°C","962.000","hPa","0.861","-0.02617","0.00035","0","0","13.56","Humid","35.35","0","78.50","280080.16","SABD0002000014","AAV2.0.0.13","3.0.3.1703","PSt7-10","180509-002","9/13/2019 10:46:52 AM","0000-00","0","no battery","V"
"06/11/2023","12:01:58","9","default","547630319","OXY_CH9","66.008","min","204.877","μmol/L","Humid","20.845","deg","114509","µV","26.769","°C","1016.000","hPa","35.9","pmil","0","55.690","deg","20.000","°C","100.000","%a.s.","22.400","deg","20.000","°C","962.000","hPa","0.861","-0.02617","0.00035","0","0","13.56","Humid","35.35","0","78.50","280065.69","SABD0002000014","AAV2.0.0.13","3.0.3.1703","PSt7-10","180509-002","9/13/2019 10:46:52 AM","0000-00","0","no battery","V"
"06/11/2023","12:01:59","9","default","547630319","OXY_CH9","66.025","min","204.895","μmol/L","Humid","20.844","deg","114500","µV","26.769","°C","1016.000","hPa","35.9","pmil","0","55.690","deg","20.000","°C","100.000","%a.s.","22.400","deg","20.000","°C","962.000","hPa","0.861","-0.02617","0.00035","0","0","13.56","Humid","35.35","0","78.50","280062.88","SABD0002000014","AAV2.0.0.13","3.0.3.1703","PSt7-10","180509-002","9/13/2019 10:46:52 AM","0000-00","0","no battery","V"
"06/11/2023","12:02:00","9","default","547630319","OXY_CH9","66.042","min","204.822","μmol/L","Humid","20.848","deg","114497","µV","26.769","°C","1016.000","hPa","35.9","pmil","0","55.690","deg","20.000","°C","100.000","%a.s.","22.400","deg","20.000","°C","962.000","hPa","0.861","-0.02617","0.00035","0","0","13.56","Humid","35.35","0","78.50","280064.36","SABD0002000014","AAV2.0.0.13","3.0.3.1703","PSt7-10","180509-002","9/13/2019 10:46:52 AM","0000-00","0","no battery","V"
"06/11/2023","12:02:01","9","default","547630319","OXY_CH9","66.058","min","204.877","μmol/L","Humid","20.845","deg","114487","µV","26.769","°C","1016.000","hPa","35.9","pmil","0","55.690","deg","20.000","°C","100.000","%a.s.","22.400","deg","20.000","°C","962.000","hPa","0.861","-0.02617","0.00035","0","0","13.56","Humid","35.35","0","78.50","280058.24","SABD0002000014","AAV2.0.0.13","3.0.3.1703","PSt7-10","180509-002","9/13/2019 10:46:52 AM","0000-00","0","no battery","V"
"06/11/2023","12:02:02","9","default","547630319","OXY_CH9","66.075","min","204.895","μmol/L","Humid","20.844","deg","114485","µV","26.769","°C","1016.000","hPa","35.9","pmil","0","55.690","deg","20.000","°C","100.000","%a.s.","22.400","deg","20.000","°C","962.000","hPa","0.861","-0.02617","0.00035","0","0","13.56","Humid","35.35","0","78.50","280050.91","SABD0002000014","AAV2.0.0.13","3.0.3.1703","PSt7-10","180509-002","9/13/2019 10:46:52 AM","0000-00","0","no battery","V"
"06/11/2023","12:02:03","9","default","547630319","OXY_CH9","66.092","min","204.894","μmol/L","Humid","20.842","deg","114479","µV","26.775","°C","1016.000","hPa","35.9","pmil","0","55.690","deg","20.000","°C","100.000","%a.s.","22.400","deg","20.000","°C","962.000","hPa","0.861","-0.02617","0.00035","0","0","13.56","Humid","35.35","0","78.50","280052.86","SABD0002000014","AAV2.0.0.13","3.0.3.1703","PSt7-10","180509-002","9/13/2019 10:46:52 AM","0000-00","0","no battery","V"
"06/11/2023","12:02:04","9","default","547630319","OXY_CH9","66.108","min","204.913","μmol/L","Humid","20.843","deg","114465","µV","26.769","°C","1016.000","hPa","35.9","pmil","0","55.690","deg","20.000","°C","100.000","%a.s.","22.400","deg","20.000","°C","962.000","hPa","0.861","-0.02617","0.00035","0","0","13.56","Humid","35.35","0","78.50","280043.61","SABD0002000014","AAV2.0.0.13","3.0.3.1703","PSt7-10","180509-002","9/13/2019 10:46:52 AM","0000-00","0","no battery","V"
"06/11/2023","12:02:05","9","default","547630319","OXY_CH9","66.125","min","205.005","μmol/L","Humid","20.840","deg","114462","µV","26.763","°C","1016.000","hPa","35.9","pmil","0","55.690","deg","20.000","°C","100.000","%a.s.","22.400","deg","20.000","°C","962.000","hPa","0.861","-0.02617","0.00035","0","0","13.56","Humid","35.35","0","78.50","280055.22","SABD0002000014","AAV2.0.0.13","3.0.3.1703","PSt7-10","180509-002","9/13/2019 10:46:52 AM","0000-00","0","no battery","V"
"06/11/2023","12:02:06","9","default","547630319","OXY_CH9","66.142","min","204.913","μmol/L","Humid","20.841","deg","114458","µV","26.775","°C","1016.000","hPa","35.9","pmil","0","55.690","deg","20.000","°C","100.000","%a.s.","22.400","deg","20.000","°C","962.000","hPa","0.861","-0.02617","0.00035","0","0","13.56","Humid","35.35","0","78.50","280057.99","SABD0002000014","AAV2.0.0.13","3.0.3.1703","PSt7-10","180509-002","9/13/2019 10:46:52 AM","0000-00","0","no battery","V"
"06/11/2023","12:02:07","9","default","547630319","OXY_CH9","66.158","min","205.041","μmol/L","Humid","20.836","deg","114447","µV","26.769","°C","1016.000","hPa","35.9","pmil","0","55.690","deg","20.000","°C","100.000","%a.s.","22.400","deg","20.000","°C","962.000","hPa","0.861","-0.02617","0.00035","0","0","13.56","Humid","35.35","0","78.50","280053.24","SABD0002000014","AAV2.0.0.13","3.0.3.1703","PSt7-10","180509-002","9/13/2019 10:46:52 AM","0000-00","0","no battery","V"
"06/11/2023","12:02:08","9","default","547630319","OXY_CH9","66.175","min","205.005","μmol/L","Humid","20.838","deg","114445","µV","26.769","°C","1016.000","hPa","35.9","pmil","0","55.690","deg","20.000","°C","100.000","%a.s.","22.400","deg","20.000","°C","962.000","hPa","0.861","-0.02617","0.00035","0","0","13.56","Humid","35.35","0","78.50","280056.48","SABD0002000014","AAV2.0.0.13","3.0.3.1703","PSt7-10","180509-002","9/13/2019 10:46:52 AM","0000-00","0","no battery","V"
"06/11/2023","12:02:09","9","default","547630319","OXY_CH9","66.191","min","205.096","μmol/L","Humid","20.833","deg","114432","µV","26.769","°C","1016.000","hPa","35.9","pmil","0","55.690","deg","20.000","°C","100.000","%a.s.","22.400","deg","20.000","°C","962.000","hPa","0.861","-0.02617","0.00035","0","0","13.56","Humid","35.35","0","78.50","280057.24","SABD0002000014","AAV2.0.0.13","3.0.3.1703","PSt7-10","180509-002","9/13/2019 10:46:52 AM","0000-00","0","no battery","V"
"06/11/2023","12:02:10","9","default","547630319","OXY_CH9","66.208","min","205.078","μmol/L","Humid","20.836","deg","114431","µV","26.763","°C","1016.000","hPa","35.9","pmil","0","55.690","deg","20.000","°C","100.000","%a.s.","22.400","deg","20.000","°C","962.000","hPa","0.861","-0.02617","0.00035","0","0","13.56","Humid","35.35","0","78.50","280044.39","SABD0002000014","AAV2.0.0.13","3.0.3.1703","PSt7-10","180509-002","9/13/2019 10:46:52 AM","0000-00","0","no battery","V"
"06/11/2023","12:02:11","9","default","547630319","OXY_CH9","66.225","min","205.096","μmol/L","Humid","20.833","deg","114417","µV","26.769","°C","1016.000","hPa","35.9","pmil","0","55.690","deg","20.000","°C","100.000","%a.s.","22.400","deg","20.000","°C","962.000","hPa","0.861","-0.02617","0.00035","0","0","13.56","Humid","35.35","0","78.50","280055.16","SABD0002000014","AAV2.0.0.13","3.0.3.1703","PSt7-10","180509-002","9/13/2019 10:46:52 AM","0000-00","0","no battery","V"
"06/11/2023","12:02:12","9","default","547630319","OXY_CH9","66.242","min","205.058","μmol/L","Humid","20.833","deg","114416","µV","26.775","°C","1016.000","hPa","35.9","pmil","0","55.690","deg","20.000","°C","100.000","%a.s.","22.400","deg","20.000","°C","962.000","hPa","0.861","-0.02617","0.00035","0","0","13.56","Humid","35.35","0","78.50","280056.54","SABD0002000014","AAV2.0.0.13","3.0.3.1703","PSt7-10","180509-002","9/13/2019 10:46:52 AM","0000-00","0","no battery","V"
"06/11/2023","12:02:13","9","default","547630319","OXY_CH9","66.258","min","205.114","μmol/L","Humid","20.832","deg","114409","µV","26.769","°C","1016.000","hPa","35.9","pmil","0","55.690","deg","20.000","°C","100.000","%a.s.","22.400","deg","20.000","°C","962.000","hPa","0.861","-0.02617","0.00035","0","0","13.56","Humid","35.35","0","78.50","280061.07","SABD0002000014","AAV2.0.0.13","3.0.3.1703","PSt7-10","180509-002","9/13/2019 10:46:52 AM","0000-00","0","no battery","V"
"06/11/2023","12:02:14","9","default","547630319","OXY_CH9","66.275","min","205.095","μmol/L","Humid","20.831","deg","114400","µV","26.775","°C","1016.000","hPa","35.9","pmil","0","55.690","deg","20.000","°C","100.000","%a.s.","22.400","deg","20.000","°C","962.000","hPa","0.861","-0.02617","0.00035","0","0","13.56","Humid","35.35","0","78.50","280048.30","SABD0002000014","AAV2.0.0.13","3.0.3.1703","PSt7-10","180509-002","9/13/2019 10:46:52 AM","0000-00","0","no battery","V"
"06/11/2023","12:02:15","9","default","547630319","OXY_CH9","66.291","min","205.095","μmol/L","Humid","20.831","deg","114386","µV","26.775","°C","1016.000","hPa","35.9","pmil","0","55.690","deg","20.000","°C","100.000","%a.s.","22.400","deg","20.000","°C","962.000","hPa","0.861","-0.02617","0.00035","0","0","13.56","Humid","35.35","0","78.50","280061.14","SABD0002000014","AAV2.0.0.13","3.0.3.1703","PSt7-10","180509-002","9/13/2019 10:46:52 AM","0000-00","0","no battery","V"
"06/11/2023","12:02:16","9","default","547630319","OXY_CH9","66.308","min","205.150","μmol/L","Humid","20.830","deg","114385","µV","26.769","°C","1016.000","hPa","35.9","pmil","0","55.690","deg","20.000","°C","100.000","%a.s.","22.400","deg","20.000","°C","962.000","hPa","0.861","-0.02617","0.00035","0","0","13.56","Humid","35.35","0","78.50","280056.14","SABD0002000014","AAV2.0.0.13","3.0.3.1703","PSt7-10","180509-002","9/13/2019 10:46:52 AM","0000-00","0","no battery","V"
"06/11/2023","12:02:17","9","default","547630319","OXY_CH9","66.325","min","205.241","μmol/L","Humid","20.823","deg","114383","µV","26.775","°C","1016.000","hPa","35.9","pmil","0","55.690","deg","20.000","°C","100.000","%a.s.","22.400","deg","20.000","°C","962.000","hPa","0.861","-0.02617","0.00035","0","0","13.56","Humid","35.35","0","78.50","280060.22","SABD0002000014","AAV2.0.0.13","3.0.3.1703","PSt7-10","180509-002","9/13/2019 10:46:52 AM","0000-00","0","no battery","V"
"06/11/2023","12:02:18","9","default","547630319","OXY_CH9","66.341","min","205.242","μmol/L","Humid","20.825","deg","114368","µV","26.769","°C","1016.000","hPa","35.9","pmil","0","55.690","deg","20.000","°C","100.000","%a.s.","22.400","deg","20.000","°C","962.000","hPa","0.861","-0.02617","0.00035","0","0","13.56","Humid","35.35","0","78.50","280040.17","SABD0002000014","AAV2.0.0.13","3.0.3.1703","PSt7-10","180509-002","9/13/2019 10:46:52 AM","0000-00","0","no battery","V"
"06/11/2023","12:02:19","9","default","547630319","OXY_CH9","66.358","min","205.204","μmol/L","Humid","20.825","deg","114371","µV","26.775","°C","1016.000","hPa","35.9","pmil","0","55.690","deg","20.000","°C","100.000","%a.s.","22.400","deg","20.000","°C","962.000","hPa","0.861","-0.02617","0.00035","0","0","13.56","Humid","35.35","0","78.50","280050.17","SABD0002000014","AAV2.0.0.13","3.0.3.1703","PSt7-10","180509-002","9/13/2019 10:46:52 AM","0000-00","0","no battery","V"
"06/11/2023","12:02:20","9","default","547630319","OXY_CH9","66.375","min","205.297","μmol/L","Humid","20.824","deg","114362","µV","26.763","°C","1016.000","hPa","35.9","pmil","0","55.690","deg","20.000","°C","100.000","%a.s.","22.400","deg","20.000","°C","962.000","hPa","0.861","-0.02617","0.00035","0","0","13.56","Humid","35.35","0","78.50","280044.19","SABD0002000014","AAV2.0.0.13","3.0.3.1703","PSt7-10","180509-002","9/13/2019 10:46:52 AM","0000-00","0","no battery","V"
"06/11/2023","12:02:21","9","default","547630319","OXY_CH9","66.391","min","205.241","μmol/L","Humid","20.823","deg","114351","µV","26.775","°C","1016.000","hPa","35.9","pmil","0","55.690","deg","20.000","°C","100.000","%a.s.","22.400","deg","20.000","°C","962.000","hPa","0.861","-0.02617","0.00035","0","0","13.56","Humid","35.35","0","78.50","280038.16","SABD0002000014","AAV2.0.0.13","3.0.3.1703","PSt7-10","180509-002","9/13/2019 10:46:52 AM","0000-00","0","no battery","V"
"06/11/2023","12:02:22","9","default","547630319","OXY_CH9","66.408","min","205.315","μmol/L","Humid","20.821","deg","114346","µV","26.769","°C","1016.000","hPa","35.9","pmil","0","55.690","deg","20.000","°C","100.000","%a.s.","22.400","deg","20.000","°C","962.000","hPa","0.861","-0.02617","0.00035","0","0","13.56","Humid","35.35","0","78.50","280052.40","SABD0002000014","AAV2.0.0.13","3.0.3.1703","PSt7-10","180509-002","9/13/2019 10:46:52 AM","0000-00","0","no battery","V"
"06/11/2023","12:02:23","9","default","547630319","OXY_CH9","66.425","min","205.314","μmol/L","Humid","20.819","deg","114341","µV","26.775","°C","1016.000","hPa","35.9","pmil","0","55.690","deg","20.000","°C","100.000","%a.s.","22.400","deg","20.000","°C","962.000","hPa","0.861","-0.02617","0.00035","0","0","13.56","Humid","35.35","0","78.50","280048.94","SABD0002000014","AAV2.0.0.13","3.0.3.1703","PSt7-10","180509-002","9/13/2019 10:46:52 AM","0000-00","0","no battery","V"
"06/11/2023","12:02:24","9","default","547630319","OXY_CH9","66.441","min","205.351","μmol/L","Humid","20.817","deg","114328","µV","26.775","°C","1016.000","hPa","35.9","pmil","0","55.690","deg","20.000","°C","100.000","%a.s.","22.400","deg","20.000","°C","962.000","hPa","0.861","-0.02617","0.00035","0","0","13.56","Humid","35.35","0","78.50","280059.18","SABD0002000014","AAV2.0.0.13","3.0.3.1703","PSt7-10","180509-002","9/13/2019 10:46:52 AM","0000-00","0","no battery","V"
"06/11/2023","12:02:25","9","default","547630319","OXY_CH9","66.459","min","205.296","μmol/L","Humid","20.820","deg","114326","µV","26.775","°C","1016.000","hPa","35.9","pmil","0","55.690","deg","20.000","°C","100.000","%a.s.","22.400","deg","20.000","°C","962.000","hPa","0.861","-0.02617","0.00035","0","0","13.56","Humid","35.35","0","78.50","280052.72","SABD0002000014","AAV2.0.0.13","3.0.3.1703","PSt7-10","180509-002","9/13/2019 10:46:52 AM","0000-00","0","no battery","V"
"06/11/2023","12:02:26","9","default","547630319","OXY_CH9","66.475","min","205.406","μmol/L","Humid","20.816","deg","114316","µV","26.769","°C","1016.000","hPa","35.9","pmil","0","55.690","deg","20.000","°C","100.000","%a.s.","22.400","deg","20.000","°C","962.000","hPa","0.861","-0.02617","0.00035","0","0","13.56","Humid","35.35","0","78.50","280048.28","SABD0002000014","AAV2.0.0.13","3.0.3.1703","PSt7-10","180509-002","9/13/2019 10:46:52 AM","0000-00","0","no battery","V"
"06/11/2023","12:02:27","9","default","547630319","OXY_CH9","66.492","min","205.388","μmol/L","Humid","20.817","deg","114310","µV","26.769","°C","1016.000","hPa","35.9","pmil","0","55.690","deg","20.000","°C","100.000","%a.s.","22.400","deg","20.000","°C","962.000","hPa","0.861","-0.02617","0.00035","0","0","13.56","Humid","35.35","0","78.50","280058.68","SABD0002000014","AAV2.0.0.13","3.0.3.1703","PSt7-10","180509-002","9/13/2019 10:46:52 AM","0000-00","0","no battery","V"
"06/11/2023","12:02:28","9","default","547630319","OXY_CH9","66.508","min","205.314","μmol/L","Humid","20.819","deg","114299","µV","26.775","°C","1016.000","hPa","35.9","pmil","0","55.690","deg","20.000","°C","100.000","%a.s.","22.400","deg","20.000","°C","962.000","hPa","0.861","-0.02617","0.00035","0","0","13.56","Humid","35.35","0","78.50","280053.42","SABD0002000014","AAV2.0.0.13","3.0.3.1703","PSt7-10","180509-002","9/13/2019 10:46:52 AM","0000-00","0","no battery","V"
"06/11/2023","12:02:29","9","default","547630319","OXY_CH9","66.525","min","205.388","μmol/L","Humid","20.817","deg","114297","µV","26.769","°C","1016.000","hPa","35.9","pmil","0","55.690","deg","20.000","°C","100.000","%a.s.","22.400","deg","20.000","°C","962.000","hPa","0.861","-0.02617","0.00035","0","0","13.56","Humid","35.35","0","78.50","280047.89","SABD0002000014","AAV2.0.0.13","3.0.3.1703","PSt7-10","180509-002","9/13/2019 10:46:52 AM","0000-00","0","no battery","V"
"06/11/2023","12:02:30","9","default","547630319","OXY_CH9","66.542","min","205.479","μmol/L","Humid","20.812","deg","114290","µV","26.769","°C","1016.000","hPa","35.9","pmil","0","55.690","deg","20.000","°C","100.000","%a.s.","22.400","deg","20.000","°C","962.000","hPa","0.861","-0.02617","0.00035","0","0","13.56","Humid","35.35","0","78.50","280045.65","SABD0002000014","AAV2.0.0.13","3.0.3.1703","PSt7-10","180509-002","9/13/2019 10:46:52 AM","0000-00","0","no battery","V"
"06/11/2023","12:02:31","9","default","547630319","OXY_CH9","66.558","min","205.516","μmol/L","Humid","20.810","deg","114279","µV","26.769","°C","1016.000","hPa","35.9","pmil","0","55.690","deg","20.000","°C","100.000","%a.s.","22.400","deg","20.000","°C","962.000","hPa","0.861","-0.02617","0.00035","0","0","13.56","Humid","35.35","0","78.50","280044.24","SABD0002000014","AAV2.0.0.13","3.0.3.1703","PSt7-10","180509-002","9/13/2019 10:46:52 AM","0000-00","0","no battery","V"
"06/11/2023","12:02:32","9","default","547630319","OXY_CH9","66.575","min","205.442","μmol/L","Humid","20.812","deg","114275","µV","26.775","°C","1016.000","hPa","35.9","pmil","0","55.690","deg","20.000","°C","100.000","%a.s.","22.400","deg","20.000","°C","962.000","hPa","0.861","-0.02617","0.00035","0","0","13.56","Humid","35.35","0","78.50","280054.38","SABD0002000014","AAV2.0.0.13","3.0.3.1703","PSt7-10","180509-002","9/13/2019 10:46:52 AM","0000-00","0","no battery","V"
"06/11/2023","12:02:33","9","default","547630319","OXY_CH9","66.592","min","205.460","μmol/L","Humid","20.811","deg","114267","µV","26.775","°C","1016.000","hPa","35.9","pmil","0","55.690","deg","20.000","°C","100.000","%a.s.","22.400","deg","20.000","°C","962.000","hPa","0.861","-0.02617","0.00035","0","0","13.56","Humid","35.35","0","78.50","280043.76","SABD0002000014","AAV2.0.0.13","3.0.3.1703","PSt7-10","180509-002","9/13/2019 10:46:52 AM","0000-00","0","no battery","V"
"06/11/2023","12:02:34","9","default","547630319","OXY_CH9","66.609","min","205.571","μmol/L","Humid","20.807","deg","114266","µV","26.769","°C","1016.000","hPa","35.9","pmil","0","55.690","deg","20.000","°C","100.000","%a.s.","22.400","deg","20.000","°C","962.000","hPa","0.861","-0.02617","0.00035","0","0","13.56","Humid","35.35","0","78.50","280054.29","SABD0002000014","AAV2.0.0.13","3.0.3.1703","PSt7-10","180509-002","9/13/2019 10:46:52 AM","0000-00","0","no battery","V"
"06/11/2023","12:02:35","9","default","547630319","OXY_CH9","66.625","min","205.516","μmol/L","Humid","20.810","deg","114256","µV","26.769","°C","1016.000","hPa","35.9","pmil","0","55.690","deg","20.000","°C","100.000","%a.s.","22.400","deg","20.000","°C","962.000","hPa","0.861","-0.02617","0.00035","0","0","13.56","Humid","35.35","0","78.50","280047.05","SABD0002000014","AAV2.0.0.13","3.0.3.1703","PSt7-10","180509-002","9/13/2019 10:46:52 AM","0000-00","0","no battery","V"
"06/11/2023","12:02:36","9","default","547630319","OXY_CH9","66.642","min","205.570","μmol/L","Humid","20.805","deg","114252","µV","26.775","°C","1016.000","hPa","35.9","pmil","0","55.690","deg","20.000","°C","100.000","%a.s.","22.400","deg","20.000","°C","962.000","hPa","0.861","-0.02617","0.00035","0","0","13.56","Humid","35.35","0","78.50","280039.64","SABD0002000014","AAV2.0.0.13","3.0.3.1703","PSt7-10","180509-002","9/13/2019 10:46:52 AM","0000-00","0","no battery","V"
"06/11/2023","12:02:37","9","default","547630319","OXY_CH9","66.658","min","205.534","μmol/L","Humid","20.809","deg","114241","µV","26.769","°C","1016.000","hPa","35.9","pmil","0","55.690","deg","20.000","°C","100.000","%a.s.","22.400","deg","20.000","°C","962.000","hPa","0.861","-0.02617","0.00035","0","0","13.56","Humid","35.35","0","78.50","280044.36","SABD0002000014","AAV2.0.0.13","3.0.3.1703","PSt7-10","180509-002","9/13/2019 10:46:52 AM","0000-00","0","no battery","V"
"06/11/2023","12:02:38","9","default","547630319","OXY_CH9","66.675","min","205.626","μmol/L","Humid","20.804","deg","114235","µV","26.769","°C","1016.000","hPa","35.9","pmil","0","55.690","deg","20.000","°C","100.000","%a.s.","22.400","deg","20.000","°C","962.000","hPa","0.861","-0.02617","0.00035","0","0","13.56","Humid","35.35","0","78.50","280053.65","SABD0002000014","AAV2.0.0.13","3.0.3.1703","PSt7-10","180509-002","9/13/2019 10:46:52 AM","0000-00","0","no battery","V"
"06/11/2023","12:02:39","9","default","547630319","OXY_CH9","66.692","min","205.625","μmol/L","Humid","20.802","deg","114229","µV","26.775","°C","1016.000","hPa","35.9","pmil","0","55.690","deg","20.000","°C","100.000","%a.s.","22.400","deg","20.000","°C","962.000","hPa","0.861","-0.02617","0.00035","0","0","13.56","Humid","35.35","0","78.50","280041.03","SABD0002000014","AAV2.0.0.13","3.0.3.1703","PSt7-10","180509-002","9/13/2019 10:46:52 AM","0000-00","0","no battery","V"
"06/11/2023","12:02:40","9","default","547630319","OXY_CH9","66.708","min","205.607","μmol/L","Humid","20.803","deg","114228","µV","26.775","°C","1016.000","hPa","35.9","pmil","0","55.690","deg","20.000","°C","100.000","%a.s.","22.400","deg","20.000","°C","962.000","hPa","0.861","-0.02617","0.00035","0","0","13.56","Humid","35.35","0","78.50","280060.12","SABD0002000014","AAV2.0.0.13","3.0.3.1703","PSt7-10","180509-002","9/13/2019 10:46:52 AM","0000-00","0","no battery","V"
"06/11/2023","12:02:41","9","default","547630319","OXY_CH9","66.725","min","205.662","μmol/L","Humid","20.802","deg","114216","µV","26.769","°C","1016.000","hPa","35.9","pmil","0","55.690","deg","20.000","°C","100.000","%a.s.","22.400","deg","20.000","°C","962.000","hPa","0.861","-0.02617","0.00035","0","0","13.56","Humid","35.35","0","78.50","280063.42","SABD0002000014","AAV2.0.0.13","3.0.3.1703","PSt7-10","180509-002","9/13/2019 10:46:52 AM","0000-00","0","no battery","V"
"06/11/2023","12:02:42","9","default","547630319","OXY_CH9","66.742","min","205.588","μmol/L","Humid","20.804","deg","114203","µV","26.775","°C","1016.000","hPa","35.9","pmil","0","55.690","deg","20.000","°C","100.000","%a.s.","22.400","deg","20.000","°C","962.000","hPa","0.861","-0.02617","0.00035","0","0","13.56","Humid","35.35","0","78.50","280060.42","SABD0002000014","AAV2.0.0.13","3.0.3.1703","PSt7-10","180509-002","9/13/2019 10:46:52 AM","0000-00","0","no battery","V"
"06/11/2023","12:02:43","9","default","547630319","OXY_CH9","66.758","min","205.680","μmol/L","Humid","20.799","deg","114191","µV","26.775","°C","1016.000","hPa","35.9","pmil","0","55.690","deg","20.000","°C","100.000","%a.s.","22.400","deg","20.000","°C","962.000","hPa","0.861","-0.02617","0.00035","0","0","13.56","Humid","35.35","0","78.50","280046.49","SABD0002000014","AAV2.0.0.13","3.0.3.1703","PSt7-10","180509-002","9/13/2019 10:46:52 AM","0000-00","0","no battery","V"
"06/11/2023","12:02:44","9","default","547630319","OXY_CH9","66.775","min","205.846","μmol/L","Humid","20.794","deg","114194","µV","26.763","°C","1016.000","hPa","35.9","pmil","0","55.690","deg","20.000","°C","100.000","%a.s.","22.400","deg","20.000","°C","962.000","hPa","0.861","-0.02617","0.00035","0","0","13.56","Humid","35.35","0","78.50","280052.62","SABD0002000014","AAV2.0.0.13","3.0.3.1703","PSt7-10","180509-002","9/13/2019 10:46:52 AM","0000-00","0","no battery","V"
"06/11/2023","12:02:45","9","default","547630319","OXY_CH9","66.792","min","205.753","μmol/L","Humid","20.795","deg","114178","µV","26.775","°C","1016.000","hPa","35.9","pmil","0","55.690","deg","20.000","°C","100.000","%a.s.","22.400","deg","20.000","°C","962.000","hPa","0.861","-0.02617","0.00035","0","0","13.56","Humid","35.35","0","78.50","280051.46","SABD0002000014","AAV2.0.0.13","3.0.3.1703","PSt7-10","180509-002","9/13/2019 10:46:52 AM","0000-00","0","no battery","V"
"06/11/2023","12:02:46","9","default","547630319","OXY_CH9","66.808","min","205.717","μmol/L","Humid","20.797","deg","114175","µV","26.775","°C","1016.000","hPa","35.9","pmil","0","55.690","deg","20.000","°C","100.000","%a.s.","22.400","deg","20.000","°C","962.000","hPa","0.861","-0.02617","0.00035","0","0","13.56","Humid","35.35","0","78.50","280043.37","SABD0002000014","AAV2.0.0.13","3.0.3.1703","PSt7-10","180509-002","9/13/2019 10:46:52 AM","0000-00","0","no battery","V"
"06/11/2023","12:02:47","9","default","547630319","OXY_CH9","66.825","min","205.754","μmol/L","Humid","20.797","deg","114172","µV","26.769","°C","1016.000","hPa","35.9","pmil","0","55.690","deg","20.000","°C","100.000","%a.s.","22.400","deg","20.000","°C","962.000","hPa","0.861","-0.02617","0.00035","0","0","13.56","Humid","35.35","0","78.50","280051.67","SABD0002000014","AAV2.0.0.13","3.0.3.1703","PSt7-10","180509-002","9/13/2019 10:46:52 AM","0000-00","0","no battery","V"
"06/11/2023","12:02:48","9","default","547630319","OXY_CH9","66.841","min","205.845","μmol/L","Humid","20.790","deg","114169","µV","26.775","°C","1016.000","hPa","35.9","pmil","0","55.690","deg","20.000","°C","100.000","%a.s.","22.400","deg","20.000","°C","962.000","hPa","0.861","-0.02617","0.00035","0","0","13.56","Humid","35.35","0","78.50","280054.95","SABD0002000014","AAV2.0.0.13","3.0.3.1703","PSt7-10","180509-002","9/13/2019 10:46:52 AM","0000-00","0","no battery","V"
"06/11/2023","12:02:49","9","default","547630319","OXY_CH9","66.858","min","205.809","μmol/L","Humid","20.794","deg","114155","µV","26.769","°C","1016.000","hPa","35.9","pmil","0","55.690","deg","20.000","°C","100.000","%a.s.","22.400","deg","20.000","°C","962.000","hPa","0.861","-0.02617","0.00035","0","0","13.56","Humid","35.35","0","78.50","280048.33","SABD0002000014","AAV2.0.0.13","3.0.3.1703","PSt7-10","180509-002","9/13/2019 10:46:52 AM","0000-00","0","no battery","V"
"06/11/2023","12:02:50","9","default","547630319","OXY_CH9","66.875","min","205.809","μmol/L","Humid","20.794","deg","114154","µV","26.769","°C","1016.000","hPa","35.9","pmil","0","55.690","deg","20.000","°C","100.000","%a.s.","22.400","deg","20.000","°C","962.000","hPa","0.861","-0.02617","0.00035","0","0","13.56","Humid","35.35","0","78.50","280066.50","SABD0002000014","AAV2.0.0.13","3.0.3.1703","PSt7-10","180509-002","9/13/2019 10:46:52 AM","0000-00","0","no battery","V"
"06/11/2023","12:02:51","9","default","547630319","OXY_CH9","66.891","min","205.864","μmol/L","Humid","20.791","deg","114139","µV","26.769","°C","1016.000","hPa","35.9","pmil","0","55.690","deg","20.000","°C","100.000","%a.s.","22.400","deg","20.000","°C","962.000","hPa","0.861","-0.02617","0.00035","0","0","13.56","Humid","35.35","0","78.50","280057.40","SABD0002000014","AAV2.0.0.13","3.0.3.1703","PSt7-10","180509-002","9/13/2019 10:46:52 AM","0000-00","0","no battery","V"
"06/11/2023","12:02:52","9","default","547630319","OXY_CH9","66.908","min","205.900","μmol/L","Humid","20.789","deg","114142","µV","26.769","°C","1016.000","hPa","35.9","pmil","0","55.690","deg","20.000","°C","100.000","%a.s.","22.400","deg","20.000","°C","962.000","hPa","0.861","-0.02617","0.00035","0","0","13.56","Humid","35.35","0","78.50","280051.21","SABD0002000014","AAV2.0.0.13","3.0.3.1703","PSt7-10","180509-002","9/13/2019 10:46:52 AM","0000-00","0","no battery","V"
"06/11/2023","12:02:53","9","default","547630319","OXY_CH9","66.924","min","205.937","μmol/L","Humid","20.787","deg","114136","µV","26.769","°C","1016.000","hPa","35.9","pmil","0","55.690","deg","20.000","°C","100.000","%a.s.","22.400","deg","20.000","°C","962.000","hPa","0.861","-0.02617","0.00035","0","0","13.56","Humid","35.35","0","78.50","280047.64","SABD0002000014","AAV2.0.0.13","3.0.3.1703","PSt7-10","180509-002","9/13/2019 10:46:52 AM","0000-00","0","no battery","V"
"06/11/2023","12:02:54","9","default","547630319","OXY_CH9","66.941","min","205.881","μmol/L","Humid","20.788","deg","114120","µV","26.775","°C","1016.000","hPa","35.9","pmil","0","55.690","deg","20.000","°C","100.000","%a.s.","22.400","deg","20.000","°C","962.000","hPa","0.861","-0.02617","0.00035","0","0","13.56","Humid","35.35","0","78.50","280043.23","SABD0002000014","AAV2.0.0.13","3.0.3.1703","PSt7-10","180509-002","9/13/2019 10:46:52 AM","0000-00","0","no battery","V"
"06/11/2023","12:02:55","9","default","547630319","OXY_CH9","66.958","min","205.862","μmol/L","Humid","20.787","deg","114120","µV","26.781","°C","1016.000","hPa","35.9","pmil","0","55.690","deg","20.000","°C","100.000","%a.s.","22.400","deg","20.000","°C","962.000","hPa","0.861","-0.02617","0.00035","0","0","13.56","Humid","35.35","0","78.50","280053.57","SABD0002000014","AAV2.0.0.13","3.0.3.1703","PSt7-10","180509-002","9/13/2019 10:46:52 AM","0000-00","0","no battery","V"
"06/11/2023","12:02:56","9","default","547630319","OXY_CH9","66.974","min","205.955","μmol/L","Humid","20.784","deg","114107","µV","26.775","°C","1016.000","hPa","35.9","pmil","0","55.690","deg","20.000","°C","100.000","%a.s.","22.400","deg","20.000","°C","962.000","hPa","0.861","-0.02617","0.00035","0","0","13.56","Humid","35.35","0","78.50","280034.91","SABD0002000014","AAV2.0.0.13","3.0.3.1703","PSt7-10","180509-002","9/13/2019 10:46:52 AM","0000-00","0","no battery","V"
"06/11/2023","12:02:57","9","default","547630319","OXY_CH9","66.991","min","205.955","μmol/L","Humid","20.784","deg","114101","µV","26.775","°C","1016.000","hPa","35.9","pmil","0","55.690","deg","20.000","°C","100.000","%a.s.","22.400","deg","20.000","°C","962.000","hPa","0.861","-0.02617","0.00035","0","0","13.56","Humid","35.35","0","78.50","280042.57","SABD0002000014","AAV2.0.0.13","3.0.3.1703","PSt7-10","180509-002","9/13/2019 10:46:52 AM","0000-00","0","no battery","V"
"06/11/2023","12:02:58","9","default","547630319","OXY_CH9","67.008","min","206.048","μmol/L","Humid","20.783","deg","114098","µV","26.763","°C","1016.000","hPa","35.9","pmil","0","55.690","deg","20.000","°C","100.000","%a.s.","22.400","deg","20.000","°C","962.000","hPa","0.861","-0.02617","0.00035","0","0","13.56","Humid","35.35","0","78.50","280052.70","SABD0002000014","AAV2.0.0.13","3.0.3.1703","PSt7-10","180509-002","9/13/2019 10:46:52 AM","0000-00","0","no battery","V"
"06/11/2023","12:02:59","9","default","547630319","OXY_CH9","67.025","min","206.047","μmol/L","Humid","20.781","deg","114087","µV","26.769","°C","1016.000","hPa","35.9","pmil","0","55.690","deg","20.000","°C","100.000","%a.s.","22.400","deg","20.000","°C","962.000","hPa","0.861","-0.02617","0.00035","0","0","13.56","Humid","35.35","0","78.50","280054.76","SABD0002000014","AAV2.0.0.13","3.0.3.1703","PSt7-10","180509-002","9/13/2019 10:46:52 AM","0000-00","0","no battery","V"
"06/11/2023","12:03:00","9","default","547630319","OXY_CH9","67.042","min","206.029","μmol/L","Humid","20.782","deg","114081","µV","26.769","°C","1016.000","hPa","35.9","pmil","0","55.690","deg","20.000","°C","100.000","%a.s.","22.400","deg","20.000","°C","962.000","hPa","0.861","-0.02617","0.00035","0","0","13.56","Humid","35.35","0","78.50","280039.78","SABD0002000014","AAV2.0.0.13","3.0.3.1703","PSt7-10","180509-002","9/13/2019 10:46:52 AM","0000-00","0","no battery","V"
"06/11/2023","12:03:01","9","default","547630319","OXY_CH9","67.059","min","206.065","μmol/L","Humid","20.778","deg","114076","µV","26.775","°C","1016.000","hPa","35.9","pmil","0","55.690","deg","20.000","°C","100.000","%a.s.","22.400","deg","20.000","°C","962.000","hPa","0.861","-0.02617","0.00035","0","0","13.56","Humid","35.35","0","78.50","280056.75","SABD0002000014","AAV2.0.0.13","3.0.3.1703","PSt7-10","180509-002","9/13/2019 10:46:52 AM","0000-00","0","no battery","V"
"06/11/2023","12:03:02","9","default","547630319","OXY_CH9","67.075","min","206.029","μmol/L","Humid","20.782","deg","114068","µV","26.769","°C","1016.000","hPa","35.9","pmil","0","55.690","deg","20.000","°C","100.000","%a.s.","22.400","deg","20.000","°C","962.000","hPa","0.861","-0.02617","0.00035","0","0","13.56","Humid","35.35","0","78.50","280042.07","SABD0002000014","AAV2.0.0.13","3.0.3.1703","PSt7-10","180509-002","9/13/2019 10:46:52 AM","0000-00","0","no battery","V"
"06/11/2023","12:03:03","9","default","547630319","OXY_CH9","67.092","min","206.047","μmol/L","Humid","20.779","deg","114067","µV","26.775","°C","1016.000","hPa","35.9","pmil","0","55.690","deg","20.000","°C","100.000","%a.s.","22.400","deg","20.000","°C","962.000","hPa","0.861","-0.02617","0.00035","0","0","13.56","Humid","35.35","0","78.50","280055.76","SABD0002000014","AAV2.0.0.13","3.0.3.1703","PSt7-10","180509-002","9/13/2019 10:46:52 AM","0000-00","0","no battery","V"
"06/11/2023","12:03:04","9","default","547630319","OXY_CH9","67.108","min","206.102","μmol/L","Humid","20.776","deg","114064","µV","26.775","°C","1016.000","hPa","35.9","pmil","0","55.690","deg","20.000","°C","100.000","%a.s.","22.400","deg","20.000","°C","962.000","hPa","0.861","-0.02617","0.00035","0","0","13.56","Humid","35.35","0","78.50","280054.91","SABD0002000014","AAV2.0.0.13","3.0.3.1703","PSt7-10","180509-002","9/13/2019 10:46:52 AM","0000-00","0","no battery","V"
"06/11/2023","12:03:05","9","default","547630319","OXY_CH9","67.125","min","206.157","μmol/L","Humid","20.773","deg","114047","µV","26.775","°C","1016.000","hPa","35.9","pmil","0","55.690","deg","20.000","°C","100.000","%a.s.","22.400","deg","20.000","°C","962.000","hPa","0.861","-0.02617","0.00035","0","0","13.56","Humid","35.35","0","78.50","280045.73","SABD0002000014","AAV2.0.0.13","3.0.3.1703","PSt7-10","180509-002","9/13/2019 10:46:52 AM","0000-00","0","no battery","V"
"06/11/2023","12:03:06","9","default","547630319","OXY_CH9","67.141","min","206.119","μmol/L","Humid","20.773","deg","114047","µV","26.781","°C","1016.000","hPa","35.9","pmil","0","55.690","deg","20.000","°C","100.000","%a.s.","22.400","deg","20.000","°C","962.000","hPa","0.861","-0.02617","0.00035","0","0","13.56","Humid","35.35","0","78.50","280055.21","SABD0002000014","AAV2.0.0.13","3.0.3.1703","PSt7-10","180509-002","9/13/2019 10:46:52 AM","0000-00","0","no battery","V"
"06/11/2023","12:03:07","9","default","547630319","OXY_CH9","67.158","min","206.157","μmol/L","Humid","20.773","deg","114044","µV","26.775","°C","1016.000","hPa","35.9","pmil","0","55.690","deg","20.000","°C","100.000","%a.s.","22.400","deg","20.000","°C","962.000","hPa","0.861","-0.02617","0.00035","0","0","13.56","Humid","35.35","0","78.50","280047.93","SABD0002000014","AAV2.0.0.13","3.0.3.1703","PSt7-10","180509-002","9/13/2019 10:46:52 AM","0000-00","0","no battery","V"
"06/11/2023","12:03:08","9","default","547630319","OXY_CH9","67.175","min","206.249","μmol/L","Humid","20.770","deg","114030","µV","26.769","°C","1016.000","hPa","35.9","pmil","0","55.690","deg","20.000","°C","100.000","%a.s.","22.400","deg","20.000","°C","962.000","hPa","0.861","-0.02617","0.00035","0","0","13.56","Humid","35.35","0","78.50","280047.08","SABD0002000014","AAV2.0.0.13","3.0.3.1703","PSt7-10","180509-002","9/13/2019 10:46:52 AM","0000-00","0","no battery","V"
"06/11/2023","12:03:09","9","default","547630319","OXY_CH9","67.192","min","206.231","μmol/L","Humid","20.771","deg","114023","µV","26.769","°C","1016.000","hPa","35.9","pmil","0","55.690","deg","20.000","°C","100.000","%a.s.","22.400","deg","20.000","°C","962.000","hPa","0.861","-0.02617","0.00035","0","0","13.56","Humid","35.35","0","78.50","280037.21","SABD0002000014","AAV2.0.0.13","3.0.3.1703","PSt7-10","180509-002","9/13/2019 10:46:52 AM","0000-00","0","no battery","V"
"06/11/2023","12:03:10","9","default","547630319","OXY_CH9","67.208","min","206.212","μmol/L","Humid","20.772","deg","114013","µV","26.769","°C","1016.000","hPa","35.9","pmil","0","55.690","deg","20.000","°C","100.000","%a.s.","22.400","deg","20.000","°C","962.000","hPa","0.861","-0.02617","0.00035","0","0","13.56","Humid","35.35","0","78.50","280044.16","SABD0002000014","AAV2.0.0.13","3.0.3.1703","PSt7-10","180509-002","9/13/2019 10:46:52 AM","0000-00","0","no battery","V"
"06/11/2023","12:03:11","9","default","547630319","OXY_CH9","67.225","min","206.341","μmol/L","Humid","20.765","deg","114003","µV","26.769","°C","1016.000","hPa","35.9","pmil","0","55.690","deg","20.000","°C","100.000","%a.s.","22.400","deg","20.000","°C","962.000","hPa","0.861","-0.02617","0.00035","0","0","13.56","Humid","35.35","0","78.50","280038.80","SABD0002000014","AAV2.0.0.13","3.0.3.1703","PSt7-10","180509-002","9/13/2019 10:46:52 AM","0000-00","0","no battery","V"
"06/11/2023","12:03:12","9","default","547630319","OXY_CH9","67.242","min","206.211","μmol/L","Humid","20.768","deg","113996","µV","26.781","°C","1016.000","hPa","35.9","pmil","0","55.690","deg","20.000","°C","100.000","%a.s.","22.400","deg","20.000","°C","962.000","hPa","0.861","-0.02617","0.00035","0","0","13.56","Humid","35.35","0","78.50","280042.61","SABD0002000014","AAV2.0.0.13","3.0.3.1703","PSt7-10","180509-002","9/13/2019 10:46:52 AM","0000-00","0","no battery","V"
"06/11/2023","12:03:13","9","default","547630319","OXY_CH9","67.259","min","206.230","μmol/L","Humid","20.769","deg","113988","µV","26.775","°C","1016.000","hPa","35.9","pmil","0","55.690","deg","20.000","°C","100.000","%a.s.","22.400","deg","20.000","°C","962.000","hPa","0.861","-0.02617","0.00035","0","0","13.56","Humid","35.35","0","78.50","280042.17","SABD0002000014","AAV2.0.0.13","3.0.3.1703","PSt7-10","180509-002","9/13/2019 10:46:52 AM","0000-00","0","no battery","V"
"06/11/2023","12:03:14","9","default","547630319","OXY_CH9","67.275","min","206.267","μmol/L","Humid","20.767","deg","113981","µV","26.775","°C","1016.000","hPa","35.9","pmil","0","55.690","deg","20.000","°C","100.000","%a.s.","22.400","deg","20.000","°C","962.000","hPa","0.861","-0.02617","0.00035","0","0","13.56","Humid","35.35","0","78.50","280036.61","SABD0002000014","AAV2.0.0.13","3.0.3.1703","PSt7-10","180509-002","9/13/2019 10:46:52 AM","0000-00","0","no battery","V"
"06/11/2023","12:03:15","9","default","547630319","OXY_CH9","67.292","min","206.396","μmol/L","Humid","20.762","deg","113981","µV","26.769","°C","1016.000","hPa","35.9","pmil","0","55.690","deg","20.000","°C","100.000","%a.s.","22.400","deg","20.000","°C","962.000","hPa","0.861","-0.02617","0.00035","0","0","13.56","Humid","35.35","0","78.50","280044.68","SABD0002000014","AAV2.0.0.13","3.0.3.1703","PSt7-10","180509-002","9/13/2019 10:46:52 AM","0000-00","0","no battery","V"
"06/11/2023","12:03:16","9","default","547630319","OXY_CH9","67.308","min","206.267","μmol/L","Humid","20.767","deg","113976","µV","26.775","°C","1016.000","hPa","35.9","pmil","0","55.690","deg","20.000","°C","100.000","%a.s.","22.400","deg","20.000","°C","962.000","hPa","0.861","-0.02617","0.00035","0","0","13.56","Humid","35.35","0","78.50","280037.96","SABD0002000014","AAV2.0.0.13","3.0.3.1703","PSt7-10","180509-002","9/13/2019 10:46:52 AM","0000-00","0","no battery","V"
"06/11/2023","12:03:17","9","default","547630319","OXY_CH9","67.325","min","206.285","μmol/L","Humid","20.766","deg","113969","µV","26.775","°C","1016.000","hPa","35.9","pmil","0","55.690","deg","20.000","°C","100.000","%a.s.","22.400","deg","20.000","°C","962.000","hPa","0.861","-0.02617","0.00035","0","0","13.56","Humid","35.35","0","78.50","280041.74","SABD0002000014","AAV2.0.0.13","3.0.3.1703","PSt7-10","180509-002","9/13/2019 10:46:52 AM","0000-00","0","no battery","V"
"06/11/2023","12:03:18","9","default","547630319","OXY_CH9","67.342","min","206.377","μmol/L","Humid","20.761","deg","113958","µV","26.775","°C","1016.000","hPa","35.9","pmil","0","55.690","deg","20.000","°C","100.000","%a.s.","22.400","deg","20.000","°C","962.000","hPa","0.861","-0.02617","0.00035","0","0","13.56","Humid","35.35","0","78.50","280045.99","SABD0002000014","AAV2.0.0.13","3.0.3.1703","PSt7-10","180509-002","9/13/2019 10:46:52 AM","0000-00","0","no battery","V"
"06/11/2023","12:03:19","9","default","547630319","OXY_CH9","67.358","min","206.415","μmol/L","Humid","20.761","deg","113948","µV","26.769","°C","1016.000","hPa","35.9","pmil","0","55.690","deg","20.000","°C","100.000","%a.s.","22.400","deg","20.000","°C","962.000","hPa","0.861","-0.02617","0.00035","0","0","13.56","Humid","35.35","0","78.50","280040.73","SABD0002000014","AAV2.0.0.13","3.0.3.1703","PSt7-10","180509-002","9/13/2019 10:46:52 AM","0000-00","0","no battery","V"
"06/11/2023","12:03:20","9","default","547630319","OXY_CH9","67.375","min","206.378","μmol/L","Humid","20.763","deg","113944","µV","26.769","°C","1016.000","hPa","35.9","pmil","0","55.690","deg","20.000","°C","100.000","%a.s.","22.400","deg","20.000","°C","962.000","hPa","0.861","-0.02617","0.00035","0","0","13.56","Humid","35.35","0","78.50","280035.55","SABD0002000014","AAV2.0.0.13","3.0.3.1703","PSt7-10","180509-002","9/13/2019 10:46:52 AM","0000-00","0","no battery","V"
"06/11/2023","12:03:21","9","default","547630319","OXY_CH9","67.392","min","206.396","μmol/L","Humid","20.760","deg","113945","µV","26.775","°C","1016.000","hPa","35.9","pmil","0","55.690","deg","20.000","°C","100.000","%a.s.","22.400","deg","20.000","°C","962.000","hPa","0.861","-0.02617","0.00035","0","0","13.56","Humid","35.35","0","78.50","280035.83","SABD0002000014","AAV2.0.0.13","3.0.3.1703","PSt7-10","180509-002","9/13/2019 10:46:52 AM","0000-00","0","no battery","V"
"06/11/2023","12:03:22","9","default","547630319","OXY_CH9","67.408","min","206.377","μmol/L","Humid","20.761","deg","113933","µV","26.775","°C","1016.000","hPa","35.9","pmil","0","55.690","deg","20.000","°C","100.000","%a.s.","22.400","deg","20.000","°C","962.000","hPa","0.861","-0.02617","0.00035","0","0","13.56","Humid","35.35","0","78.50","280030.65","SABD0002000014","AAV2.0.0.13","3.0.3.1703","PSt7-10","180509-002","9/13/2019 10:46:52 AM","0000-00","0","no battery","V"
"06/11/2023","12:03:23","9","default","547630319","OXY_CH9","67.425","min","206.488","μmol/L","Humid","20.755","deg","113936","µV","26.775","°C","1016.000","hPa","35.9","pmil","0","55.690","deg","20.000","°C","100.000","%a.s.","22.400","deg","20.000","°C","962.000","hPa","0.861","-0.02617","0.00035","0","0","13.56","Humid","35.35","0","78.50","280042.87","SABD0002000014","AAV2.0.0.13","3.0.3.1703","PSt7-10","180509-002","9/13/2019 10:46:52 AM","0000-00","0","no battery","V"
"06/11/2023","12:03:24","9","default","547630319","OXY_CH9","67.441","min","206.506","μmol/L","Humid","20.754","deg","113922","µV","26.775","°C","1016.000","hPa","35.9","pmil","0","55.690","deg","20.000","°C","100.000","%a.s.","22.400","deg","20.000","°C","962.000","hPa","0.861","-0.02617","0.00035","0","0","13.56","Humid","35.35","0","78.50","280049.31","SABD0002000014","AAV2.0.0.13","3.0.3.1703","PSt7-10","180509-002","9/13/2019 10:46:52 AM","0000-00","0","no battery","V"
"06/11/2023","12:03:25","9","default","547630319","OXY_CH9","67.458","min","206.544","μmol/L","Humid","20.754","deg","113920","µV","26.769","°C","1016.000","hPa","35.9","pmil","0","55.690","deg","20.000","°C","100.000","%a.s.","22.400","deg","20.000","°C","962.000","hPa","0.861","-0.02617","0.00035","0","0","13.56","Humid","35.35","0","78.50","280050.40","SABD0002000014","AAV2.0.0.13","3.0.3.1703","PSt7-10","180509-002","9/13/2019 10:46:52 AM","0000-00","0","no battery","V"
"06/11/2023","12:03:26","9","default","547630319","OXY_CH9","67.474","min","206.524","μmol/L","Humid","20.753","deg","113916","µV","26.775","°C","1016.000","hPa","35.9","pmil","0","55.690","deg","20.000","°C","100.000","%a.s.","22.400","deg","20.000","°C","962.000","hPa","0.861","-0.02617","0.00035","0","0","13.56","Humid","35.35","0","78.50","280036.64","SABD0002000014","AAV2.0.0.13","3.0.3.1703","PSt7-10","180509-002","9/13/2019 10:46:52 AM","0000-00","0","no battery","V"
"06/11/2023","12:03:27","9","default","547630319","OXY_CH9","67.491","min","206.524","μmol/L","Humid","20.753","deg","113901","µV","26.775","°C","1016.000","hPa","35.9","pmil","0","55.690","deg","20.000","°C","100.000","%a.s.","22.400","deg","20.000","°C","962.000","hPa","0.861","-0.02617","0.00035","0","0","13.56","Humid","35.35","0","78.50","280045.44","SABD0002000014","AAV2.0.0.13","3.0.3.1703","PSt7-10","180509-002","9/13/2019 10:46:52 AM","0000-00","0","no battery","V"
"06/11/2023","12:03:28","9","default","547630319","OXY_CH9","67.508","min","206.561","μmol/L","Humid","20.751","deg","113903","µV","26.775","°C","1016.000","hPa","35.9","pmil","0","55.690","deg","20.000","°C","100.000","%a.s.","22.400","deg","20.000","°C","962.000","hPa","0.861","-0.02617","0.00035","0","0","13.56","Humid","35.35","0","78.50","280054.34","SABD0002000014","AAV2.0.0.13","3.0.3.1703","PSt7-10","180509-002","9/13/2019 10:46:52 AM","0000-00","0","no battery","V"
"06/11/2023","12:03:29","9","default","547630319","OXY_CH9","67.524","min","206.598","μmol/L","Humid","20.749","deg","113883","µV","26.775","°C","1016.000","hPa","35.9","pmil","0","55.690","deg","20.000","°C","100.000","%a.s.","22.400","deg","20.000","°C","962.000","hPa","0.861","-0.02617","0.00035","0","0","13.56","Humid","35.35","0","78.50","280040.91","SABD0002000014","AAV2.0.0.13","3.0.3.1703","PSt7-10","180509-002","9/13/2019 10:46:52 AM","0000-00","0","no battery","V"
"06/11/2023","12:03:30","9","default","547630319","OXY_CH9","67.541","min","206.561","μmol/L","Humid","20.751","deg","113889","µV","26.775","°C","1016.000","hPa","35.9","pmil","0","55.690","deg","20.000","°C","100.000","%a.s.","22.400","deg","20.000","°C","962.000","hPa","0.861","-0.02617","0.00035","0","0","13.56","Humid","35.35","0","78.50","280043.76","SABD0002000014","AAV2.0.0.13","3.0.3.1703","PSt7-10","180509-002","9/13/2019 10:46:52 AM","0000-00","0","no battery","V"
"06/11/2023","12:03:31","9","default","547630319","OXY_CH9","67.558","min","206.542","μmol/L","Humid","20.750","deg","113887","µV","26.781","°C","1016.000","hPa","35.9","pmil","0","55.690","deg","20.000","°C","100.000","%a.s.","22.400","deg","20.000","°C","962.000","hPa","0.861","-0.02617","0.00035","0","0","13.56","Humid","35.35","0","78.50","280053.28","SABD0002000014","AAV2.0.0.13","3.0.3.1703","PSt7-10","180509-002","9/13/2019 10:46:52 AM","0000-00","0","no battery","V"
"06/11/2023","12:03:32","9","default","547630319","OXY_CH9","67.574","min","206.542","μmol/L","Humid","20.750","deg","113873","µV","26.781","°C","1016.000","hPa","35.9","pmil","0","55.690","deg","20.000","°C","100.000","%a.s.","22.400","deg","20.000","°C","962.000","hPa","0.861","-0.02617","0.00035","0","0","13.56","Humid","35.35","0","78.50","280039.15","SABD0002000014","AAV2.0.0.13","3.0.3.1703","PSt7-10","180509-002","9/13/2019 10:46:52 AM","0000-00","0","no battery","V"
"06/11/2023","12:03:33","9","default","547630319","OXY_CH9","67.591","min","206.653","μmol/L","Humid","20.746","deg","113868","µV","26.775","°C","1016.000","hPa","35.9","pmil","0","55.690","deg","20.000","°C","100.000","%a.s.","22.400","deg","20.000","°C","962.000","hPa","0.861","-0.02617","0.00035","0","0","13.56","Humid","35.35","0","78.50","280046.12","SABD0002000014","AAV2.0.0.13","3.0.3.1703","PSt7-10","180509-002","9/13/2019 10:46:52 AM","0000-00","0","no battery","V"
"06/11/2023","12:03:34","9","default","547630319","OXY_CH9","67.608","min","206.635","μmol/L","Humid","20.747","deg","113862","µV","26.775","°C","1016.000","hPa","35.9","pmil","0","55.690","deg","20.000","°C","100.000","%a.s.","22.400","deg","20.000","°C","962.000","hPa","0.861","-0.02617","0.00035","0","0","13.56","Humid","35.35","0","78.50","280044.42","SABD0002000014","AAV2.0.0.13","3.0.3.1703","PSt7-10","180509-002","9/13/2019 10:46:52 AM","0000-00","0","no battery","V"
"06/11/2023","12:03:35","9","default","547630319","OXY_CH9","67.624","min","206.709","μmol/L","Humid","20.743","deg","113852","µV","26.775","°C","1016.000","hPa","35.9","pmil","0","55.690","deg","20.000","°C","100.000","%a.s.","22.400","deg","20.000","°C","962.000","hPa","0.861","-0.02617","0.00035","0","0","13.56","Humid","35.35","0","78.50","280033.79","SABD0002000014","AAV2.0.0.13","3.0.3.1703","PSt7-10","180509-002","9/13/2019 10:46:52 AM","0000-00","0","no battery","V"
"06/11/2023","12:03:36","9","default","547630319","OXY_CH9","67.642","min","206.709","μmol/L","Humid","20.745","deg","113850","µV","26.769","°C","1016.000","hPa","35.9","pmil","0","55.690","deg","20.000","°C","100.000","%a.s.","22.400","deg","20.000","°C","962.000","hPa","0.861","-0.02617","0.00035","0","0","13.56","Humid","35.35","0","78.50","280039.68","SABD0002000014","AAV2.0.0.13","3.0.3.1703","PSt7-10","180509-002","9/13/2019 10:46:52 AM","0000-00","0","no battery","V"
"06/11/2023","12:03:37","9","default","547630319","OXY_CH9","67.659","min","206.727","μmol/L","Humid","20.742","deg","113846","µV","26.775","°C","1016.000","hPa","35.9","pmil","0","55.690","deg","20.000","°C","100.000","%a.s.","22.400","deg","20.000","°C","962.000","hPa","0.861","-0.02617","0.00035","0","0","13.56","Humid","35.35","0","78.50","280052.50","SABD0002000014","AAV2.0.0.13","3.0.3.1703","PSt7-10","180509-002","9/13/2019 10:46:52 AM","0000-00","0","no battery","V"
"06/11/2023","12:03:38","9","default","547630319","OXY_CH9","67.675","min","206.709","μmol/L","Humid","20.743","deg","113834","µV","26.775","°C","1016.000","hPa","35.9","pmil","0","55.690","deg","20.000","°C","100.000","%a.s.","22.400","deg","20.000","°C","962.000","hPa","0.861","-0.02617","0.00035","0","0","13.56","Humid","35.35","0","78.50","280039.56","SABD0002000014","AAV2.0.0.13","3.0.3.1703","PSt7-10","180509-002","9/13/2019 10:46:52 AM","0000-00","0","no battery","V"
"06/11/2023","12:03:39","9","default","547630319","OXY_CH9","67.691","min","206.764","μmol/L","Humid","20.740","deg","113821","µV","26.775","°C","1016.000","hPa","35.9","pmil","0","55.690","deg","20.000","°C","100.000","%a.s.","22.400","deg","20.000","°C","962.000","hPa","0.861","-0.02617","0.00035","0","0","13.56","Humid","35.35","0","78.50","280032.99","SABD0002000014","AAV2.0.0.13","3.0.3.1703","PSt7-10","180509-002","9/13/2019 10:46:52 AM","0000-00","0","no battery","V"
"06/11/2023","12:03:40","9","default","547630319","OXY_CH9","67.708","min","206.801","μmol/L","Humid","20.738","deg","113822","µV","26.775","°C","1016.000","hPa","35.9","pmil","0","55.690","deg","20.000","°C","100.000","%a.s.","22.400","deg","20.000","°C","962.000","hPa","0.861","-0.02617","0.00035","0","0","13.56","Humid","35.35","0","78.50","280034.60","SABD0002000014","AAV2.0.0.13","3.0.3.1703","PSt7-10","180509-002","9/13/2019 10:46:52 AM","0000-00","0","no battery","V"
"06/11/2023","12:03:41","9","default","547630319","OXY_CH9","67.725","min","206.801","μmol/L","Humid","20.738","deg","113815","µV","26.775","°C","1016.000","hPa","35.9","pmil","0","55.690","deg","20.000","°C","100.000","%a.s.","22.400","deg","20.000","°C","962.000","hPa","0.861","-0.02617","0.00035","0","0","13.56","Humid","35.35","0","78.50","280029.86","SABD0002000014","AAV2.0.0.13","3.0.3.1703","PSt7-10","180509-002","9/13/2019 10:46:52 AM","0000-00","0","no battery","V"
"06/11/2023","12:03:42","9","default","547630319","OXY_CH9","67.741","min","206.801","μmol/L","Humid","20.738","deg","113812","µV","26.775","°C","1016.000","hPa","35.9","pmil","0","55.690","deg","20.000","°C","100.000","%a.s.","22.400","deg","20.000","°C","962.000","hPa","0.861","-0.02617","0.00035","0","0","13.56","Humid","35.35","0","78.50","280035.32","SABD0002000014","AAV2.0.0.13","3.0.3.1703","PSt7-10","180509-002","9/13/2019 10:46:52 AM","0000-00","0","no battery","V"
"06/11/2023","12:03:43","9","default","547630319","OXY_CH9","67.758","min","206.875","μmol/L","Humid","20.736","deg","113803","µV","26.769","°C","1016.000","hPa","35.9","pmil","0","55.690","deg","20.000","°C","100.000","%a.s.","22.400","deg","20.000","°C","962.000","hPa","0.861","-0.02617","0.00035","0","0","13.56","Humid","35.35","0","78.50","280039.37","SABD0002000014","AAV2.0.0.13","3.0.3.1703","PSt7-10","180509-002","9/13/2019 10:46:52 AM","0000-00","0","no battery","V"
"06/11/2023","12:03:44","9","default","547630319","OXY_CH9","67.775","min","206.819","μmol/L","Humid","20.737","deg","113793","µV","26.775","°C","1016.000","hPa","35.9","pmil","0","55.690","deg","20.000","°C","100.000","%a.s.","22.400","deg","20.000","°C","962.000","hPa","0.861","-0.02617","0.00035","0","0","13.56","Humid","35.35","0","78.50","280034.03","SABD0002000014","AAV2.0.0.13","3.0.3.1703","PSt7-10","180509-002","9/13/2019 10:46:52 AM","0000-00","0","no battery","V"
"06/11/2023","12:03:45","9","default","547630319","OXY_CH9","67.791","min","206.837","μmol/L","Humid","20.734","deg","113788","µV","26.781","°C","1016.000","hPa","35.9","pmil","0","55.690","deg","20.000","°C","100.000","%a.s.","22.400","deg","20.000","°C","962.000","hPa","0.861","-0.02617","0.00035","0","0","13.56","Humid","35.35","0","78.50","280052.70","SABD0002000014","AAV2.0.0.13","3.0.3.1703","PSt7-10","180509-002","9/13/2019 10:46:52 AM","0000-00","0","no battery","V"
"06/11/2023","12:03:46","9","default","547630319","OXY_CH9","67.808","min","206.856","μmol/L","Humid","20.733","deg","113793","µV","26.781","°C","1016.000","hPa","35.9","pmil","0","55.690","deg","20.000","°C","100.000","%a.s.","22.400","deg","20.000","°C","962.000","hPa","0.861","-0.02617","0.00035","0","0","13.56","Humid","35.35","0","78.50","280054.47","SABD0002000014","AAV2.0.0.13","3.0.3.1703","PSt7-10","180509-002","9/13/2019 10:46:52 AM","0000-00","0","no battery","V"
"06/11/2023","12:03:47","9","default","547630319","OXY_CH9","67.825","min","206.930","μmol/L","Humid","20.731","deg","113774","µV","26.775","°C","1016.000","hPa","35.9","pmil","0","55.690","deg","20.000","°C","100.000","%a.s.","22.400","deg","20.000","°C","962.000","hPa","0.861","-0.02617","0.00035","0","0","13.56","Humid","35.35","0","78.50","280037.78","SABD0002000014","AAV2.0.0.13","3.0.3.1703","PSt7-10","180509-002","9/13/2019 10:46:52 AM","0000-00","0","no battery","V"
"06/11/2023","12:03:48","9","default","547630319","OXY_CH9","67.842","min","206.893","μmol/L","Humid","20.733","deg","113763","µV","26.775","°C","1016.000","hPa","35.9","pmil","0","55.690","deg","20.000","°C","100.000","%a.s.","22.400","deg","20.000","°C","962.000","hPa","0.861","-0.02617","0.00035","0","0","13.56","Humid","35.35","0","78.50","280050.88","SABD0002000014","AAV2.0.0.13","3.0.3.1703","PSt7-10","180509-002","9/13/2019 10:46:52 AM","0000-00","0","no battery","V"
"06/11/2023","12:03:49","9","default","547630319","OXY_CH9","67.858","min","206.948","μmol/L","Humid","20.730","deg","113762","µV","26.775","°C","1016.000","hPa","35.9","pmil","0","55.690","deg","20.000","°C","100.000","%a.s.","22.400","deg","20.000","°C","962.000","hPa","0.861","-0.02617","0.00035","0","0","13.56","Humid","35.35","0","78.50","280049.10","SABD0002000014","AAV2.0.0.13","3.0.3.1703","PSt7-10","180509-002","9/13/2019 10:46:52 AM","0000-00","0","no battery","V"
"06/11/2023","12:03:50","9","default","547630319","OXY_CH9","67.875","min","207.023","μmol/L","Humid","20.728","deg","113745","µV","26.769","°C","1016.000","hPa","35.9","pmil","0","55.690","deg","20.000","°C","100.000","%a.s.","22.400","deg","20.000","°C","962.000","hPa","0.861","-0.02617","0.00035","0","0","13.56","Humid","35.35","0","78.50","280028.13","SABD0002000014","AAV2.0.0.13","3.0.3.1703","PSt7-10","180509-002","9/13/2019 10:46:52 AM","0000-00","0","no battery","V"
"06/11/2023","12:03:51","9","default","547630319","OXY_CH9","67.892","min","207.022","μmol/L","Humid","20.726","deg","113743","µV","26.775","°C","1016.000","hPa","35.9","pmil","0","55.690","deg","20.000","°C","100.000","%a.s.","22.400","deg","20.000","°C","962.000","hPa","0.861","-0.02617","0.00035","0","0","13.56","Humid","35.35","0","78.50","280035.06","SABD0002000014","AAV2.0.0.13","3.0.3.1703","PSt7-10","180509-002","9/13/2019 10:46:52 AM","0000-00","0","no battery","V"
"06/11/2023","12:03:52","9","default","547630319","OXY_CH9","67.908","min","206.948","μmol/L","Humid","20.728","deg","113744","µV","26.781","°C","1016.000","hPa","35.9","pmil","0","55.690","deg","20.000","°C","100.000","%a.s.","22.400","deg","20.000","°C","962.000","hPa","0.861","-0.02617","0.00035","0","0","13.56","Humid","35.35","0","78.50","280039.41","SABD0002000014","AAV2.0.0.13","3.0.3.1703","PSt7-10","180509-002","9/13/2019 10:46:52 AM","0000-00","0","no battery","V"
"06/11/2023","12:03:53","9","default","547630319","OXY_CH9","67.925","min","207.059","μmol/L","Humid","20.724","deg","113737","µV","26.775","°C","1016.000","hPa","35.9","pmil","0","55.690","deg","20.000","°C","100.000","%a.s.","22.400","deg","20.000","°C","962.000","hPa","0.861","-0.02617","0.00035","0","0","13.56","Humid","35.35","0","78.50","280042.34","SABD0002000014","AAV2.0.0.13","3.0.3.1703","PSt7-10","180509-002","9/13/2019 10:46:52 AM","0000-00","0","no battery","V"
"06/11/2023","12:03:54","9","default","547630319","OXY_CH9","67.942","min","207.078","μmol/L","Humid","20.723","deg","113733","µV","26.775","°C","1016.000","hPa","35.9","pmil","0","55.690","deg","20.000","°C","100.000","%a.s.","22.400","deg","20.000","°C","962.000","hPa","0.861","-0.02617","0.00035","0","0","13.56","Humid","35.35","0","78.50","280053.00","SABD0002000014","AAV2.0.0.13","3.0.3.1703","PSt7-10","180509-002","9/13/2019 10:46:52 AM","0000-00","0","no battery","V"
"06/11/2023","12:03:55","9","default","547630319","OXY_CH9","67.958","min","207.004","μmol/L","Humid","20.727","deg","113720","µV","26.775","°C","1016.000","hPa","35.9","pmil","0","55.690","deg","20.000","°C","100.000","%a.s.","22.400","deg","20.000","°C","962.000","hPa","0.861","-0.02617","0.00035","0","0","13.56","Humid","35.35","0","78.50","280044.70","SABD0002000014","AAV2.0.0.13","3.0.3.1703","PSt7-10","180509-002","9/13/2019 10:46:52 AM","0000-00","0","no battery","V"
"06/11/2023","12:03:56","9","default","547630319","OXY_CH9","67.975","min","207.115","μmol/L","Humid","20.721","deg","113716","µV","26.775","°C","1016.000","hPa","35.9","pmil","0","55.690","deg","20.000","°C","100.000","%a.s.","22.400","deg","20.000","°C","962.000","hPa","0.861","-0.02617","0.00035","0","0","13.56","Humid","35.35","0","78.50","280034.92","SABD0002000014","AAV2.0.0.13","3.0.3.1703","PSt7-10","180509-002","9/13/2019 10:46:52 AM","0000-00","0","no battery","V"
"06/11/2023","12:03:57","9","default","547630319","OXY_CH9","67.992","min","207.133","μmol/L","Humid","20.720","deg","113707","µV","26.775","°C","1016.000","hPa","35.9","pmil","0","55.690","deg","20.000","°C","100.000","%a.s.","22.400","deg","20.000","°C","962.000","hPa","0.861","-0.02617","0.00035","0","0","13.56","Humid","35.35","0","78.50","280046.52","SABD0002000014","AAV2.0.0.13","3.0.3.1703","PSt7-10","180509-002","9/13/2019 10:46:52 AM","0000-00","0","no battery","V"
"06/11/2023","12:03:58","9","default","547630319","OXY_CH9","68.008","min","207.114","μmol/L","Humid","20.719","deg","113692","µV","26.781","°C","1016.000","hPa","35.9","pmil","0","55.690","deg","20.000","°C","100.000","%a.s.","22.400","deg","20.000","°C","962.000","hPa","0.861","-0.02617","0.00035","0","0","13.56","Humid","35.35","0","78.50","280023.30","SABD0002000014","AAV2.0.0.13","3.0.3.1703","PSt7-10","180509-002","9/13/2019 10:46:52 AM","0000-00","0","no battery","V"
"06/11/2023","12:03:59","9","default","547630319","OXY_CH9","68.025","min","207.059","μmol/L","Humid","20.722","deg","113700","µV","26.781","°C","1016.000","hPa","35.9","pmil","0","55.690","deg","20.000","°C","100.000","%a.s.","22.400","deg","20.000","°C","962.000","hPa","0.861","-0.02617","0.00035","0","0","13.56","Humid","35.35","0","78.50","280035.85","SABD0002000014","AAV2.0.0.13","3.0.3.1703","PSt7-10","180509-002","9/13/2019 10:46:52 AM","0000-00","0","no battery","V"
"06/11/2023","12:04:00","9","default","547630319","OXY_CH9","68.041","min","207.133","μmol/L","Humid","20.718","deg","113682","µV","26.781","°C","1016.000","hPa","35.9","pmil","0","55.690","deg","20.000","°C","100.000","%a.s.","22.400","deg","20.000","°C","962.000","hPa","0.861","-0.02617","0.00035","0","0","13.56","Humid","35.35","0","78.50","280015.07","SABD0002000014","AAV2.0.0.13","3.0.3.1703","PSt7-10","180509-002","9/13/2019 10:46:52 AM","0000-00","0","no battery","V"
"06/11/2023","12:04:01","9","default","547630319","OXY_CH9","68.058","min","207.263","μmol/L","Humid","20.713","deg","113681","µV","26.775","°C","1016.000","hPa","35.9","pmil","0","55.690","deg","20.000","°C","100.000","%a.s.","22.400","deg","20.000","°C","962.000","hPa","0.861","-0.02617","0.00035","0","0","13.56","Humid","35.35","0","78.50","280031.66","SABD0002000014","AAV2.0.0.13","3.0.3.1703","PSt7-10","180509-002","9/13/2019 10:46:52 AM","0000-00","0","no battery","V"
"06/11/2023","12:04:02","9","default","547630319","OXY_CH9","68.075","min","207.337","μmol/L","Humid","20.711","deg","113679","µV","26.769","°C","1016.000","hPa","35.9","pmil","0","55.690","deg","20.000","°C","100.000","%a.s.","22.400","deg","20.000","°C","962.000","hPa","0.861","-0.02617","0.00035","0","0","13.56","Humid","35.35","0","78.50","280038.67","SABD0002000014","AAV2.0.0.13","3.0.3.1703","PSt7-10","180509-002","9/13/2019 10:46:52 AM","0000-00","0","no battery","V"
"06/11/2023","12:04:03","9","default","547630319","OXY_CH9","68.091","min","207.263","μmol/L","Humid","20.713","deg","113666","µV","26.775","°C","1016.000","hPa","35.9","pmil","0","55.690","deg","20.000","°C","100.000","%a.s.","22.400","deg","20.000","°C","962.000","hPa","0.861","-0.02617","0.00035","0","0","13.56","Humid","35.35","0","78.50","280023.05","SABD0002000014","AAV2.0.0.13","3.0.3.1703","PSt7-10","180509-002","9/13/2019 10:46:52 AM","0000-00","0","no battery","V"
"06/11/2023","12:04:04","9","default","547630319","OXY_CH9","68.108","min","207.226","μmol/L","Humid","20.715","deg","113664","µV","26.775","°C","1016.000","hPa","35.9","pmil","0","55.690","deg","20.000","°C","100.000","%a.s.","22.400","deg","20.000","°C","962.000","hPa","0.861","-0.02617","0.00035","0","0","13.56","Humid","35.35","0","78.50","280024.40","SABD0002000014","AAV2.0.0.13","3.0.3.1703","PSt7-10","180509-002","9/13/2019 10:46:52 AM","0000-00","0","no battery","V"
"06/11/2023","12:04:05","9","default","547630319","OXY_CH9","68.125","min","207.300","μmol/L","Humid","20.713","deg","113657","µV","26.769","°C","1016.000","hPa","35.9","pmil","0","55.690","deg","20.000","°C","100.000","%a.s.","22.400","deg","20.000","°C","962.000","hPa","0.861","-0.02617","0.00035","0","0","13.56","Humid","35.35","0","78.50","280031.05","SABD0002000014","AAV2.0.0.13","3.0.3.1703","PSt7-10","180509-002","9/13/2019 10:46:52 AM","0000-00","0","no battery","V"
"06/11/2023","12:04:06","9","default","547630319","OXY_CH9","68.141","min","207.337","μmol/L","Humid","20.709","deg","113637","µV","26.775","°C","1016.000","hPa","35.9","pmil","0","55.690","deg","20.000","°C","100.000","%a.s.","22.400","deg","20.000","°C","962.000","hPa","0.861","-0.02617","0.00035","0","0","13.56","Humid","35.35","0","78.50","280014.57","SABD0002000014","AAV2.0.0.13","3.0.3.1703","PSt7-10","180509-002","9/13/2019 10:46:52 AM","0000-00","0","no battery","V"
"06/11/2023","12:04:07","9","default","547630319","OXY_CH9","68.158","min","207.318","μmol/L","Humid","20.710","deg","113637","µV","26.775","°C","1016.000","hPa","35.9","pmil","0","55.690","deg","20.000","°C","100.000","%a.s.","22.400","deg","20.000","°C","962.000","hPa","0.861","-0.02617","0.00035","0","0","13.56","Humid","35.35","0","78.50","280026.92","SABD0002000014","AAV2.0.0.13","3.0.3.1703","PSt7-10","180509-002","9/13/2019 10:46:52 AM","0000-00","0","no battery","V"
"06/11/2023","12:04:08","9","default","547630319","OXY_CH9","68.175","min","207.392","μmol/L","Humid","20.706","deg","113630","µV","26.775","°C","1016.000","hPa","35.9","pmil","0","55.690","deg","20.000","°C","100.000","%a.s.","22.400","deg","20.000","°C","962.000","hPa","0.861","-0.02617","0.00035","0","0","13.56","Humid","35.35","0","78.50","280032.24","SABD0002000014","AAV2.0.0.13","3.0.3.1703","PSt7-10","180509-002","9/13/2019 10:46:52 AM","0000-00","0","no battery","V"
"06/11/2023","12:04:09","9","default","547630319","OXY_CH9","68.191","min","207.337","μmol/L","Humid","20.709","deg","113622","µV","26.775","°C","1016.000","hPa","35.9","pmil","0","55.690","deg","20.000","°C","100.000","%a.s.","22.400","deg","20.000","°C","962.000","hPa","0.861","-0.02617","0.00035","0","0","13.56","Humid","35.35","0","78.50","280036.97","SABD0002000014","AAV2.0.0.13","3.0.3.1703","PSt7-10","180509-002","9/13/2019 10:46:52 AM","0000-00","0","no battery","V"
"06/11/2023","12:04:10","9","default","547630319","OXY_CH9","68.208","min","207.355","μmol/L","Humid","20.708","deg","113614","µV","26.775","°C","1016.000","hPa","35.9","pmil","0","55.690","deg","20.000","°C","100.000","%a.s.","22.400","deg","20.000","°C","962.000","hPa","0.861","-0.02617","0.00035","0","0","13.56","Humid","35.35","0","78.50","280028.76","SABD0002000014","AAV2.0.0.13","3.0.3.1703","PSt7-10","180509-002","9/13/2019 10:46:52 AM","0000-00","0","no battery","V"
"06/11/2023","12:04:11","9","default","547630319","OXY_CH9","68.225","min","207.354","μmol/L","Humid","20.706","deg","113607","µV","26.781","°C","1016.000","hPa","35.9","pmil","0","55.690","deg","20.000","°C","100.000","%a.s.","22.400","deg","20.000","°C","962.000","hPa","0.861","-0.02617","0.00035","0","0","13.56","Humid","35.35","0","78.50","280028.22","SABD0002000014","AAV2.0.0.13","3.0.3.1703","PSt7-10","180509-002","9/13/2019 10:46:52 AM","0000-00","0","no battery","V"
"06/11/2023","12:04:12","9","default","547630319","OXY_CH9","68.241","min","207.391","μmol/L","Humid","20.704","deg","113601","µV","26.781","°C","1016.000","hPa","35.9","pmil","0","55.690","deg","20.000","°C","100.000","%a.s.","22.400","deg","20.000","°C","962.000","hPa","0.861","-0.02617","0.00035","0","0","13.56","Humid","35.35","0","78.50","280021.57","SABD0002000014","AAV2.0.0.13","3.0.3.1703","PSt7-10","180509-002","9/13/2019 10:46:52 AM","0000-00","0","no battery","V"
"06/11/2023","12:04:13","9","default","547630319","OXY_CH9","68.258","min","207.411","μmol/L","Humid","20.705","deg","113591","µV","26.775","°C","1016.000","hPa","35.9","pmil","0","55.690","deg","20.000","°C","100.000","%a.s.","22.400","deg","20.000","°C","962.000","hPa","0.861","-0.02617","0.00035","0","0","13.56","Humid","35.35","0","78.50","280028.23","SABD0002000014","AAV2.0.0.13","3.0.3.1703","PSt7-10","180509-002","9/13/2019 10:46:52 AM","0000-00","0","no battery","V"
"06/11/2023","12:04:14","9","default","547630319","OXY_CH9","68.275","min","207.410","μmol/L","Humid","20.703","deg","113582","µV","26.781","°C","1016.000","hPa","35.9","pmil","0","55.690","deg","20.000","°C","100.000","%a.s.","22.400","deg","20.000","°C","962.000","hPa","0.861","-0.02617","0.00035","0","0","13.56","Humid","35.35","0","78.50","280036.35","SABD0002000014","AAV2.0.0.13","3.0.3.1703","PSt7-10","180509-002","9/13/2019 10:46:52 AM","0000-00","0","no battery","V"
"06/11/2023","12:04:15","9","default","547630319","OXY_CH9","68.291","min","207.429","μmol/L","Humid","20.704","deg","113579","µV","26.775","°C","1016.000","hPa","35.9","pmil","0","55.690","deg","20.000","°C","100.000","%a.s.","22.400","deg","20.000","°C","962.000","hPa","0.861","-0.02617","0.00035","0","0","13.56","Humid","35.35","0","78.50","280032.53","SABD0002000014","AAV2.0.0.13","3.0.3.1703","PSt7-10","180509-002","9/13/2019 10:46:52 AM","0000-00","0","no battery","V"
"06/11/2023","12:04:16","9","default","547630319","OXY_CH9","68.308","min","207.503","μmol/L","Humid","20.700","deg","113575","µV","26.775","°C","1016.000","hPa","35.9","pmil","0","55.690","deg","20.000","°C","100.000","%a.s.","22.400","deg","20.000","°C","962.000","hPa","0.861","-0.02617","0.00035","0","0","13.56","Humid","35.35","0","78.50","280037.31","SABD0002000014","AAV2.0.0.13","3.0.3.1703","PSt7-10","180509-002","9/13/2019 10:46:52 AM","0000-00","0","no battery","V"
"06/11/2023","12:04:17","9","default","547630319","OXY_CH9","68.325","min","207.540","μmol/L","Humid","20.698","deg","113567","µV","26.775","°C","1016.000","hPa","35.9","pmil","0","55.690","deg","20.000","°C","100.000","%a.s.","22.400","deg","20.000","°C","962.000","hPa","0.861","-0.02617","0.00035","0","0","13.56","Humid","35.35","0","78.50","280046.96","SABD0002000014","AAV2.0.0.13","3.0.3.1703","PSt7-10","180509-002","9/13/2019 10:46:52 AM","0000-00","0","no battery","V"
"06/11/2023","12:04:18","9","default","547630319","OXY_CH9","68.341","min","207.559","μmol/L","Humid","20.697","deg","113555","µV","26.775","°C","1016.000","hPa","35.9","pmil","0","55.690","deg","20.000","°C","100.000","%a.s.","22.400","deg","20.000","°C","962.000","hPa","0.861","-0.02617","0.00035","0","0","13.56","Humid","35.35","0","78.50","280042.08","SABD0002000014","AAV2.0.0.13","3.0.3.1703","PSt7-10","180509-002","9/13/2019 10:46:52 AM","0000-00","0","no battery","V"
"06/11/2023","12:04:19","9","default","547630319","OXY_CH9","68.358","min","207.484","μmol/L","Humid","20.699","deg","113550","µV","26.781","°C","1016.000","hPa","35.9","pmil","0","55.690","deg","20.000","°C","100.000","%a.s.","22.400","deg","20.000","°C","962.000","hPa","0.861","-0.02617","0.00035","0","0","13.56","Humid","35.35","0","78.50","280016.57","SABD0002000014","AAV2.0.0.13","3.0.3.1703","PSt7-10","180509-002","9/13/2019 10:46:52 AM","0000-00","0","no battery","V"
"06/11/2023","12:04:20","9","default","547630319","OXY_CH9","68.375","min","207.540","μmol/L","Humid","20.698","deg","113551","µV","26.775","°C","1016.000","hPa","35.9","pmil","0","55.690","deg","20.000","°C","100.000","%a.s.","22.400","deg","20.000","°C","962.000","hPa","0.861","-0.02617","0.00035","0","0","13.56","Humid","35.35","0","78.50","280034.84","SABD0002000014","AAV2.0.0.13","3.0.3.1703","PSt7-10","180509-002","9/13/2019 10:46:52 AM","0000-00","0","no battery","V"
"06/11/2023","12:04:21","9","default","547630319","OXY_CH9","68.391","min","207.595","μmol/L","Humid","20.693","deg","113544","µV","26.781","°C","1016.000","hPa","35.9","pmil","0","55.690","deg","20.000","°C","100.000","%a.s.","22.400","deg","20.000","°C","962.000","hPa","0.861","-0.02617","0.00035","0","0","13.56","Humid","35.35","0","78.50","280019.25","SABD0002000014","AAV2.0.0.13","3.0.3.1703","PSt7-10","180509-002","9/13/2019 10:46:52 AM","0000-00","0","no battery","V"
"06/11/2023","12:04:22","9","default","547630319","OXY_CH9","68.408","min","207.521","μmol/L","Humid","20.697","deg","113540","µV","26.781","°C","1016.000","hPa","35.9","pmil","0","55.690","deg","20.000","°C","100.000","%a.s.","22.400","deg","20.000","°C","962.000","hPa","0.861","-0.02617","0.00035","0","0","13.56","Humid","35.35","0","78.50","280007.41","SABD0002000014","AAV2.0.0.13","3.0.3.1703","PSt7-10","180509-002","9/13/2019 10:46:52 AM","0000-00","0","no battery","V"
"06/11/2023","12:04:23","9","default","547630319","OXY_CH9","68.424","min","207.577","μmol/L","Humid","20.694","deg","113530","µV","26.781","°C","1016.000","hPa","35.9","pmil","0","55.690","deg","20.000","°C","100.000","%a.s.","22.400","deg","20.000","°C","962.000","hPa","0.861","-0.02617","0.00035","0","0","13.56","Humid","35.35","0","78.50","280020.62","SABD0002000014","AAV2.0.0.13","3.0.3.1703","PSt7-10","180509-002","9/13/2019 10:46:52 AM","0000-00","0","no battery","V"
"06/11/2023","12:04:24","9","default","547630319","OXY_CH9","68.441","min","207.632","μmol/L","Humid","20.691","deg","113517","µV","26.781","°C","1016.000","hPa","35.9","pmil","0","55.690","deg","20.000","°C","100.000","%a.s.","22.400","deg","20.000","°C","962.000","hPa","0.861","-0.02617","0.00035","0","0","13.56","Humid","35.35","0","78.50","280020.25","SABD0002000014","AAV2.0.0.13","3.0.3.1703","PSt7-10","180509-002","9/13/2019 10:46:52 AM","0000-00","0","no battery","V"
"06/11/2023","12:04:25","9","default","547630319","OXY_CH9","68.458","min","207.688","μmol/L","Humid","20.690","deg","113515","µV","26.775","°C","1016.000","hPa","35.9","pmil","0","55.690","deg","20.000","°C","100.000","%a.s.","22.400","deg","20.000","°C","962.000","hPa","0.861","-0.02617","0.00035","0","0","13.56","Humid","35.35","0","78.50","280022.42","SABD0002000014","AAV2.0.0.13","3.0.3.1703","PSt7-10","180509-002","9/13/2019 10:46:52 AM","0000-00","0","no battery","V"
"06/11/2023","12:04:26","9","default","547630319","OXY_CH9","68.474","min","207.595","μmol/L","Humid","20.693","deg","113508","µV","26.781","°C","1016.000","hPa","35.9","pmil","0","55.690","deg","20.000","°C","100.000","%a.s.","22.400","deg","20.000","°C","962.000","hPa","0.861","-0.02617","0.00035","0","0","13.56","Humid","35.35","0","78.50","280022.47","SABD0002000014","AAV2.0.0.13","3.0.3.1703","PSt7-10","180509-002","9/13/2019 10:46:52 AM","0000-00","0","no battery","V"
"06/11/2023","12:04:27","9","default","547630319","OXY_CH9","68.491","min","207.651","μmol/L","Humid","20.692","deg","113508","µV","26.775","°C","1016.000","hPa","35.9","pmil","0","55.690","deg","20.000","°C","100.000","%a.s.","22.400","deg","20.000","°C","962.000","hPa","0.861","-0.02617","0.00035","0","0","13.56","Humid","35.35","0","78.50","280022.61","SABD0002000014","AAV2.0.0.13","3.0.3.1703","PSt7-10","180509-002","9/13/2019 10:46:52 AM","0000-00","0","no battery","V"
"06/11/2023","12:04:28","9","default","547630319","OXY_CH9","68.508","min","207.744","μmol/L","Humid","20.687","deg","113492","µV","26.775","°C","1016.000","hPa","35.9","pmil","0","55.690","deg","20.000","°C","100.000","%a.s.","22.400","deg","20.000","°C","962.000","hPa","0.861","-0.02617","0.00035","0","0","13.56","Humid","35.35","0","78.50","280012.47","SABD0002000014","AAV2.0.0.13","3.0.3.1703","PSt7-10","180509-002","9/13/2019 10:46:52 AM","0000-00","0","no battery","V"
"06/11/2023","12:04:29","9","default","547630319","OXY_CH9","68.524","min","207.670","μmol/L","Humid","20.691","deg","113485","µV","26.775","°C","1016.000","hPa","35.9","pmil","0","55.690","deg","20.000","°C","100.000","%a.s.","22.400","deg","20.000","°C","962.000","hPa","0.861","-0.02617","0.00035","0","0","13.56","Humid","35.35","0","78.50","280017.27","SABD0002000014","AAV2.0.0.13","3.0.3.1703","PSt7-10","180509-002","9/13/2019 10:46:52 AM","0000-00","0","no battery","V"
"06/11/2023","12:04:30","9","default","547630319","OXY_CH9","68.541","min","207.781","μmol/L","Humid","20.685","deg","113487","µV","26.775","°C","1016.000","hPa","35.9","pmil","0","55.690","deg","20.000","°C","100.000","%a.s.","22.400","deg","20.000","°C","962.000","hPa","0.861","-0.02617","0.00035","0","0","13.56","Humid","35.35","0","78.50","280018.05","SABD0002000014","AAV2.0.0.13","3.0.3.1703","PSt7-10","180509-002","9/13/2019 10:46:52 AM","0000-00","0","no battery","V"
"06/11/2023","12:04:31","9","default","547630319","OXY_CH9","68.558","min","207.763","μmol/L","Humid","20.688","deg","113482","µV","26.769","°C","1016.000","hPa","35.9","pmil","0","55.690","deg","20.000","°C","100.000","%a.s.","22.400","deg","20.000","°C","962.000","hPa","0.861","-0.02617","0.00035","0","0","13.56","Humid","35.35","0","78.50","280029.55","SABD0002000014","AAV2.0.0.13","3.0.3.1703","PSt7-10","180509-002","9/13/2019 10:46:52 AM","0000-00","0","no battery","V"
"06/11/2023","12:04:32","9","default","547630319","OXY_CH9","68.575","min","207.706","μmol/L","Humid","20.687","deg","113470","µV","26.781","°C","1016.000","hPa","35.9","pmil","0","55.690","deg","20.000","°C","100.000","%a.s.","22.400","deg","20.000","°C","962.000","hPa","0.861","-0.02617","0.00035","0","0","13.56","Humid","35.35","0","78.50","280024.84","SABD0002000014","AAV2.0.0.13","3.0.3.1703","PSt7-10","180509-002","9/13/2019 10:46:52 AM","0000-00","0","no battery","V"
"06/11/2023","12:04:33","9","default","547630319","OXY_CH9","68.591","min","207.874","μmol/L","Humid","20.680","deg","113456","µV","26.775","°C","1016.000","hPa","35.9","pmil","0","55.690","deg","20.000","°C","100.000","%a.s.","22.400","deg","20.000","°C","962.000","hPa","0.861","-0.02617","0.00035","0","0","13.56","Humid","35.35","0","78.50","280004.74","SABD0002000014","AAV2.0.0.13","3.0.3.1703","PSt7-10","180509-002","9/13/2019 10:46:52 AM","0000-00","0","no battery","V"
"06/11/2023","12:04:34","9","default","547630319","OXY_CH9","68.608","min","207.818","μmol/L","Humid","20.681","deg","113452","µV","26.781","°C","1016.000","hPa","35.9","pmil","0","55.690","deg","20.000","°C","100.000","%a.s.","22.400","deg","20.000","°C","962.000","hPa","0.861","-0.02617","0.00035","0","0","13.56","Humid","35.35","0","78.50","280014.54","SABD0002000014","AAV2.0.0.13","3.0.3.1703","PSt7-10","180509-002","9/13/2019 10:46:52 AM","0000-00","0","no battery","V"
"06/11/2023","12:04:35","9","default","547630319","OXY_CH9","68.625","min","207.781","μmol/L","Humid","20.683","deg","113449","µV","26.781","°C","1016.000","hPa","35.9","pmil","0","55.690","deg","20.000","°C","100.000","%a.s.","22.400","deg","20.000","°C","962.000","hPa","0.861","-0.02617","0.00035","0","0","13.56","Humid","35.35","0","78.50","280024.84","SABD0002000014","AAV2.0.0.13","3.0.3.1703","PSt7-10","180509-002","9/13/2019 10:46:52 AM","0000-00","0","no battery","V"
"06/11/2023","12:04:36","9","default","547630319","OXY_CH9","68.641","min","207.837","μmol/L","Humid","20.682","deg","113443","µV","26.775","°C","1016.000","hPa","35.9","pmil","0","55.690","deg","20.000","°C","100.000","%a.s.","22.400","deg","20.000","°C","962.000","hPa","0.861","-0.02617","0.00035","0","0","13.56","Humid","35.35","0","78.50","280017.81","SABD0002000014","AAV2.0.0.13","3.0.3.1703","PSt7-10","180509-002","9/13/2019 10:46:52 AM","0000-00","0","no battery","V"
"06/11/2023","12:04:37","9","default","547630319","OXY_CH9","68.658","min","207.911","μmol/L","Humid","20.678","deg","113437","µV","26.775","°C","1016.000","hPa","35.9","pmil","0","55.690","deg","20.000","°C","100.000","%a.s.","22.400","deg","20.000","°C","962.000","hPa","0.861","-0.02617","0.00035","0","0","13.56","Humid","35.35","0","78.50","280034.49","SABD0002000014","AAV2.0.0.13","3.0.3.1703","PSt7-10","180509-002","9/13/2019 10:46:52 AM","0000-00","0","no battery","V"
"06/11/2023","12:04:38","9","default","547630319","OXY_CH9","68.675","min","207.874","μmol/L","Humid","20.680","deg","113426","µV","26.775","°C","1016.000","hPa","35.9","pmil","0","55.690","deg","20.000","°C","100.000","%a.s.","22.400","deg","20.000","°C","962.000","hPa","0.861","-0.02617","0.00035","0","0","13.56","Humid","35.35","0","78.50","280025.21","SABD0002000014","AAV2.0.0.13","3.0.3.1703","PSt7-10","180509-002","9/13/2019 10:46:52 AM","0000-00","0","no battery","V"
"06/11/2023","12:04:39","9","default","547630319","OXY_CH9","68.691","min","207.873","μmol/L","Humid","20.678","deg","113427","µV","26.781","°C","1016.000","hPa","35.9","pmil","0","55.690","deg","20.000","°C","100.000","%a.s.","22.400","deg","20.000","°C","962.000","hPa","0.861","-0.02617","0.00035","0","0","13.56","Humid","35.35","0","78.50","280028.72","SABD0002000014","AAV2.0.0.13","3.0.3.1703","PSt7-10","180509-002","9/13/2019 10:46:52 AM","0000-00","0","no battery","V"
"06/11/2023","12:04:40","9","default","547630319","OXY_CH9","68.708","min","207.892","μmol/L","Humid","20.677","deg","113420","µV","26.781","°C","1016.000","hPa","35.9","pmil","0","55.690","deg","20.000","°C","100.000","%a.s.","22.400","deg","20.000","°C","962.000","hPa","0.861","-0.02617","0.00035","0","0","13.56","Humid","35.35","0","78.50","280023.99","SABD0002000014","AAV2.0.0.13","3.0.3.1703","PSt7-10","180509-002","9/13/2019 10:46:52 AM","0000-00","0","no battery","V"
"06/11/2023","12:04:41","9","default","547630319","OXY_CH9","68.725","min","207.985","μmol/L","Humid","20.672","deg","113416","µV","26.781","°C","1016.000","hPa","35.9","pmil","0","55.690","deg","20.000","°C","100.000","%a.s.","22.400","deg","20.000","°C","962.000","hPa","0.861","-0.02617","0.00035","0","0","13.56","Humid","35.35","0","78.50","280024.43","SABD0002000014","AAV2.0.0.13","3.0.3.1703","PSt7-10","180509-002","9/13/2019 10:46:52 AM","0000-00","0","no battery","V"
"06/11/2023","12:04:42","9","default","547630319","OXY_CH9","68.741","min","207.966","μmol/L","Humid","20.673","deg","113401","µV","26.781","°C","1016.000","hPa","35.9","pmil","0","55.690","deg","20.000","°C","100.000","%a.s.","22.400","deg","20.000","°C","962.000","hPa","0.861","-0.02617","0.00035","0","0","13.56","Humid","35.35","0","78.50","280022.15","SABD0002000014","AAV2.0.0.13","3.0.3.1703","PSt7-10","180509-002","9/13/2019 10:46:52 AM","0000-00","0","no battery","V"
"06/11/2023","12:04:43","9","default","547630319","OXY_CH9","68.758","min","208.060","μmol/L","Humid","20.672","deg","113399","µV","26.769","°C","1016.000","hPa","35.9","pmil","0","55.690","deg","20.000","°C","100.000","%a.s.","22.400","deg","20.000","°C","962.000","hPa","0.861","-0.02617","0.00035","0","0","13.56","Humid","35.35","0","78.50","280016.76","SABD0002000014","AAV2.0.0.13","3.0.3.1703","PSt7-10","180509-002","9/13/2019 10:46:52 AM","0000-00","0","no battery","V"
"06/11/2023","12:04:44","9","default","547630319","OXY_CH9","68.775","min","207.966","μmol/L","Humid","20.673","deg","113393","µV","26.781","°C","1016.000","hPa","35.9","pmil","0","55.690","deg","20.000","°C","100.000","%a.s.","22.400","deg","20.000","°C","962.000","hPa","0.861","-0.02617","0.00035","0","0","13.56","Humid","35.35","0","78.50","280027.43","SABD0002000014","AAV2.0.0.13","3.0.3.1703","PSt7-10","180509-002","9/13/2019 10:46:52 AM","0000-00","0","no battery","V"
"06/11/2023","12:04:45","9","default","547630319","OXY_CH9","68.791","min","208.023","μmol/L","Humid","20.672","deg","113381","µV","26.775","°C","1016.000","hPa","35.9","pmil","0","55.690","deg","20.000","°C","100.000","%a.s.","22.400","deg","20.000","°C","962.000","hPa","0.861","-0.02617","0.00035","0","0","13.56","Humid","35.35","0","78.50","280010.09","SABD0002000014","AAV2.0.0.13","3.0.3.1703","PSt7-10","180509-002","9/13/2019 10:46:52 AM","0000-00","0","no battery","V"
"06/11/2023","12:04:46","9","default","547630319","OXY_CH9","68.808","min","208.023","μmol/L","Humid","20.672","deg","113377","µV","26.775","°C","1016.000","hPa","35.9","pmil","0","55.690","deg","20.000","°C","100.000","%a.s.","22.400","deg","20.000","°C","962.000","hPa","0.861","-0.02617","0.00035","0","0","13.56","Humid","35.35","0","78.50","280014.44","SABD0002000014","AAV2.0.0.13","3.0.3.1703","PSt7-10","180509-002","9/13/2019 10:46:52 AM","0000-00","0","no battery","V"
"06/11/2023","12:04:47","9","default","547630319","OXY_CH9","68.825","min","208.003","μmol/L","Humid","20.671","deg","113373","µV","26.781","°C","1016.000","hPa","35.9","pmil","0","55.690","deg","20.000","°C","100.000","%a.s.","22.400","deg","20.000","°C","962.000","hPa","0.861","-0.02617","0.00035","0","0","13.56","Humid","35.35","0","78.50","280013.66","SABD0002000014","AAV2.0.0.13","3.0.3.1703","PSt7-10","180509-002","9/13/2019 10:46:52 AM","0000-00","0","no battery","V"
"06/11/2023","12:04:48","9","default","547630319","OXY_CH9","68.841","min","208.059","μmol/L","Humid","20.668","deg","113362","µV","26.781","°C","1016.000","hPa","35.9","pmil","0","55.690","deg","20.000","°C","100.000","%a.s.","22.400","deg","20.000","°C","962.000","hPa","0.861","-0.02617","0.00035","0","0","13.56","Humid","35.35","0","78.50","280018.66","SABD0002000014","AAV2.0.0.13","3.0.3.1703","PSt7-10","180509-002","9/13/2019 10:46:52 AM","0000-00","0","no battery","V"
"06/11/2023","12:04:49","9","default","547630319","OXY_CH9","68.858","min","207.984","μmol/L","Humid","20.670","deg","113353","µV","26.787","°C","1016.000","hPa","35.9","pmil","0","55.690","deg","20.000","°C","100.000","%a.s.","22.400","deg","20.000","°C","962.000","hPa","0.861","-0.02617","0.00035","0","0","13.56","Humid","35.35","0","78.50","280023.82","SABD0002000014","AAV2.0.0.13","3.0.3.1703","PSt7-10","180509-002","9/13/2019 10:46:52 AM","0000-00","0","no battery","V"
"06/11/2023","12:04:50","9","default","547630319","OXY_CH9","68.875","min","208.134","μmol/L","Humid","20.664","deg","113347","µV","26.781","°C","1016.000","hPa","35.9","pmil","0","55.690","deg","20.000","°C","100.000","%a.s.","22.400","deg","20.000","°C","962.000","hPa","0.861","-0.02617","0.00035","0","0","13.56","Humid","35.35","0","78.50","280004.55","SABD0002000014","AAV2.0.0.13","3.0.3.1703","PSt7-10","180509-002","9/13/2019 10:46:52 AM","0000-00","0","no battery","V"
"06/11/2023","12:04:51","9","default","547630319","OXY_CH9","68.891","min","208.171","μmol/L","Humid","20.664","deg","113334","µV","26.775","°C","1016.000","hPa","35.9","pmil","0","55.690","deg","20.000","°C","100.000","%a.s.","22.400","deg","20.000","°C","962.000","hPa","0.861","-0.02617","0.00035","0","0","13.56","Humid","35.35","0","78.50","280014.28","SABD0002000014","AAV2.0.0.13","3.0.3.1703","PSt7-10","180509-002","9/13/2019 10:46:52 AM","0000-00","0","no battery","V"
"06/11/2023","12:04:52","9","default","547630319","OXY_CH9","68.908","min","208.040","μmol/L","Humid","20.665","deg","113327","µV","26.793","°C","1016.000","hPa","35.9","pmil","0","55.690","deg","20.000","°C","100.000","%a.s.","22.400","deg","20.000","°C","962.000","hPa","0.861","-0.02617","0.00035","0","0","13.56","Humid","35.35","0","78.50","280024.28","SABD0002000014","AAV2.0.0.13","3.0.3.1703","PSt7-10","180509-002","9/13/2019 10:46:52 AM","0000-00","0","no battery","V"
"06/11/2023","12:04:53","9","default","547630319","OXY_CH9","68.925","min","208.190","μmol/L","Humid","20.663","deg","113327","µV","26.775","°C","1016.000","hPa","35.9","pmil","0","55.690","deg","20.000","°C","100.000","%a.s.","22.400","deg","20.000","°C","962.000","hPa","0.861","-0.02617","0.00035","0","0","13.56","Humid","35.35","0","78.50","280009.99","SABD0002000014","AAV2.0.0.13","3.0.3.1703","PSt7-10","180509-002","9/13/2019 10:46:52 AM","0000-00","0","no battery","V"
"06/11/2023","12:04:54","9","default","547630319","OXY_CH9","68.941","min","208.227","μmol/L","Humid","20.659","deg","113321","µV","26.781","°C","1016.000","hPa","35.9","pmil","0","55.690","deg","20.000","°C","100.000","%a.s.","22.400","deg","20.000","°C","962.000","hPa","0.861","-0.02617","0.00035","0","0","13.56","Humid","35.35","0","78.50","280018.57","SABD0002000014","AAV2.0.0.13","3.0.3.1703","PSt7-10","180509-002","9/13/2019 10:46:52 AM","0000-00","0","no battery","V"
"06/11/2023","12:04:55","9","default","547630319","OXY_CH9","68.958","min","208.320","μmol/L","Humid","20.656","deg","113317","µV","26.775","°C","1016.000","hPa","35.9","pmil","0","55.690","deg","20.000","°C","100.000","%a.s.","22.400","deg","20.000","°C","962.000","hPa","0.861","-0.02617","0.00035","0","0","13.56","Humid","35.35","0","78.50","280019.96","SABD0002000014","AAV2.0.0.13","3.0.3.1703","PSt7-10","180509-002","9/13/2019 10:46:52 AM","0000-00","0","no battery","V"
"06/11/2023","12:04:56","9","default","547630319","OXY_CH9","68.974","min","208.227","μmol/L","Humid","20.659","deg","113305","µV","26.781","°C","1016.000","hPa","35.9","pmil","0","55.690","deg","20.000","°C","100.000","%a.s.","22.400","deg","20.000","°C","962.000","hPa","0.861","-0.02617","0.00035","0","0","13.56","Humid","35.35","0","78.50","280010.54","SABD0002000014","AAV2.0.0.13","3.0.3.1703","PSt7-10","180509-002","9/13/2019 10:46:52 AM","0000-00","0","no battery","V"
"06/11/2023","12:04:57","9","default","547630319","OXY_CH9","68.992","min","208.282","μmol/L","Humid","20.656","deg","113302","µV","26.781","°C","1016.000","hPa","35.9","pmil","0","55.690","deg","20.000","°C","100.000","%a.s.","22.400","deg","20.000","°C","962.000","hPa","0.861","-0.02617","0.00035","0","0","13.56","Humid","35.35","0","78.50","280023.31","SABD0002000014","AAV2.0.0.13","3.0.3.1703","PSt7-10","180509-002","9/13/2019 10:46:52 AM","0000-00","0","no battery","V"
"06/11/2023","12:04:58","9","default","547630319","OXY_CH9","69.008","min","208.245","μmol/L","Humid","20.658","deg","113287","µV","26.781","°C","1016.000","hPa","35.9","pmil","0","55.690","deg","20.000","°C","100.000","%a.s.","22.400","deg","20.000","°C","962.000","hPa","0.861","-0.02617","0.00035","0","0","13.56","Humid","35.35","0","78.50","280016.25","SABD0002000014","AAV2.0.0.13","3.0.3.1703","PSt7-10","180509-002","9/13/2019 10:46:52 AM","0000-00","0","no battery","V"
"06/11/2023","12:04:59","9","default","547630319","OXY_CH9","69.025","min","208.226","μmol/L","Humid","20.657","deg","113281","µV","26.787","°C","1016.000","hPa","35.9","pmil","0","55.690","deg","20.000","°C","100.000","%a.s.","22.400","deg","20.000","°C","962.000","hPa","0.861","-0.02617","0.00035","0","0","13.56","Humid","35.35","0","78.50","280010.58","SABD0002000014","AAV2.0.0.13","3.0.3.1703","PSt7-10","180509-002","9/13/2019 10:46:52 AM","0000-00","0","no battery","V"
"06/11/2023","12:05:00","9","default","547630319","OXY_CH9","69.042","min","208.320","μmol/L","Humid","20.654","deg","113279","µV","26.781","°C","1016.000","hPa","35.9","pmil","0","55.690","deg","20.000","°C","100.000","%a.s.","22.400","deg","20.000","°C","962.000","hPa","0.861","-0.02617","0.00035","0","0","13.56","Humid","35.35","0","78.50","280018.56","SABD0002000014","AAV2.0.0.13","3.0.3.1703","PSt7-10","180509-002","9/13/2019 10:46:52 AM","0000-00","0","no battery","V"
"06/11/2023","12:05:01","9","default","547630319","OXY_CH9","69.058","min","208.282","μmol/L","Humid","20.654","deg","113272","µV","26.787","°C","1016.000","hPa","35.9","pmil","0","55.690","deg","20.000","°C","100.000","%a.s.","22.400","deg","20.000","°C","962.000","hPa","0.861","-0.02617","0.00035","0","0","13.56","Humid","35.35","0","78.50","280010.08","SABD0002000014","AAV2.0.0.13","3.0.3.1703","PSt7-10","180509-002","9/13/2019 10:46:52 AM","0000-00","0","no battery","V"
"06/11/2023","12:05:02","9","default","547630319","OXY_CH9","69.075","min","208.320","μmol/L","Humid","20.654","deg","113270","µV","26.781","°C","1016.000","hPa","35.9","pmil","0","55.690","deg","20.000","°C","100.000","%a.s.","22.400","deg","20.000","°C","962.000","hPa","0.861","-0.02617","0.00035","0","0","13.56","Humid","35.35","0","78.50","280017.03","SABD0002000014","AAV2.0.0.13","3.0.3.1703","PSt7-10","180509-002","9/13/2019 10:46:52 AM","0000-00","0","no battery","V"
"06/11/2023","12:05:03","9","default","547630319","OXY_CH9","69.092","min","208.376","μmol/L","Humid","20.651","deg","113261","µV","26.781","°C","1016.000","hPa","35.9","pmil","0","55.690","deg","20.000","°C","100.000","%a.s.","22.400","deg","20.000","°C","962.000","hPa","0.861","-0.02617","0.00035","0","0","13.56","Humid","35.35","0","78.50","280016.50","SABD0002000014","AAV2.0.0.13","3.0.3.1703","PSt7-10","180509-002","9/13/2019 10:46:52 AM","0000-00","0","no battery","V"
"06/11/2023","12:05:04","9","default","547630319","OXY_CH9","69.108","min","208.413","μmol/L","Humid","20.649","deg","113251","µV","26.781","°C","1016.000","hPa","35.9","pmil","0","55.690","deg","20.000","°C","100.000","%a.s.","22.400","deg","20.000","°C","962.000","hPa","0.861","-0.02617","0.00035","0","0","13.56","Humid","35.35","0","78.50","280021.34","SABD0002000014","AAV2.0.0.13","3.0.3.1703","PSt7-10","180509-002","9/13/2019 10:46:52 AM","0000-00","0","no battery","V"
"06/11/2023","12:05:05","9","default","547630319","OXY_CH9","69.125","min","208.507","μmol/L","Humid","20.646","deg","113241","µV","26.775","°C","1016.000","hPa","35.9","pmil","0","55.690","deg","20.000","°C","100.000","%a.s.","22.400","deg","20.000","°C","962.000","hPa","0.861","-0.02617","0.00035","0","0","13.56","Humid","35.35","0","78.50","280016.62","SABD0002000014","AAV2.0.0.13","3.0.3.1703","PSt7-10","180509-002","9/13/2019 10:46:52 AM","0000-00","0","no battery","V"
"06/11/2023","12:05:06","9","default","547630319","OXY_CH9","69.142","min","208.469","μmol/L","Humid","20.646","deg","113241","µV","26.781","°C","1016.000","hPa","35.9","pmil","0","55.690","deg","20.000","°C","100.000","%a.s.","22.400","deg","20.000","°C","962.000","hPa","0.861","-0.02617","0.00035","0","0","13.56","Humid","35.35","0","78.50","280019.31","SABD0002000014","AAV2.0.0.13","3.0.3.1703","PSt7-10","180509-002","9/13/2019 10:46:52 AM","0000-00","0","no battery","V"
"06/11/2023","12:05:07","9","default","547630319","OXY_CH9","69.158","min","208.432","μmol/L","Humid","20.650","deg","113224","µV","26.775","°C","1016.000","hPa","35.9","pmil","0","55.690","deg","20.000","°C","100.000","%a.s.","22.400","deg","20.000","°C","962.000","hPa","0.861","-0.02617","0.00035","0","0","13.56","Humid","35.35","0","78.50","280003.05","SABD0002000014","AAV2.0.0.13","3.0.3.1703","PSt7-10","180509-002","9/13/2019 10:46:52 AM","0000-00","0","no battery","V"
"06/11/2023","12:05:08","9","default","547630319","OXY_CH9","69.175","min","208.394","μmol/L","Humid","20.650","deg","113220","µV","26.781","°C","1016.000","hPa","35.9","pmil","0","55.690","deg","20.000","°C","100.000","%a.s.","22.400","deg","20.000","°C","962.000","hPa","0.861","-0.02617","0.00035","0","0","13.56","Humid","35.35","0","78.50","280010.46","SABD0002000014","AAV2.0.0.13","3.0.3.1703","PSt7-10","180509-002","9/13/2019 10:46:52 AM","0000-00","0","no battery","V"
"06/11/2023","12:05:09","9","default","547630319","OXY_CH9","69.192","min","208.544","μmol/L","Humid","20.644","deg","113219","µV","26.775","°C","1016.000","hPa","35.9","pmil","0","55.690","deg","20.000","°C","100.000","%a.s.","22.400","deg","20.000","°C","962.000","hPa","0.861","-0.02617","0.00035","0","0","13.56","Humid","35.35","0","78.50","280018.13","SABD0002000014","AAV2.0.0.13","3.0.3.1703","PSt7-10","180509-002","9/13/2019 10:46:52 AM","0000-00","0","no battery","V"
"06/11/2023","12:05:10","9","default","547630319","OXY_CH9","69.208","min","208.562","μmol/L","Humid","20.641","deg","113208","µV","26.781","°C","1016.000","hPa","35.9","pmil","0","55.690","deg","20.000","°C","100.000","%a.s.","22.400","deg","20.000","°C","962.000","hPa","0.861","-0.02617","0.00035","0","0","13.56","Humid","35.35","0","78.50","280003.17","SABD0002000014","AAV2.0.0.13","3.0.3.1703","PSt7-10","180509-002","9/13/2019 10:46:52 AM","0000-00","0","no battery","V"
"06/11/2023","12:05:11","9","default","547630319","OXY_CH9","69.225","min","208.506","μmol/L","Humid","20.644","deg","113205","µV","26.781","°C","1016.000","hPa","35.9","pmil","0","55.690","deg","20.000","°C","100.000","%a.s.","22.400","deg","20.000","°C","962.000","hPa","0.861","-0.02617","0.00035","0","0","13.56","Humid","35.35","0","78.50","280019.12","SABD0002000014","AAV2.0.0.13","3.0.3.1703","PSt7-10","180509-002","9/13/2019 10:46:52 AM","0000-00","0","no battery","V"
"06/11/2023","12:05:12","9","default","547630319","OXY_CH9","69.242","min","208.524","μmol/L","Humid","20.641","deg","113190","µV","26.787","°C","1016.000","hPa","35.9","pmil","0","55.690","deg","20.000","°C","100.000","%a.s.","22.400","deg","20.000","°C","962.000","hPa","0.861","-0.02617","0.00035","0","0","13.56","Humid","35.35","0","78.50","280006.47","SABD0002000014","AAV2.0.0.13","3.0.3.1703","PSt7-10","180509-002","9/13/2019 10:46:52 AM","0000-00","0","no battery","V"
"06/11/2023","12:05:13","9","default","547630319","OXY_CH9","69.258","min","208.562","μmol/L","Humid","20.641","deg","113199","µV","26.781","°C","1016.000","hPa","35.9","pmil","0","55.690","deg","20.000","°C","100.000","%a.s.","22.400","deg","20.000","°C","962.000","hPa","0.861","-0.02617","0.00035","0","0","13.56","Humid","35.35","0","78.50","280014.58","SABD0002000014","AAV2.0.0.13","3.0.3.1703","PSt7-10","180509-002","9/13/2019 10:46:52 AM","0000-00","0","no battery","V"
"06/11/2023","12:05:14","9","default","547630319","OXY_CH9","69.275","min","208.581","μmol/L","Humid","20.640","deg","113182","µV","26.781","°C","1016.000","hPa","35.9","pmil","0","55.690","deg","20.000","°C","100.000","%a.s.","22.400","deg","20.000","°C","962.000","hPa","0.861","-0.02617","0.00035","0","0","13.56","Humid","35.35","0","78.50","280014.14","SABD0002000014","AAV2.0.0.13","3.0.3.1703","PSt7-10","180509-002","9/13/2019 10:46:52 AM","0000-00","0","no battery","V"
"06/11/2023","12:05:15","9","default","547630319","OXY_CH9","69.291","min","208.655","μmol/L","Humid","20.634","deg","113180","µV","26.787","°C","1016.000","hPa","35.9","pmil","0","55.690","deg","20.000","°C","100.000","%a.s.","22.400","deg","20.000","°C","962.000","hPa","0.861","-0.02617","0.00035","0","0","13.56","Humid","35.35","0","78.50","280021.04","SABD0002000014","AAV2.0.0.13","3.0.3.1703","PSt7-10","180509-002","9/13/2019 10:46:52 AM","0000-00","0","no battery","V"
"06/11/2023","12:05:16","9","default","547630319","OXY_CH9","69.308","min","208.599","μmol/L","Humid","20.639","deg","113175","µV","26.781","°C","1016.000","hPa","35.9","pmil","0","55.690","deg","20.000","°C","100.000","%a.s.","22.400","deg","20.000","°C","962.000","hPa","0.861","-0.02617","0.00035","0","0","13.56","Humid","35.35","0","78.50","280029.28","SABD0002000014","AAV2.0.0.13","3.0.3.1703","PSt7-10","180509-002","9/13/2019 10:46:52 AM","0000-00","0","no battery","V"
"06/11/2023","12:05:17","9","default","547630319","OXY_CH9","69.325","min","208.655","μmol/L","Humid","20.634","deg","113158","µV","26.787","°C","1016.000","hPa","35.9","pmil","0","55.690","deg","20.000","°C","100.000","%a.s.","22.400","deg","20.000","°C","962.000","hPa","0.861","-0.02617","0.00035","0","0","13.56","Humid","35.35","0","78.50","280026.36","SABD0002000014","AAV2.0.0.13","3.0.3.1703","PSt7-10","180509-002","9/13/2019 10:46:52 AM","0000-00","0","no battery","V"
"06/11/2023","12:05:18","9","default","547630319","OXY_CH9","69.341","min","208.655","μmol/L","Humid","20.634","deg","113161","µV","26.787","°C","1016.000","hPa","35.9","pmil","0","55.690","deg","20.000","°C","100.000","%a.s.","22.400","deg","20.000","°C","962.000","hPa","0.861","-0.02617","0.00035","0","0","13.56","Humid","35.35","0","78.50","280015.26","SABD0002000014","AAV2.0.0.13","3.0.3.1703","PSt7-10","180509-002","9/13/2019 10:46:52 AM","0000-00","0","no battery","V"
"06/11/2023","12:05:19","9","default","547630319","OXY_CH9","69.358","min","208.674","μmol/L","Humid","20.635","deg","113155","µV","26.781","°C","1016.000","hPa","35.9","pmil","0","55.690","deg","20.000","°C","100.000","%a.s.","22.400","deg","20.000","°C","962.000","hPa","0.861","-0.02617","0.00035","0","0","13.56","Humid","35.35","0","78.50","280015.08","SABD0002000014","AAV2.0.0.13","3.0.3.1703","PSt7-10","180509-002","9/13/2019 10:46:52 AM","0000-00","0","no battery","V"
"06/11/2023","12:05:20","9","default","547630319","OXY_CH9","69.375","min","208.730","μmol/L","Humid","20.632","deg","113154","µV","26.781","°C","1016.000","hPa","35.9","pmil","0","55.690","deg","20.000","°C","100.000","%a.s.","22.400","deg","20.000","°C","962.000","hPa","0.861","-0.02617","0.00035","0","0","13.56","Humid","35.35","0","78.50","280025.57","SABD0002000014","AAV2.0.0.13","3.0.3.1703","PSt7-10","180509-002","9/13/2019 10:46:52 AM","0000-00","0","no battery","V"
"06/11/2023","12:05:21","9","default","547630319","OXY_CH9","69.391","min","208.692","μmol/L","Humid","20.632","deg","113139","µV","26.787","°C","1016.000","hPa","35.9","pmil","0","55.690","deg","20.000","°C","100.000","%a.s.","22.400","deg","20.000","°C","962.000","hPa","0.861","-0.02617","0.00035","0","0","13.56","Humid","35.35","0","78.50","280016.50","SABD0002000014","AAV2.0.0.13","3.0.3.1703","PSt7-10","180509-002","9/13/2019 10:46:52 AM","0000-00","0","no battery","V"
"06/11/2023","12:05:22","9","default","547630319","OXY_CH9","69.408","min","208.767","μmol/L","Humid","20.630","deg","113130","µV","26.781","°C","1016.000","hPa","35.9","pmil","0","55.690","deg","20.000","°C","100.000","%a.s.","22.400","deg","20.000","°C","962.000","hPa","0.861","-0.02617","0.00035","0","0","13.56","Humid","35.35","0","78.50","280018.86","SABD0002000014","AAV2.0.0.13","3.0.3.1703","PSt7-10","180509-002","9/13/2019 10:46:52 AM","0000-00","0","no battery","V"
"06/11/2023","12:05:23","9","default","547630319","OXY_CH9","69.425","min","208.861","μmol/L","Humid","20.625","deg","113134","µV","26.781","°C","1016.000","hPa","35.9","pmil","0","55.690","deg","20.000","°C","100.000","%a.s.","22.400","deg","20.000","°C","962.000","hPa","0.861","-0.02617","0.00035","0","0","13.56","Humid","35.35","0","78.50","280031.14","SABD0002000014","AAV2.0.0.13","3.0.3.1703","PSt7-10","180509-002","9/13/2019 10:46:52 AM","0000-00","0","no battery","V"
"06/11/2023","12:05:24","9","default","547630319","OXY_CH9","69.441","min","208.824","μmol/L","Humid","20.629","deg","113120","µV","26.775","°C","1016.000","hPa","35.9","pmil","0","55.690","deg","20.000","°C","100.000","%a.s.","22.400","deg","20.000","°C","962.000","hPa","0.861","-0.02617","0.00035","0","0","13.56","Humid","35.35","0","78.50","280005.93","SABD0002000014","AAV2.0.0.13","3.0.3.1703","PSt7-10","180509-002","9/13/2019 10:46:52 AM","0000-00","0","no battery","V"
"06/11/2023","12:05:25","9","default","547630319","OXY_CH9","69.458","min","208.823","μmol/L","Humid","20.627","deg","113114","µV","26.781","°C","1016.000","hPa","35.9","pmil","0","55.690","deg","20.000","°C","100.000","%a.s.","22.400","deg","20.000","°C","962.000","hPa","0.861","-0.02617","0.00035","0","0","13.56","Humid","35.35","0","78.50","280010.30","SABD0002000014","AAV2.0.0.13","3.0.3.1703","PSt7-10","180509-002","9/13/2019 10:46:52 AM","0000-00","0","no battery","V"
"06/11/2023","12:05:26","9","default","547630319","OXY_CH9","69.475","min","208.823","μmol/L","Humid","20.627","deg","113104","µV","26.781","°C","1016.000","hPa","35.9","pmil","0","55.690","deg","20.000","°C","100.000","%a.s.","22.400","deg","20.000","°C","962.000","hPa","0.861","-0.02617","0.00035","0","0","13.56","Humid","35.35","0","78.50","280013.70","SABD0002000014","AAV2.0.0.13","3.0.3.1703","PSt7-10","180509-002","9/13/2019 10:46:52 AM","0000-00","0","no battery","V"
"06/11/2023","12:05:27","9","default","547630319","OXY_CH9","69.492","min","208.898","μmol/L","Humid","20.623","deg","113103","µV","26.781","°C","1016.000","hPa","35.9","pmil","0","55.690","deg","20.000","°C","100.000","%a.s.","22.400","deg","20.000","°C","962.000","hPa","0.861","-0.02617","0.00035","0","0","13.56","Humid","35.35","0","78.50","280024.76","SABD0002000014","AAV2.0.0.13","3.0.3.1703","PSt7-10","180509-002","9/13/2019 10:46:52 AM","0000-00","0","no battery","V"
"06/11/2023","12:05:28","9","default","547630319","OXY_CH9","69.508","min","208.841","μmol/L","Humid","20.624","deg","113096","µV","26.787","°C","1016.000","hPa","35.9","pmil","0","55.690","deg","20.000","°C","100.000","%a.s.","22.400","deg","20.000","°C","962.000","hPa","0.861","-0.02617","0.00035","0","0","13.56","Humid","35.35","0","78.50","280020.38","SABD0002000014","AAV2.0.0.13","3.0.3.1703","PSt7-10","180509-002","9/13/2019 10:46:52 AM","0000-00","0","no battery","V"
"06/11/2023","12:05:29","9","default","547630319","OXY_CH9","69.524","min","208.841","μmol/L","Humid","20.624","deg","113087","µV","26.787","°C","1016.000","hPa","35.9","pmil","0","55.690","deg","20.000","°C","100.000","%a.s.","22.400","deg","20.000","°C","962.000","hPa","0.861","-0.02617","0.00035","0","0","13.56","Humid","35.35","0","78.50","280013.60","SABD0002000014","AAV2.0.0.13","3.0.3.1703","PSt7-10","180509-002","9/13/2019 10:46:52 AM","0000-00","0","no battery","V"
"06/11/2023","12:05:30","9","default","547630319","OXY_CH9","69.542","min","208.898","μmol/L","Humid","20.623","deg","113084","µV","26.781","°C","1016.000","hPa","35.9","pmil","0","55.690","deg","20.000","°C","100.000","%a.s.","22.400","deg","20.000","°C","962.000","hPa","0.861","-0.02617","0.00035","0","0","13.56","Humid","35.35","0","78.50","280019.02","SABD0002000014","AAV2.0.0.13","3.0.3.1703","PSt7-10","180509-002","9/13/2019 10:46:52 AM","0000-00","0","no battery","V"
"06/11/2023","12:05:31","9","default","547630319","OXY_CH9","69.558","min","208.879","μmol/L","Humid","20.622","deg","113073","µV","26.787","°C","1016.000","hPa","35.9","pmil","0","55.690","deg","20.000","°C","100.000","%a.s.","22.400","deg","20.000","°C","962.000","hPa","0.861","-0.02617","0.00035","0","0","13.56","Humid","35.35","0","78.50","280008.42","SABD0002000014","AAV2.0.0.13","3.0.3.1703","PSt7-10","180509-002","9/13/2019 10:46:52 AM","0000-00","0","no battery","V"
"06/11/2023","12:05:32","9","default","547630319","OXY_CH9","69.575","min","208.973","μmol/L","Humid","20.621","deg","113073","µV","26.775","°C","1016.000","hPa","35.9","pmil","0","55.690","deg","20.000","°C","100.000","%a.s.","22.400","deg","20.000","°C","962.000","hPa","0.861","-0.02617","0.00035","0","0","13.56","Humid","35.35","0","78.50","280019.74","SABD0002000014","AAV2.0.0.13","3.0.3.1703","PSt7-10","180509-002","9/13/2019 10:46:52 AM","0000-00","0","no battery","V"
"06/11/2023","12:05:33","9","default","547630319","OXY_CH9","69.591","min","209.011","μmol/L","Humid","20.619","deg","113054","µV","26.775","°C","1016.000","hPa","35.9","pmil","0","55.690","deg","20.000","°C","100.000","%a.s.","22.400","deg","20.000","°C","962.000","hPa","0.861","-0.02617","0.00035","0","0","13.56","Humid","35.35","0","78.50","280017.30","SABD0002000014","AAV2.0.0.13","3.0.3.1703","PSt7-10","180509-002","9/13/2019 10:46:52 AM","0000-00","0","no battery","V"
"06/11/2023","12:05:34","9","default","547630319","OXY_CH9","69.608","min","208.953","μmol/L","Humid","20.618","deg","113059","µV","26.787","°C","1016.000","hPa","35.9","pmil","0","55.690","deg","20.000","°C","100.000","%a.s.","22.400","deg","20.000","°C","962.000","hPa","0.861","-0.02617","0.00035","0","0","13.56","Humid","35.35","0","78.50","280025.23","SABD0002000014","AAV2.0.0.13","3.0.3.1703","PSt7-10","180509-002","9/13/2019 10:46:52 AM","0000-00","0","no battery","V"
"06/11/2023","12:05:35","9","default","547630319","OXY_CH9","69.625","min","208.935","μmol/L","Humid","20.619","deg","113055","µV","26.787","°C","1016.000","hPa","35.9","pmil","0","55.690","deg","20.000","°C","100.000","%a.s.","22.400","deg","20.000","°C","962.000","hPa","0.861","-0.02617","0.00035","0","0","13.56","Humid","35.35","0","78.50","280026.53","SABD0002000014","AAV2.0.0.13","3.0.3.1703","PSt7-10","180509-002","9/13/2019 10:46:52 AM","0000-00","0","no battery","V"
"06/11/2023","12:05:36","9","default","547630319","OXY_CH9","69.641","min","209.085","μmol/L","Humid","20.615","deg","113045","µV","26.775","°C","1016.000","hPa","35.9","pmil","0","55.690","deg","20.000","°C","100.000","%a.s.","22.400","deg","20.000","°C","962.000","hPa","0.861","-0.02617","0.00035","0","0","13.56","Humid","35.35","0","78.50","280027.08","SABD0002000014","AAV2.0.0.13","3.0.3.1703","PSt7-10","180509-002","9/13/2019 10:46:52 AM","0000-00","0","no battery","V"
"06/11/2023","12:05:37","9","default","547630319","OXY_CH9","69.658","min","209.047","μmol/L","Humid","20.615","deg","113036","µV","26.781","°C","1016.000","hPa","35.9","pmil","0","55.690","deg","20.000","°C","100.000","%a.s.","22.400","deg","20.000","°C","962.000","hPa","0.861","-0.02617","0.00035","0","0","13.56","Humid","35.35","0","78.50","280023.02","SABD0002000014","AAV2.0.0.13","3.0.3.1703","PSt7-10","180509-002","9/13/2019 10:46:52 AM","0000-00","0","no battery","V"

"Date","Time","delta_t","Device_Serial","Channel","User","Annotation"
